0 0.445 0.26311111111111113 0.01325 0.014666666666666666
0 0.5825 0.28044444444444444 0.01175 0.016888888888888887
0 0.89075 0.6386666666666667 0.01375 0.014666666666666666
0 0.73525 0.308 0.00825 0.014666666666666666
0 0.41375 0.9768888888888889 0.00975 0.016888888888888887
0 0.54375 0.24222222222222223 0.01175 0.013333333333333334
0 0.9605 0.7782222222222223 0.011 0.014666666666666666
0 0.91325 0.8591111111111112 0.01025 0.012444444444444444
0 0.88475 0.26844444444444443 0.0125 0.017777777777777778
0 0.305 0.43555555555555553 0.0095 0.017777777777777778
0 0.348 0.28933333333333333 0.014 0.014666666666666666
0 0.529 0.06755555555555555 0.01025 0.013777777777777778
0 0.81725 0.06088888888888889 0.011 0.017777777777777778
0 0.8855 0.17244444444444446 0.01025 0.017777777777777778
0 0.554 0.9293333333333333 0.0085 0.016444444444444446
0 0.954 0.4231111111111111 0.009 0.016444444444444446
0 0.4925 0.8008888888888889 0.0085 0.012444444444444444
0 0.19425 0.8968888888888888 0.01125 0.013777777777777778
0 0.65125 0.24533333333333332 0.01025 0.013777777777777778
0 0.356 0.14222222222222222 0.013 0.013333333333333334
0 0.869 0.22444444444444445 0.009 0.016888888888888887
0 0.51125 0.3288888888888889 0.014 0.013333333333333334
0 0.46725 0.18888888888888888 0.00775 0.012444444444444444
0 0.881 0.3537777777777778 0.0105 0.013333333333333334
0 0.58525 0.4875555555555556 0.00975 0.016444444444444446
0 0.5735 0.1942222222222222 0.0125 0.013777777777777778
0 0.61725 0.09688888888888889 0.01175 0.015555555555555555
0 0.68575 0.1448888888888889 0.013 0.012444444444444444
0 0.215 0.28444444444444444 0.01125 0.016444444444444446
0 0.63575 0.32755555555555554 0.00975 0.016888888888888887
0 0.6675 0.372 0.01025 0.012444444444444444
0 0.68675 0.3342222222222222 0.01325 0.014666666666666666
0 0.6465 0.46266666666666667 0.0095 0.014666666666666666
0 0.481 0.204 0.00825 0.017777777777777778
0 0.5755 0.8755555555555555 0.0155 0.013333333333333334
0 0.712 0.47733333333333333 0.007 0.015555555555555555
0 0.5735 0.1471111111111111 0.0125 0.015555555555555555
0 0.684 0.6648888888888889 0.01025 0.020888888888888887
0 0.5445 0.5462222222222223 0.0095 0.02
0 0.848 0.7244444444444444 0.0085 0.017777777777777778
0 0.3715 0.5782222222222222 0.0125 0.013333333333333334
0 0.5065 0.47555555555555556 0.00825 0.013777777777777778
0 0.988 0.4017777777777778 0.011 0.013333333333333334
0 0.36375 0.484 0.009 0.021777777777777778
0 0.86 0.31466666666666665 0.00825 0.017777777777777778
0 0.951 0.23555555555555555 0.0105 0.018666666666666668
0 0.61575 0.9915555555555555 0.00575 0.013777777777777778
0 0.50675 0.02311111111111111 0.016 0.012444444444444444
0 0.23875 0.9173333333333333 0.0155 0.013333333333333334
0 0.82025 0.2564444444444444 0.011 0.013777777777777778
0 0.719 0.7306666666666667 0.013 0.013333333333333334
0 0.1595 0.9875555555555555 0.01475 0.015555555555555555
0 0.12775 0.4026666666666667 0.01325 0.016888888888888887
0 0.70725 0.4262222222222222 0.012 0.014666666666666666
0 0.3085 0.5337777777777778 0.01175 0.018666666666666668
0 0.74525 0.6066666666666667 0.00625 0.02711111111111111
0 0.74 0.19555555555555557 0.009 0.013333333333333334
0 0.65025 0.9795555555555555 0.00975 0.020888888888888887
0 0.128 0.013333333333333334 0.012 0.026222222222222223
0 0.6845 0.4431111111111111 0.0095 0.010666666666666666
0 0.87475 0.14622222222222223 0.009 0.02
0 0.134 0.8551111111111112 0.01175 0.013777777777777778
0 0.3535 0.22844444444444445 0.0095 0.016888888888888887
0 0.6205 0.7235555555555555 0.00675 0.015555555555555555
0 0.0555 0.36444444444444446 0.0125 0.017777777777777778
0 0.23 0.6497777777777778 0.0085 0.013777777777777778
0 0.59225 0.5764444444444444 0.00775 0.018666666666666668
0 0.36925 0.42577777777777776 0.00675 0.014666666666666666
0 0.98675 0.7062222222222222 0.0085 0.017777777777777778
0 0.336 0.04577777777777778 0.007 0.024888888888888887
0 0.90525 0.632 0.009 0.012444444444444444
0 0.33625 0.37422222222222223 0.00825 0.016888888888888887
0 0.527 0.035111111111111114 0.01025 0.017777777777777778
0 0.31125 0.3751111111111111 0.007 0.013333333333333334
0 0.6405 0.7755555555555556 0.0125 0.018666666666666668
0 0.972 0.6555555555555556 0.01325 0.013333333333333334
0 0.60325 0.8448888888888889 0.0145 0.011555555555555555
0 0.5175 0.6573333333333333 0.00675 0.02666666666666667
0 0.45575 0.041777777777777775 0.0095 0.012444444444444444
0 0.1005 0.4062222222222222 0.01325 0.013333333333333334
0 0.5345 0.5226666666666666 0.00825 0.016888888888888887
0 0.819 0.21822222222222223 0.012 0.013777777777777778
0 0.461 0.9804444444444445 0.0115 0.02666666666666667
0 0.46625 0.9826666666666667 0.011 0.022222222222222223
0 0.43975 0.09822222222222222 0.009 0.02
0 0.594 0.3417777777777778 0.00825 0.015555555555555555
0 0.50875 0.8888888888888888 0.00975 0.028444444444444446
0 0.3005 0.6377777777777778 0.0125 0.011555555555555555
0 0.90525 0.4031111111111111 0.00825 0.017777777777777778
0 0.7045 0.5871111111111111 0.00825 0.02
0 0.2135 0.04044444444444444 0.00675 0.018666666666666668
0 0.757 0.7986666666666666 0.0095 0.021777777777777778
0 0.8055 0.5906666666666667 0.0125 0.017777777777777778
0 0.398 0.3373333333333333 0.00625 0.017777777777777778
0 0.95025 0.4697777777777778 0.01125 0.019555555555555555
0 0.9555 0.22533333333333333 0.01175 0.012444444444444444
0 0.74825 0.06933333333333333 0.0105 0.014666666666666666
0 0.246 0.12311111111111112 0.0095 0.013777777777777778
0 0.46625 0.2871111111111111 0.0105 0.011555555555555555
0 0.72275 0.13866666666666666 0.00675 0.016888888888888887
0 0.77925 0.6573333333333333 0.011 0.020888888888888887
0 0.72 0.9302222222222222 0.00675 0.02
0 0.929 0.39911111111111114 0.012 0.013777777777777778
0 0.4505 0.48044444444444445 0.007 0.019555555555555555
0 0.155 0.8857777777777778 0.0145 0.010222222222222223
0 0.3095 0.3586666666666667 0.00625 0.016888888888888887
0 0.4895 0.7022222222222222 0.00625 0.014666666666666666
0 0.60825 0.7484444444444445 0.01475 0.015555555555555555
0 0.34775 0.7444444444444445 0.0095 0.018666666666666668
0 0.80225 0.7755555555555556 0.009 0.019555555555555555
0 0.41075 0.7786666666666666 0.00675 0.015555555555555555
0 0.512 0.21688888888888888 0.00775 0.015555555555555555
0 0.76375 0.2831111111111111 0.0105 0.011555555555555555
0 0.8365 0.2031111111111111 0.00825 0.019555555555555555
0 0.91175 0.5648888888888889 0.00775 0.015555555555555555
0 0.727 0.26755555555555555 0.007 0.014666666666666666
0 0.4365 0.5111111111111111 0.0105 0.013777777777777778
0 0.14225 0.6542222222222223 0.01025 0.017777777777777778
0 0.68725 0.48933333333333334 0.009 0.020888888888888887
0 0.44 0.4191111111111111 0.00825 0.02
0 0.28025 0.025777777777777778 0.0105 0.013333333333333334
0 0.4745 0.9831111111111112 0.00625 0.010666666666666666
0 0.4325 0.9742222222222222 0.01125 0.013777777777777778
0 0.54525 0.6311111111111111 0.007 0.016888888888888887
0 0.58125 0.12977777777777777 0.0085 0.019555555555555555
0 0.38525 0.1817777777777778 0.00625 0.02711111111111111
0 0.3435 0.22755555555555557 0.00975 0.02
0 0.70675 0.9084444444444445 0.0075 0.016888888888888887
0 0.9405 0.516 0.007 0.010666666666666666
0 0.39425 0.2817777777777778 0.014 0.014666666666666666
0 0.215 0.21022222222222223 0.00825 0.020888888888888887
0 0.263 0.724 0.0075 0.016444444444444446
0 0.4755 0.11511111111111111 0.0085 0.020888888888888887
0 0.91225 0.4737777777777778 0.009 0.013333333333333334
0 0.12275 0.5431111111111111 0.01325 0.015555555555555555
0 0.10375 0.8497777777777777 0.00975 0.016888888888888887
0 0.71425 0.41733333333333333 0.00825 0.02311111111111111
0 0.47075 0.7666666666666667 0.00775 0.016444444444444446
0 0.791 0.9328888888888889 0.00775 0.029777777777777778
0 0.012 0.6586666666666666 0.01125 0.019555555555555555
0 0.371 0.37066666666666664 0.00825 0.019555555555555555
0 0.84275 0.5591111111111111 0.00825 0.021777777777777778
0 0.6225 0.41733333333333333 0.012 0.011555555555555555
0 0.68475 0.2786666666666667 0.007 0.017777777777777778
0 0.1895 0.37955555555555553 0.00775 0.018666666666666668
0 0.41925 0.38622222222222224 0.007 0.019555555555555555
0 0.37725 0.6751111111111111 0.00975 0.017777777777777778
0 0.965 0.27244444444444443 0.00825 0.013777777777777778
0 0.4655 0.16622222222222222 0.01025 0.020444444444444446
0 0.472 0.17244444444444446 0.009 0.014666666666666666
0 0.80875 0.5728888888888889 0.00825 0.019555555555555555
0 0.44775 0.4053333333333333 0.00775 0.016888888888888887
0 0.17975 0.39955555555555555 0.01 0.027555555555555555
0 0.1735 0.7128888888888889 0.00925 0.028888888888888888
0 0.37125 0.9946666666666667 0.01375 0.010666666666666666
0 0.197 0.7248888888888889 0.012 0.012444444444444444
0 0.4505 0.03822222222222222 0.00775 0.02711111111111111
0 0.5085 0.010666666666666666 0.007 0.014666666666666666
0 0.30825 0.4742222222222222 0.00775 0.017777777777777778
0 0.276 0.6017777777777777 0.00975 0.018666666666666668
0 0.3325 0.49333333333333335 0.00975 0.015555555555555555
0 0.42575 0.3191111111111111 0.00625 0.016888888888888887
0 0.9815 0.676 0.009 0.017777777777777778
0 0.8485 0.3982222222222222 0.008 0.024444444444444446
0 0.73825 0.7768888888888889 0.008 0.025333333333333333
0 0.78575 0.10488888888888889 0.009 0.019555555555555555
0 0.626 0.49777777777777776 0.009 0.02266666666666667
0 0.35825 0.6431111111111111 0.007 0.012444444444444444
0 0.173 0.3768888888888889 0.00775 0.016444444444444446
0 0.99425 0.8782222222222222 0.009 0.013777777777777778
0 0.563 0.9008888888888889 0.013 0.013777777777777778
0 0.35575 0.9177777777777778 0.011 0.012444444444444444
0 0.378 0.8124444444444444 0.01025 0.016888888888888887
0 0.95775 0.7644444444444445 0.00625 0.012444444444444444
0 0.92875 0.8782222222222222 0.0075 0.015555555555555555
0 0.37525 0.5982222222222222 0.0075 0.019555555555555555
0 0.88025 0.9355555555555556 0.0075 0.016888888888888887
0 0.9065 0.9906666666666667 0.00825 0.016888888888888887
0 0.759 0.5831111111111111 0.00775 0.03244444444444444
0 0.64325 0.5693333333333334 0.01125 0.015555555555555555
0 0.70325 0.9764444444444444 0.01075 0.024
0 0.35325 0.25066666666666665 0.00725 0.025777777777777778
0 0.33625 0.3595555555555556 0.0075 0.013777777777777778
0 0.384 0.8324444444444444 0.0085 0.016444444444444446
0 0.49575 0.8124444444444444 0.00625 0.012444444444444444
0 0.93575 0.992 0.0095 0.016
0 0.136 0.936 0.0095 0.014666666666666666
0 0.6735 0.7093333333333334 0.0095 0.021777777777777778
0 0.62175 0.1391111111111111 0.006 0.02666666666666667
0 0.623 0.12 0.00775 0.02
0 0.944 0.4568888888888889 0.0075 0.013777777777777778
0 0.73125 0.41955555555555557 0.007 0.032
0 0.5205 0.2862222222222222 0.0085 0.024
0 0.27725 0.5857777777777777 0.0075 0.016444444444444446
0 0.9105 0.33866666666666667 0.007 0.020888888888888887
0 0.3465 0.6084444444444445 0.00625 0.017777777777777778
0 0.4085 0.7648888888888888 0.00625 0.013333333333333334
0 0.645 0.31422222222222224 0.01025 0.010222222222222223
0 0.53175 0.45866666666666667 0.00675 0.018666666666666668
0 0.89875 0.5066666666666667 0.0085 0.021777777777777778
0 0.7835 0.09555555555555556 0.00675 0.017777777777777778
0 0.89275 0.09377777777777778 0.00625 0.028444444444444446
0 0.90025 0.08533333333333333 0.007 0.024
0 0.02925 0.19644444444444445 0.007 0.029777777777777778
0 0.9755 0.5435555555555556 0.00775 0.017777777777777778
0 0.47975 0.6986666666666667 0.011 0.021777777777777778
0 0.41275 0.7933333333333333 0.0075 0.015555555555555555
0 0.06525 0.35688888888888887 0.0095 0.020888888888888887
0 0.529 0.23822222222222222 0.0105 0.010222222222222223
0 0.92175 0.948 0.00675 0.016888888888888887
0 0.76 0.7355555555555555 0.0075 0.020888888888888887
0 0.97075 0.5302222222222223 0.00775 0.019555555555555555
0 0.64225 0.17644444444444443 0.011 0.012444444444444444
0 0.1465 0.8444444444444444 0.0125 0.010666666666666666
0 0.94225 0.2608888888888889 0.007 0.016888888888888887
0 0.38075 0.5968888888888889 0.0075 0.020888888888888887
0 0.40725 0.6888888888888889 0.00775 0.030666666666666665
0 0.1675 0.7542222222222222 0.00975 0.016444444444444446
0 0.057 0.5968888888888889 0.00775 0.019555555555555555
0 0.31475 0.23777777777777778 0.00675 0.02
0 0.899 0.88 0.0075 0.018666666666666668
0 0.313 0.6711111111111111 0.00825 0.019555555555555555
0 0.956 0.276 0.00825 0.016444444444444446
0 0.488 0.7791111111111111 0.009 0.026222222222222223
0 0.64425 0.36133333333333334 0.00625 0.02266666666666667
0 0.1265 0.21422222222222223 0.01 0.026222222222222223
0 0.7335 0.23955555555555555 0.00775 0.02266666666666667
0 0.52225 0.22666666666666666 0.006 0.017777777777777778
0 0.1385 0.31022222222222223 0.01125 0.014666666666666666
0 0.68475 0.10844444444444444 0.0075 0.029333333333333333
0 0.5415 0.5755555555555556 0.0085 0.027555555555555555
0 0.20325 0.6697777777777778 0.0065 0.028444444444444446
0 0.984 0.26311111111111113 0.007 0.020888888888888887
0 0.4995 0.6111111111111112 0.00825 0.018666666666666668
0 0.46325 0.08133333333333333 0.0085 0.028
0 0.59525 0.6866666666666666 0.0085 0.030666666666666665
0 0.77275 0.7497777777777778 0.01475 0.012444444444444444
0 0.005 0.2528888888888889 0.00875 0.026222222222222223
0 0.017 0.27111111111111114 0.01075 0.03155555555555556
0 0.328 0.6182222222222222 0.01025 0.019555555555555555
0 0.468 0.804 0.008 0.026222222222222223
0 0.5345 0.6133333333333333 0.011 0.021777777777777778
0 0.997 0.3631111111111111 0.00575 0.026222222222222223
0 0.97875 0.7542222222222222 0.01025 0.016
0 0.53025 0.6524444444444445 0.00575 0.027555555555555555
0 0.24975 0.8968888888888888 0.00975 0.03688888888888889
0 0.18925 0.5573333333333333 0.0125 0.026222222222222223
0 0.95825 0.26 0.007 0.016888888888888887
0 0.03475 0.6506666666666666 0.0165 0.021777777777777778
0 0.09025 0.9688888888888889 0.01175 0.026222222222222223
0 0.311 0.5466666666666666 0.0125 0.018666666666666668
0 0.4215 0.6817777777777778 0.01025 0.018666666666666668
0 0.622 0.5164444444444445 0.0125 0.02
0 0.9195 0.4351111111111111 0.011 0.028
0 0.96325 0.6644444444444444 0.0125 0.018666666666666668