0 0.37 0.5087837837837837 0.009666666666666667 0.014864864864864866
0 0.25266666666666665 0.3108108108108108 0.014 0.01418918918918919
0 0.7423333333333333 0.45472972972972975 0.01633333333333333 0.01418918918918919
0 0.5243333333333333 0.30675675675675673 0.01 0.016891891891891893
0 0.24266666666666667 0.42905405405405406 0.012 0.012837837837837839
0 0.6463333333333333 0.5831081081081081 0.011 0.012162162162162163
0 0.4643333333333333 0.30743243243243246 0.014333333333333333 0.015540540540540541
0 0.05433333333333333 0.17702702702702702 0.016 0.012837837837837839
0 0.3273333333333333 0.7148648648648649 0.01 0.012162162162162163
0 0.21 0.675 0.013 0.01418918918918919
0 0.7326666666666667 0.5891891891891892 0.010666666666666666 0.01418918918918919
0 0.2866666666666667 0.5756756756756757 0.009333333333333334 0.016216216216216217
0 0.8406666666666667 0.981081081081081 0.011 0.01418918918918919
0 0.6926666666666667 0.6155405405405405 0.011333333333333334 0.014864864864864866
0 0.5993333333333334 0.3141891891891892 0.009333333333333334 0.015540540540540541
0 0.248 0.19324324324324324 0.012666666666666666 0.014864864864864866
0 0.471 0.16554054054054054 0.009666666666666667 0.016891891891891893
0 0.235 0.5858108108108108 0.009666666666666667 0.016216216216216217
0 0.7313333333333333 0.5331081081081082 0.011333333333333334 0.016891891891891893
0 0.114 0.07635135135135135 0.011 0.014864864864864866
0 0.609 0.9648648648648649 0.011666666666666667 0.015540540540540541
0 0.24233333333333335 0.22027027027027027 0.009 0.016891891891891893
0 0.5403333333333333 0.3527027027027027 0.012666666666666666 0.01418918918918919
0 0.753 0.23513513513513515 0.009 0.020945945945945947
0 0.4053333333333333 0.3635135135135135 0.012 0.015540540540540541
0 0.49533333333333335 0.9594594594594594 0.010333333333333333 0.01418918918918919
0 0.519 0.9621621621621622 0.01 0.015540540540540541
0 0.7373333333333333 0.7797297297297298 0.008666666666666666 0.016216216216216217
0 0.18333333333333332 0.01891891891891892 0.006666666666666667 0.015540540540540541
0 0.9163333333333333 0.7263513513513513 0.009 0.01418918918918919
0 0.381 0.5418918918918919 0.011666666666666667 0.012162162162162163
0 0.8943333333333333 0.9824324324324324 0.009 0.012162162162162163
0 0.7403333333333333 0.8959459459459459 0.011 0.016216216216216217
0 0.6163333333333333 0.6608108108108108 0.013 0.01418918918918919
0 0.2693333333333333 0.16013513513513514 0.008333333333333333 0.016216216216216217
0 0.2846666666666667 0.030405405405405407 0.009666666666666667 0.01756756756756757
0 0.4266666666666667 0.9675675675675676 0.009 0.012162162162162163
0 0.37066666666666664 0.40540540540540543 0.009666666666666667 0.012837837837837839
0 0.4083333333333333 0.6337837837837837 0.009333333333333334 0.015540540540540541
0 0.6586666666666666 0.2695945945945946 0.015333333333333332 0.01418918918918919
0 0.26666666666666666 0.20810810810810812 0.012 0.01891891891891892
0 0.487 0.6925675675675675 0.008666666666666666 0.020945945945945947
0 0.7373333333333333 0.9087837837837838 0.012 0.010810810810810811
0 0.9063333333333333 0.04594594594594595 0.009333333333333334 0.0222972972972973
0 0.911 0.007432432432432433 0.01 0.014864864864864866
0 0.07233333333333333 0.35405405405405405 0.008666666666666666 0.01756756756756757
0 0.056 0.7662162162162162 0.014 0.015540540540540541
0 0.539 0.0918918918918919 0.012666666666666666 0.016891891891891893
0 0.6923333333333334 0.375 0.006666666666666667 0.016891891891891893
0 0.556 0.7668918918918919 0.008333333333333333 0.016891891891891893
0 0.578 0.7128378378378378 0.011333333333333334 0.016891891891891893
0 0.27566666666666667 0.722972972972973 0.013333333333333334 0.012162162162162163
0 0.583 0.24864864864864866 0.011333333333333334 0.01891891891891892
0 0.6323333333333333 0.7560810810810811 0.014 0.015540540540540541
0 0.38366666666666666 0.25 0.013 0.02702702702702703
0 0.38466666666666666 0.779054054054054 0.011666666666666667 0.010810810810810811
0 0.26566666666666666 0.5121621621621621 0.010666666666666666 0.012162162162162163
0 0.577 0.6027027027027027 0.010666666666666666 0.01756756756756757
0 0.9873333333333333 0.24121621621621622 0.011666666666666667 0.01891891891891892
0 0.8926666666666667 0.8608108108108108 0.010666666666666666 0.012162162162162163
0 0.69 0.8837837837837837 0.010666666666666666 0.015540540540540541
0 0.07066666666666667 0.12905405405405404 0.006666666666666667 0.019594594594594596
0 0.07666666666666666 0.13716216216216215 0.009 0.012837837837837839
0 0.7156666666666667 0.41216216216216217 0.011333333333333334 0.019594594594594596
0 0.6846666666666666 0.9182432432432432 0.009666666666666667 0.01756756756756757
0 0.131 0.7783783783783784 0.01 0.016891891891891893
0 0.05566666666666667 0.3547297297297297 0.009 0.01418918918918919
0 0.049 0.8168918918918919 0.009666666666666667 0.020945945945945947
0 0.6043333333333333 0.03175675675675676 0.011333333333333334 0.012162162162162163
0 0.4836666666666667 0.25135135135135134 0.011 0.021621621621621623
0 0.30033333333333334 0.7533783783783784 0.013333333333333334 0.010810810810810811
0 0.173 0.17162162162162162 0.014 0.012837837837837839
0 0.857 0.904054054054054 0.007333333333333333 0.016216216216216217
0 0.4036666666666667 0.15 0.011666666666666667 0.012837837837837839
0 0.404 0.11824324324324324 0.011333333333333334 0.014864864864864866
0 0.9736666666666667 0.17905405405405406 0.006666666666666667 0.02027027027027027
0 0.9713333333333334 0.16216216216216217 0.009 0.016216216216216217
0 0.3416666666666667 0.6398648648648648 0.008666666666666666 0.012162162162162163
0 0.657 0.7925675675675675 0.015333333333333332 0.012837837837837839
0 0.42 0.297972972972973 0.015 0.012837837837837839
0 0.7833333333333333 0.02702702702702703 0.010666666666666666 0.012162162162162163
0 0.8163333333333334 0.2608108108108108 0.011666666666666667 0.012837837837837839
0 0.16766666666666666 0.5560810810810811 0.009666666666666667 0.012162162162162163
0 0.288 0.8770270270270271 0.008666666666666666 0.016891891891891893
0 0.813 0.47364864864864864 0.006333333333333333 0.02972972972972973
0 0.8373333333333334 0.4560810810810811 0.008666666666666666 0.01891891891891892
0 0.301 0.37432432432432433 0.009666666666666667 0.015540540540540541
0 0.7616666666666667 0.13783783783783785 0.011 0.01418918918918919
0 0.129 0.4277027027027027 0.011666666666666667 0.01891891891891892
0 0.8916666666666667 0.4668918918918919 0.009333333333333334 0.016891891891891893
0 0.6893333333333334 0.6662162162162162 0.009333333333333334 0.011486486486486487
0 0.805 0.0445945945945946 0.01 0.016216216216216217
0 0.859 0.9614864864864865 0.013333333333333334 0.012837837837837839
0 0.18966666666666668 0.26013513513513514 0.010666666666666666 0.012162162162162163
0 0.5813333333333334 0.831081081081081 0.008333333333333333 0.020945945945945947
0 0.6316666666666667 0.3655405405405405 0.011666666666666667 0.013513513513513514
0 0.6573333333333333 0.3398648648648649 0.009 0.01756756756756757
0 0.923 0.2925675675675676 0.005666666666666667 0.02027027027027027
0 0.9456666666666667 0.30202702702702705 0.012333333333333333 0.0222972972972973
0 0.209 0.8878378378378379 0.015666666666666666 0.011486486486486487
0 0.252 0.8337837837837838 0.013333333333333334 0.012162162162162163
0 0.31866666666666665 0.1891891891891892 0.007666666666666666 0.02837837837837838
0 0.935 0.4871621621621622 0.007333333333333333 0.01891891891891892
0 0.7476666666666667 0.18986486486486487 0.011666666666666667 0.014864864864864866
0 0.03833333333333333 0.16283783783783784 0.009 0.01756756756756757
0 0.847 0.5081081081081081 0.013 0.01891891891891892
0 0.05633333333333333 0.5358108108108108 0.01 0.016216216216216217
0 0.5133333333333333 0.24797297297297297 0.01 0.01418918918918919
0 0.2946666666666667 0.7675675675675676 0.008666666666666666 0.01891891891891892
0 0.337 0.9736486486486486 0.006 0.02364864864864865
0 0.357 0.9655405405405405 0.007666666666666666 0.012837837837837839
0 0.9446666666666667 0.11554054054054054 0.007666666666666666 0.015540540540540541
0 0.31666666666666665 0.5777027027027027 0.006666666666666667 0.01891891891891892
0 0.9813333333333333 0.7662162162162162 0.012 0.012162162162162163
0 0.6193333333333333 0.4195945945945946 0.009 0.02027027027027027
0 0.7533333333333333 0.777027027027027 0.009 0.019594594594594596
0 0.634 0.6560810810810811 0.013 0.018243243243243244
0 0.4693333333333333 0.4837837837837838 0.007333333333333333 0.016891891891891893
0 0.3433333333333333 0.925 0.01 0.011486486486486487
0 0.993 0.9175675675675675 0.007666666666666666 0.029054054054054056
0 0.05333333333333334 0.5641891891891891 0.012 0.016891891891891893
0 0.8636666666666667 0.7554054054054054 0.007666666666666666 0.02027027027027027
0 0.823 0.14391891891891892 0.007 0.02027027027027027
0 0.8413333333333334 0.13851351351351351 0.009333333333333334 0.02027027027027027
0 0.8376666666666667 0.11554054054054054 0.009666666666666667 0.016216216216216217
0 0.097 0.9459459459459459 0.008333333333333333 0.02364864864864865
0 0.9763333333333334 0.6547297297297298 0.010666666666666666 0.016216216216216217
0 0.2786666666666667 0.5878378378378378 0.007333333333333333 0.01891891891891892
0 0.44366666666666665 0.7128378378378378 0.007333333333333333 0.01756756756756757
0 0.41533333333333333 0.09256756756756757 0.005666666666666667 0.02364864864864865
0 0.43466666666666665 0.07364864864864865 0.013 0.014864864864864866
0 0.628 0.9216216216216216 0.008333333333333333 0.01418918918918919
0 0.6753333333333333 0.18445945945945946 0.011 0.01418918918918919
0 0.7146666666666667 0.6851351351351351 0.008333333333333333 0.020945945945945947
0 0.17766666666666667 0.5628378378378378 0.007333333333333333 0.01418918918918919
0 0.6663333333333333 0.8587837837837838 0.01 0.012837837837837839
0 0.2653333333333333 0.4209459459459459 0.006333333333333333 0.01756756756756757
0 0.215 0.7695945945945946 0.008666666666666666 0.01756756756756757
0 0.43233333333333335 0.6351351351351351 0.008333333333333333 0.016891891891891893
0 0.057666666666666665 0.24324324324324326 0.007666666666666666 0.02027027027027027
0 0.5063333333333333 0.9912162162162163 0.01633333333333333 0.012837837837837839
0 0.4483333333333333 0.3945945945945946 0.009333333333333334 0.0222972972972973
0 0.634 0.7263513513513513 0.006333333333333333 0.01891891891891892
0 0.464 0.9432432432432433 0.013666666666666667 0.012162162162162163
0 0.011666666666666667 0.3554054054054054 0.011666666666666667 0.02027027027027027
0 0.923 0.275 0.007666666666666666 0.016891891891891893
0 0.9266666666666666 0.4412162162162162 0.011333333333333334 0.0222972972972973
0 0.927 0.4175675675675676 0.01 0.012162162162162163
0 0.8703333333333333 0.297972972972973 0.01 0.016891891891891893
0 0.052333333333333336 0.22027027027027027 0.011 0.010810810810810811
0 0.566 0.5560810810810811 0.007666666666666666 0.01756756756756757
0 0.5596666666666666 0.5506756756756757 0.009 0.014864864864864866
0 0.5176666666666667 0.9297297297297298 0.008 0.018243243243243244
0 0.5246666666666666 0.9168918918918919 0.009333333333333334 0.024324324324324326
0 0.557 0.8966216216216216 0.011333333333333334 0.01756756756756757
0 0.10466666666666667 0.3695945945945946 0.008666666666666666 0.01756756756756757
0 0.9 0.847972972972973 0.011 0.01891891891891892
0 0.9333333333333333 0.8682432432432432 0.01 0.01891891891891892
0 0.21933333333333332 0.04054054054054054 0.008333333333333333 0.019594594594594596
0 0.43833333333333335 0.581081081081081 0.007333333333333333 0.019594594594594596
0 0.9273333333333333 0.8081081081081081 0.008666666666666666 0.015540540540540541
0 0.14366666666666666 0.22027027027027027 0.009666666666666667 0.012837837837837839
0 0.46166666666666667 0.5668918918918919 0.008333333333333333 0.020945945945945947
0 0.7836666666666666 0.3033783783783784 0.013 0.012162162162162163
0 0.8036666666666666 0.2885135135135135 0.011666666666666667 0.014864864864864866
0 0.6893333333333334 0.0222972972972973 0.009666666666666667 0.012837837837837839
0 0.7036666666666667 0.02702702702702703 0.008666666666666666 0.021621621621621623
0 0.6993333333333334 0.6864864864864865 0.009 0.016891891891891893
0 0.25166666666666665 0.2628378378378378 0.009 0.016891891891891893
0 0.15766666666666668 0.16756756756756758 0.007666666666666666 0.02027027027027027
0 0.9033333333333333 0.38175675675675674 0.007333333333333333 0.026351351351351353
0 0.49666666666666665 0.3547297297297297 0.009666666666666667 0.026351351351351353
0 0.5173333333333333 0.33918918918918917 0.007 0.016216216216216217
0 0.076 0.16013513513513514 0.009 0.020945945945945947
0 0.8833333333333333 0.522972972972973 0.005666666666666667 0.024324324324324326
0 0.8876666666666667 0.5128378378378379 0.009333333333333334 0.013513513513513514
0 0.8956666666666667 0.5128378378378379 0.008333333333333333 0.01756756756756757
0 0.18866666666666668 0.7898648648648648 0.007333333333333333 0.02364864864864865
0 0.19366666666666665 0.797972972972973 0.006666666666666667 0.01891891891891892
0 0.08833333333333333 0.7256756756756757 0.007666666666666666 0.02364864864864865
0 0.7903333333333333 0.8202702702702702 0.008333333333333333 0.016891891891891893
0 0.731 0.07364864864864865 0.009 0.022972972972972974
0 0.5606666666666666 0.8263513513513514 0.007666666666666666 0.015540540540540541
0 0.15733333333333333 0.48445945945945945 0.008333333333333333 0.025675675675675677
0 0.3433333333333333 0.3662162162162162 0.007666666666666666 0.02027027027027027
0 0.41533333333333333 0.06756756756756757 0.006666666666666667 0.01756756756756757
0 0.424 0.02972972972972973 0.006666666666666667 0.019594594594594596
0 0.571 0.37432432432432433 0.008666666666666666 0.021621621621621623
0 0.689 0.33175675675675675 0.008333333333333333 0.022972972972972974
0 0.5233333333333333 0.8351351351351352 0.009333333333333334 0.027702702702702704
0 0.958 0.3358108108108108 0.013 0.012837837837837839
0 0.9633333333333334 0.970945945945946 0.006 0.01891891891891892
0 0.9703333333333334 0.9682432432432433 0.007666666666666666 0.016891891891891893
0 0.7826666666666666 0.10472972972972973 0.006333333333333333 0.032432432432432434
0 0.8106666666666666 0.05405405405405406 0.015333333333333332 0.014864864864864866
0 0.5883333333333334 0.7047297297297297 0.012 0.01756756756756757
0 0.3313333333333333 0.09527027027027027 0.011666666666666667 0.012162162162162163
0 0.7596666666666667 0.9682432432432433 0.009666666666666667 0.021621621621621623
0 0.08533333333333333 0.9236486486486486 0.009333333333333334 0.024324324324324326
0 0.03666666666666667 0.12635135135135134 0.006 0.026351351351351353
0 0.015666666666666666 0.06891891891891892 0.006666666666666667 0.031081081081081083
0 0.09233333333333334 0.075 0.005666666666666667 0.026351351351351353
0 0.209 0.1891891891891892 0.014666666666666666 0.022972972972972974
0 0.18566666666666667 0.3162162162162162 0.011666666666666667 0.00945945945945946
0 0.106 0.31351351351351353 0.012333333333333333 0.012162162162162163
0 0.23933333333333334 0.5128378378378379 0.006 0.0222972972972973
0 0.30466666666666664 0.46418918918918917 0.005333333333333333 0.01756756756756757
0 0.3233333333333333 0.6222972972972973 0.006333333333333333 0.02027027027027027
0 0.253 0.8783783783783784 0.006 0.02027027027027027
0 0.338 0.8912162162162162 0.008333333333333333 0.02364864864864865
0 0.30733333333333335 0.7925675675675675 0.011666666666666667 0.012837837837837839
0 0.07633333333333334 0.6459459459459459 0.005333333333333333 0.018243243243243244
0 0.034666666666666665 0.643918918918919 0.012333333333333333 0.012162162162162163
0 0.144 0.7716216216216216 0.011666666666666667 0.013513513513513514
0 0.088 0.7027027027027027 0.01 0.016891891891891893
0 0.09866666666666667 0.7040540540540541 0.009666666666666667 0.012837837837837839
0 0.01633333333333333 0.2864864864864865 0.007666666666666666 0.02702702702702703
0 0.14833333333333334 0.23581081081081082 0.007666666666666666 0.021621621621621623
0 0.15266666666666667 0.21486486486486486 0.005666666666666667 0.01756756756756757
0 0.377 0.10472972972972973 0.008 0.024324324324324326
0 0.31566666666666665 0.44391891891891894 0.01 0.012162162162162163
0 0.3413333333333333 0.43648648648648647 0.005666666666666667 0.0222972972972973
0 0.5093333333333333 0.40135135135135136 0.012 0.02364864864864865
0 0.5746666666666667 0.3689189189189189 0.006666666666666667 0.0222972972972973
0 0.5806666666666667 0.372972972972973 0.006666666666666667 0.02364864864864865
0 0.519 0.2831081081081081 0.006333333333333333 0.022972972972972974
0 0.5273333333333333 0.28243243243243243 0.007 0.02027027027027027
0 0.5216666666666666 0.2581081081081081 0.006666666666666667 0.026351351351351353
0 0.5456666666666666 0.21283783783783783 0.005666666666666667 0.027702702702702704
0 0.578 0.13851351351351351 0.005666666666666667 0.026351351351351353
0 0.5293333333333333 0.007432432432432433 0.006333333333333333 0.01418918918918919
0 0.44133333333333336 0.27837837837837837 0.009333333333333334 0.024324324324324326
0 0.431 0.11891891891891893 0.009333333333333334 0.020945945945945947
0 0.394 0.20405405405405405 0.01 0.015540540540540541
0 0.499 0.5891891891891892 0.011666666666666667 0.026351351351351353
0 0.5763333333333334 0.9047297297297298 0.005333333333333333 0.022972972972972974
0 0.48966666666666664 0.9635135135135136 0.008666666666666666 0.02364864864864865
0 0.472 0.952027027027027 0.007666666666666666 0.02702702702702703
0 0.4573333333333333 0.9067567567567567 0.005666666666666667 0.019594594594594596
0 0.414 0.9060810810810811 0.004666666666666667 0.018243243243243244
0 0.378 0.6648648648648648 0.010333333333333333 0.02364864864864865
0 0.393 0.7554054054054054 0.007 0.022972972972972974
0 0.341 0.7128378378378378 0.006 0.018243243243243244
0 0.44533333333333336 0.6391891891891892 0.005666666666666667 0.01756756756756757
0 0.7516666666666667 0.41486486486486485 0.008333333333333333 0.01891891891891892
0 0.6443333333333333 0.3236486486486487 0.007 0.026351351351351353
0 0.6513333333333333 0.06418918918918919 0.006333333333333333 0.020945945945945947
0 0.7946666666666666 0.17364864864864865 0.006 0.026351351351351353
0 0.8426666666666667 0.05067567567567568 0.007 0.030405405405405407
0 0.9196666666666666 0.062162162162162166 0.007 0.026351351351351353
0 0.824 0.2527027027027027 0.01 0.016216216216216217
0 0.8783333333333333 0.5148648648648648 0.009333333333333334 0.019594594594594596
0 0.8633333333333333 0.547972972972973 0.007666666666666666 0.016891891891891893
0 0.8696666666666667 0.5716216216216217 0.004666666666666667 0.026351351351351353
0 0.8133333333333334 0.6344594594594595 0.005666666666666667 0.026351351351351353
0 0.9513333333333334 0.43108108108108106 0.005666666666666667 0.025
0 0.699 0.3621621621621622 0.006333333333333333 0.025675675675675677
0 0.7303333333333333 0.15135135135135136 0.006 0.02702702702702703
0 0.705 0.047972972972972976 0.006 0.013513513513513514
0 0.9366666666666666 0.0722972972972973 0.011666666666666667 0.024324324324324326
0 0.9473333333333334 0.0918918918918919 0.008333333333333333 0.016891891891891893
0 0.953 0.643918918918919 0.004333333333333333 0.01891891891891892
0 0.938 0.7837837837837838 0.008333333333333333 0.02364864864864865
0 0.9593333333333334 0.7844594594594595 0.009 0.02364864864864865
0 0.9093333333333333 0.981081081081081 0.009333333333333334 0.026351351351351353
0 0.9876666666666667 0.7486486486486487 0.005666666666666667 0.024324324324324326
0 0.9246666666666666 0.9905405405405405 0.011 0.012837837837837839
0 0.833 0.9445945945945946 0.010333333333333333 0.01418918918918919
0 0.7256666666666667 0.6756756756756757 0.006 0.02027027027027027
0 0.7313333333333333 0.6763513513513514 0.005666666666666667 0.026351351351351353
0 0.704 0.7520270270270271 0.006 0.02364864864864865
0 0.31566666666666665 0.3162162162162162 0.011333333333333334 0.01756756756756757
0 0.8966666666666666 0.5013513513513513 0.006666666666666667 0.021621621621621623
0 0.7 0.6722972972972973 0.01 0.02364864864864865
0 0.6786666666666666 0.8452702702702702 0.016 0.01418918918918919
0 0.2773333333333333 0.7378378378378379 0.008 0.027702702702702704
0 0.26766666666666666 0.7439189189189189 0.013 0.021621621621621623
0 0.262 0.30405405405405406 0.007 0.025
0 0.30733333333333335 0.37094594594594593 0.007333333333333333 0.026351351351351353
0 0.16066666666666668 0.16689189189189188 0.005666666666666667 0.029054054054054056
0 0.015 0.25067567567567567 0.013333333333333334 0.013513513513513514
0 0.095 0.5675675675675675 0.008 0.021621621621621623
0 0.06066666666666667 0.7871621621621622 0.007333333333333333 0.022972972972972974
0 0.06666666666666667 0.7682432432432432 0.005666666666666667 0.026351351351351353
0 0.07333333333333333 0.7702702702702703 0.007333333333333333 0.027702702702702704
0 0.6236666666666667 0.9114864864864864 0.005333333333333333 0.01756756756756757
0 0.949 0.6986486486486486 0.006 0.020945945945945947
0 0.855 0.15878378378378377 0.006666666666666667 0.016891891891891893
0 0.694 0.15743243243243243 0.007 0.025
0 0.22066666666666668 0.7378378378378379 0.01 0.020945945945945947
0 0.5983333333333334 0.8655405405405405 0.007 0.029054054054054056
0 0.35433333333333333 0.031081081081081083 0.012666666666666666 0.021621621621621623
0 0.279 0.1885135135135135 0.010333333333333333 0.018243243243243244
0 0.17866666666666667 0.5493243243243243 0.009666666666666667 0.016891891891891893
0 0.2986666666666667 0.3641891891891892 0.009 0.012162162162162163
0 0.26166666666666666 0.8324324324324325 0.009666666666666667 0.014864864864864866
0 0.8056666666666666 0.3277027027027027 0.006666666666666667 0.027702702702702704
0 0.6886666666666666 0.14932432432432433 0.006333333333333333 0.02364864864864865