0 0.02 0.6888888888888889 0.0115 0.016
0 0.225 0.8782222222222222 0.01 0.017777777777777778
0 0.12325 0.8662222222222222 0.012 0.019555555555555555
0 0.57575 0.19333333333333333 0.014 0.013333333333333334
0 0.206 0.7866666666666666 0.014 0.016
0 0.75925 0.464 0.013 0.022222222222222223
0 0.063 0.06577777777777778 0.015 0.015111111111111112
0 0.67175 0.6413333333333333 0.0135 0.016
0 0.616 0.42488888888888887 0.008 0.017777777777777778
0 0.82175 0.48088888888888887 0.009 0.014222222222222223
0 0.69025 0.836 0.015 0.015111111111111112
0 0.439 0.37333333333333335 0.01 0.017777777777777778
0 0.044 0.8675555555555555 0.013 0.019555555555555555
0 0.53025 0.6448888888888888 0.012 0.019555555555555555
0 0.87675 0.5866666666666667 0.013 0.017777777777777778
0 0.701 0.5168888888888888 0.008 0.019555555555555555
0 0.4085 0.7702222222222223 0.012 0.014222222222222223
0 0.165 0.49733333333333335 0.011 0.014222222222222223
0 0.3685 0.42 0.014 0.017777777777777778
0 0.927 0.15244444444444444 0.0125 0.012444444444444444
0 0.77725 0.7337777777777778 0.011 0.017777777777777778
0 0.83675 0.15911111111111112 0.011 0.016888888888888887
0 0.1595 0.4777777777777778 0.012 0.014222222222222223
0 0.812 0.21777777777777776 0.008 0.019555555555555555
0 0.31525 0.296 0.011 0.012444444444444444
0 0.35375 0.8853333333333333 0.0155 0.015111111111111112
0 0.47675 0.8964444444444445 0.0085 0.017777777777777778
0 0.197 0.504 0.013 0.017777777777777778
0 0.89075 0.7746666666666666 0.016 0.013333333333333334
0 0.82 0.912 0.01 0.018666666666666668
0 0.1035 0.9288888888888889 0.013 0.018666666666666668
0 0.03 0.16444444444444445 0.01 0.020444444444444446
0 0.1595 0.4151111111111111 0.0105 0.019555555555555555
0 0.605 0.25733333333333336 0.013 0.016
0 0.211 0.16 0.012 0.016888888888888887
0 0.91325 0.6293333333333333 0.013 0.016
0 0.57675 0.9431111111111111 0.0085 0.017777777777777778
0 0.29725 0.8342222222222222 0.0085 0.024888888888888887
0 0.88425 0.10044444444444445 0.007 0.02311111111111111
0 0.0955 0.8951111111111111 0.012 0.019555555555555555
0 0.17 0.32844444444444443 0.0105 0.015111111111111112
0 0.47025 0.09022222222222222 0.015 0.013333333333333334
0 0.62675 0.05377777777777778 0.0085 0.019555555555555555
0 0.61325 0.2857777777777778 0.008 0.018666666666666668
0 0.78 0.06666666666666667 0.011 0.019555555555555555
0 0.8685 0.4671111111111111 0.014 0.016
0 0.3945 0.20177777777777778 0.0095 0.024888888888888887
0 0.7605 0.8591111111111112 0.009 0.021333333333333333
0 0.0625 0.30666666666666664 0.0145 0.016
0 0.4245 0.8911111111111111 0.009 0.015111111111111112
0 0.68775 0.04 0.016 0.016
0 0.45175 0.9528888888888889 0.015 0.016
0 0.49875 0.2648888888888889 0.007 0.024888888888888887
0 0.11575 0.5275555555555556 0.011 0.021333333333333333
0 0.46775 0.3671111111111111 0.0155 0.016888888888888887
0 0.2555 0.7582222222222222 0.01 0.012444444444444444
0 0.439 0.6782222222222222 0.0075 0.028444444444444446
0 0.288 0.5044444444444445 0.016 0.014222222222222223
0 0.874 0.652 0.009 0.020444444444444446
0 0.263 0.044 0.013 0.017777777777777778
0 0.42725 0.88 0.0095 0.018666666666666668
0 0.0495 0.5031111111111111 0.019 0.014222222222222223
0 0.181 0.25022222222222223 0.01 0.021333333333333333
0 0.57875 0.48133333333333334 0.007 0.02666666666666667
0 0.339 0.07866666666666666 0.013 0.017777777777777778
0 0.29475 0.6377777777777778 0.011 0.019555555555555555
0 0.3115 0.4111111111111111 0.009 0.024
0 0.26325 0.7182222222222222 0.01 0.022222222222222223
0 0.46325 0.5986666666666667 0.012 0.020444444444444446
0 0.3555 0.37022222222222223 0.011 0.017777777777777778
0 0.262 0.4093333333333333 0.0115 0.021333333333333333
0 0.64575 0.09777777777777778 0.008 0.02666666666666667
0 0.45825 0.7008888888888889 0.009 0.024888888888888887
0 0.894 0.4671111111111111 0.0085 0.016888888888888887
0 0.2955 0.5577777777777778 0.012 0.015111111111111112
0 0.51975 0.3128888888888889 0.008 0.012444444444444444
0 0.8585 0.9817777777777777 0.01 0.019555555555555555
0 0.2545 0.043555555555555556 0.0075 0.016
0 0.418 0.352 0.007 0.021333333333333333
0 0.48775 0.9253333333333333 0.013 0.013333333333333334
0 0.74025 0.4537777777777778 0.016 0.021333333333333333
0 0.872 0.37155555555555553 0.008 0.012444444444444444
0 0.517 0.5324444444444445 0.0115 0.014222222222222223
0 0.7035 0.38533333333333336 0.011 0.012444444444444444
0 0.74375 0.6191111111111111 0.01 0.022222222222222223
0 0.2935 0.26355555555555554 0.007 0.016
0 0.08225 0.7911111111111111 0.009 0.025777777777777778
0 0.87775 0.868 0.0075 0.018666666666666668
0 0.7035 0.7377777777777778 0.011 0.021333333333333333
0 0.21975 0.92 0.011 0.018666666666666668
0 0.1995 0.25333333333333335 0.008 0.024888888888888887
0 0.76325 0.7084444444444444 0.008 0.016
0 0.8495 0.26311111111111113 0.0125 0.013333333333333334
0 0.30425 0.912 0.01 0.024888888888888887
0 0.9025 0.812 0.011 0.016
0 0.55875 0.788 0.01 0.014222222222222223
0 0.96625 0.7062222222222222 0.013 0.014222222222222223
0 0.77825 0.94 0.011 0.015111111111111112
0 0.7445 0.8391111111111111 0.0085 0.019555555555555555
0 0.3975 0.28444444444444444 0.009 0.02311111111111111
0 0.306 0.9817777777777777 0.01 0.021333333333333333
0 0.0285 0.6288888888888889 0.014 0.012444444444444444
0 0.08725 0.39911111111111114 0.0125 0.016888888888888887
0 0.22425 0.5853333333333334 0.011 0.020444444444444446
0 0.44925 0.21333333333333335 0.01 0.024888888888888887
0 0.76825 0.043111111111111114 0.013 0.012444444444444444
0 0.309 0.6448888888888888 0.011 0.017777777777777778
0 0.61625 0.56 0.007 0.017777777777777778
0 0.0675 0.39644444444444443 0.0125 0.014222222222222223
0 0.4695 0.5871111111111111 0.0065 0.032
0 0.16375 0.9702222222222222 0.008 0.025777777777777778
0 0.74225 0.7973333333333333 0.0075 0.017777777777777778
0 0.59925 0.7333333333333333 0.009 0.029333333333333333
0 0.49175 0.4008888888888889 0.0105 0.018666666666666668
0 0.65175 0.5075555555555555 0.013 0.022222222222222223
0 0.88375 0.6182222222222222 0.011 0.013333333333333334
0 0.2075 0.22266666666666668 0.015 0.015111111111111112
0 0.9565 0.2951111111111111 0.015 0.016
0 0.90275 0.94 0.01 0.024888888888888887
0 0.722 0.092 0.011 0.016
0 0.35875 0.632 0.011 0.022222222222222223
0 0.532 0.18088888888888888 0.011 0.012444444444444444
0 0.14625 0.6982222222222222 0.009 0.019555555555555555
0 0.78275 0.536 0.0105 0.02666666666666667
0 0.41525 0.7351111111111112 0.008 0.021333333333333333
0 0.38525 0.6155555555555555 0.0085 0.021333333333333333
0 0.10925 0.49955555555555553 0.012 0.021333333333333333
0 0.2755 0.9448888888888889 0.008 0.021333333333333333
0 0.81675 0.06311111111111112 0.007 0.014222222222222223
0 0.50075 0.6626666666666666 0.009 0.019555555555555555
0 0.5715 0.26755555555555555 0.0095 0.021333333333333333
0 0.1775 0.9026666666666666 0.009 0.016888888888888887
0 0.89975 0.41555555555555557 0.009 0.016888888888888887
0 0.75925 0.048 0.011 0.014222222222222223
0 0.5885 0.07288888888888889 0.013 0.012444444444444444
0 0.5925 0.8813333333333333 0.013 0.015111111111111112
0 0.74325 0.5355555555555556 0.0085 0.02311111111111111
0 0.916 0.7355555555555555 0.013 0.016
0 0.357 0.9582222222222222 0.0125 0.015111111111111112
0 0.87775 0.0768888888888889 0.0135 0.012444444444444444
0 0.55125 0.3635555555555556 0.0085 0.021333333333333333
0 0.95725 0.088 0.015 0.014222222222222223
0 0.134 0.27466666666666667 0.008 0.02666666666666667
0 0.6745 0.984 0.011 0.019555555555555555
0 0.607 0.8484444444444444 0.008 0.021333333333333333
0 0.121 0.3511111111111111 0.011 0.016
0 0.862 0.25822222222222224 0.011 0.012444444444444444
0 0.5565 0.051555555555555556 0.0105 0.016888888888888887
0 0.3095 0.8324444444444444 0.008 0.028444444444444446
0 0.45375 0.18 0.01 0.018666666666666668
0 0.8875 0.02711111111111111 0.0135 0.014222222222222223
0 0.8615 0.9444444444444444 0.009 0.014222222222222223
0 0.98 0.8364444444444444 0.011 0.016
0 0.47575 0.804 0.0075 0.02666666666666667
0 0.30375 0.9462222222222222 0.011 0.02311111111111111
0 0.55575 0.0791111111111111 0.01 0.019555555555555555
0 0.805 0.18577777777777776 0.0075 0.017777777777777778
0 0.5225 0.4497777777777778 0.01 0.012444444444444444
0 0.52625 0.5622222222222222 0.007 0.025777777777777778
0 0.29475 0.8866666666666667 0.013 0.014222222222222223
0 0.7835 0.24977777777777777 0.01 0.016
0 0.684 0.5377777777777778 0.01 0.024
0 0.23 0.5564444444444444 0.0105 0.025777777777777778
0 0.06175 0.5622222222222222 0.0085 0.017777777777777778
0 0.701 0.7946666666666666 0.008 0.02311111111111111
0 0.26575 0.6875555555555556 0.012 0.016888888888888887
0 0.725 0.1688888888888889 0.007 0.021333333333333333
0 0.34875 0.936 0.01 0.02311111111111111
0 0.806 0.22533333333333333 0.0145 0.016
0 0.077 0.3502222222222222 0.0085 0.028444444444444446
0 0.865 0.10088888888888889 0.008 0.028444444444444446
0 0.98025 0.6724444444444444 0.007 0.022222222222222223
0 0.597 0.5928888888888889 0.007 0.024888888888888887
0 0.79475 0.808 0.008 0.016
0 0.52525 0.9013333333333333 0.0075 0.028444444444444446
0 0.72775 0.1688888888888889 0.006 0.021333333333333333
0 0.6075 0.47688888888888886 0.007 0.022222222222222223
0 0.3255 0.5648888888888889 0.011 0.010666666666666666
0 0.01725 0.804 0.009 0.019555555555555555
0 0.6815 0.7142222222222222 0.011 0.025777777777777778
0 0.19675 0.02311111111111111 0.009 0.019555555555555555
0 0.26175 0.3248888888888889 0.008 0.017777777777777778
0 0.64475 0.23733333333333334 0.007 0.02666666666666667
0 0.8605 0.32844444444444443 0.01 0.019555555555555555
0 0.19 0.944 0.016 0.014222222222222223
0 0.39275 0.768 0.007 0.030222222222222223
0 0.09575 0.9457777777777778 0.011 0.021333333333333333
0 0.45075 0.32711111111111113 0.01 0.019555555555555555
0 0.63775 0.9146666666666666 0.007 0.017777777777777778
0 0.77825 0.09822222222222222 0.008 0.012444444444444444
0 0.7105 0.8924444444444445 0.0095 0.021333333333333333
0 0.2805 0.06933333333333333 0.013 0.021333333333333333
0 0.52325 0.24977777777777777 0.0115 0.011555555555555555
0 0.22775 0.27466666666666667 0.009 0.028444444444444446
0 0.442 0.47555555555555556 0.009 0.02666666666666667
0 0.527 0.006222222222222222 0.007 0.012444444444444444
0 0.534 0.7813333333333333 0.007 0.024
0 0.466 0.9671111111111111 0.009 0.027555555555555555
0 0.926 0.47733333333333333 0.012 0.021333333333333333
0 0.449 0.3893333333333333 0.011 0.028444444444444446
0 0.049 0.19333333333333333 0.008 0.02666666666666667
0 0.385 0.11066666666666666 0.008 0.017777777777777778
0 0.1805 0.9244444444444444 0.009 0.02311111111111111
0 0.967 0.5955555555555555 0.016 0.012444444444444444
0 0.718 0.09244444444444444 0.007 0.012444444444444444
0 0.7905 0.09555555555555556 0.007 0.021333333333333333
0 0.4125 0.06755555555555555 0.009 0.028444444444444446
0 0.2135 0.3471111111111111 0.0105 0.017777777777777778
0 0.8905 0.49066666666666664 0.0105 0.014222222222222223
0 0.79075 0.12577777777777777 0.007 0.024888888888888887
0 0.491 0.15688888888888888 0.01 0.019555555555555555
0 0.1065 0.24622222222222223 0.01 0.019555555555555555
0 0.03325 0.7248888888888889 0.0095 0.02311111111111111
0 0.21925 0.16977777777777778 0.011 0.021333333333333333
0 0.70575 0.3546666666666667 0.0085 0.018666666666666668
0 0.53475 0.172 0.01 0.014222222222222223
0 0.14275 0.6768888888888889 0.01 0.013333333333333334
0 0.6455 0.9026666666666666 0.0085 0.02311111111111111
0 0.1355 0.5608888888888889 0.008 0.028444444444444446
0 0.03375 0.26222222222222225 0.008 0.024888888888888887
0 0.11975 0.7871111111111111 0.008 0.021333333333333333
0 0.0895 0.19644444444444445 0.01 0.018666666666666668
0 0.287 0.30666666666666664 0.013 0.016
0 0.39375 0.34933333333333333 0.006 0.020444444444444446
0 0.09175 0.2431111111111111 0.007 0.024888888888888887
0 0.6345 0.31822222222222224 0.0065 0.024888888888888887
0 0.37275 0.4728888888888889 0.0065 0.02666666666666667
0 0.0985 0.13066666666666665 0.0085 0.02666666666666667
0 0.10525 0.2031111111111111 0.01 0.02311111111111111
0 0.55575 0.2311111111111111 0.006 0.02666666666666667
0 0.04225 0.12933333333333333 0.0085 0.028444444444444446
0 0.4585 0.17155555555555554 0.007 0.027555555555555555
0 0.0535 0.22311111111111112 0.009 0.021333333333333333
0 0.449 0.18977777777777777 0.0075 0.021333333333333333
0 0.45 0.07555555555555556 0.0085 0.030222222222222223
0 0.51475 0.1511111111111111 0.01 0.028444444444444446
0 0.4255 0.49333333333333335 0.008 0.028444444444444446
0 0.818 0.3622222222222222 0.013 0.012444444444444444
0 0.33725 0.7773333333333333 0.012 0.019555555555555555
0 0.33775 0.7902222222222223 0.008 0.014222222222222223
0 0.02575 0.7542222222222222 0.006 0.029333333333333333
0 0.196 0.17777777777777778 0.007 0.019555555555555555
0 0.845 0.12088888888888889 0.009 0.017777777777777778
0 0.34025 0.6111111111111112 0.006 0.022222222222222223
0 0.55325 0.432 0.006 0.030222222222222223
0 0.311 0.2751111111111111 0.008 0.025777777777777778
0 0.121 0.9013333333333333 0.01 0.024888888888888887
0 0.3135 0.5315555555555556 0.008 0.021333333333333333
0 0.6565 0.19066666666666668 0.0085 0.029333333333333333
0 0.194 0.04755555555555555 0.009 0.021333333333333333
0 0.57325 0.956 0.008 0.021333333333333333
0 0.41925 0.8328888888888889 0.007 0.02311111111111111
0 0.5085 0.6453333333333333 0.009 0.019555555555555555
0 0.61925 0.22577777777777777 0.008 0.030222222222222223
0 0.029 0.24533333333333332 0.007 0.024
0 0.071 0.5364444444444444 0.0075 0.021333333333333333
0 0.719 0.9755555555555555 0.0145 0.014222222222222223
0 0.6155 0.6866666666666666 0.0075 0.019555555555555555
0 0.698 0.4048888888888889 0.0105 0.021333333333333333
0 0.7105 0.6755555555555556 0.009 0.017777777777777778
0 0.676 0.4315555555555556 0.007 0.021333333333333333
0 0.372 0.7311111111111112 0.007 0.02666666666666667
0 0.983 0.7857777777777778 0.008 0.016
0 0.74925 0.3791111111111111 0.006 0.02666666666666667
0 0.46875 0.4617777777777778 0.007 0.027555555555555555
0 0.87825 0.3422222222222222 0.0075 0.016
0 0.54275 0.9604444444444444 0.008 0.024
0 0.46725 0.6831111111111111 0.013 0.017777777777777778
0 0.368 0.6075555555555555 0.0065 0.021333333333333333
0 0.2565 0.36088888888888887 0.0085 0.021333333333333333
0 0.2165 0.8884444444444445 0.007 0.024888888888888887
0 0.69175 0.24933333333333332 0.006 0.022222222222222223
0 0.906 0.4737777777777778 0.0075 0.013333333333333334
0 0.37775 0.6853333333333333 0.01 0.019555555555555555
0 0.741 0.8422222222222222 0.008 0.021333333333333333
0 0.4115 0.9555555555555556 0.0095 0.019555555555555555
0 0.95775 0.9875555555555555 0.009 0.012444444444444444
0 0.39175 0.12355555555555556 0.0085 0.024888888888888887
0 0.2935 0.3088888888888889 0.008 0.016888888888888887
0 0.80475 0.8373333333333334 0.008 0.017777777777777778
0 0.613 0.32 0.006 0.021333333333333333
0 0.79625 0.8235555555555556 0.004 0.021333333333333333
0 0.393 0.9386666666666666 0.0115 0.019555555555555555
0 0.18825 0.12755555555555556 0.011 0.028444444444444446
0 0.42875 0.9031111111111111 0.009 0.025777777777777778
0 0.7895 0.38133333333333336 0.007 0.02666666666666667
0 0.96425 0.022222222222222223 0.011 0.015111111111111112
0 0.96225 0.64 0.007 0.02311111111111111
0 0.88025 0.38666666666666666 0.008 0.017777777777777778
0 0.1865 0.7831111111111111 0.01 0.018666666666666668
0 0.81375 0.264 0.007 0.028444444444444446
0 0.68575 0.248 0.008 0.012444444444444444
0 0.065 0.5328888888888889 0.007 0.028444444444444446
0 0.03525 0.20444444444444446 0.008 0.019555555555555555
0 0.80375 0.5653333333333334 0.0075 0.024888888888888887
0 0.238 0.3933333333333333 0.01 0.028444444444444446
0 0.383 0.12355555555555556 0.013 0.018666666666666668
0 0.02825 0.1431111111111111 0.01 0.021333333333333333
0 0.08125 0.172 0.007 0.02311111111111111
0 0.249 0.21022222222222223 0.007 0.021333333333333333
0 0.1795 0.7964444444444444 0.011 0.02311111111111111
0 0.6565 0.24755555555555556 0.013 0.019555555555555555
0 0.178 0.043555555555555556 0.008 0.019555555555555555
0 0.9525 0.16666666666666666 0.0105 0.012444444444444444
0 0.90075 0.23866666666666667 0.01 0.019555555555555555
0 0.57175 0.13066666666666665 0.007 0.027555555555555555
0 0.84975 0.0057777777777777775 0.008 0.011555555555555555
0 0.63325 0.7822222222222223 0.006 0.024
0 0.521 0.21288888888888888 0.012 0.012444444444444444
0 0.86725 0.9417777777777778 0.006 0.019555555555555555
0 0.217 0.49066666666666664 0.009 0.022222222222222223
0 0.0965 0.5706666666666667 0.009 0.021333333333333333
0 0.55825 0.12933333333333333 0.008 0.024888888888888887
0 0.86975 0.38666666666666666 0.0105 0.024888888888888887
0 0.802 0.19333333333333333 0.009 0.012444444444444444
0 0.94075 0.4911111111111111 0.01 0.008888888888888889
0 0.30525 0.5453333333333333 0.0125 0.020444444444444446
0 0.78625 0.14666666666666667 0.0085 0.02311111111111111
0 0.5305 0.7302222222222222 0.0065 0.016
0 0.065 0.5773333333333334 0.011 0.016888888888888887
0 0.34725 0.43066666666666664 0.0065 0.028444444444444446
0 0.32275 0.5813333333333334 0.012 0.013333333333333334
0 0.69875 0.48355555555555557 0.007 0.024888888888888887
0 0.73875 0.7968888888888889 0.008 0.019555555555555555
0 0.083 0.7737777777777778 0.014 0.016
0 0.29675 0.5346666666666666 0.007 0.016
0 0.73475 0.9648888888888889 0.008 0.024888888888888887
0 0.74675 0.03822222222222222 0.008 0.017777777777777778
0 0.742 0.043555555555555556 0.011 0.017777777777777778
0 0.7295 0.04 0.006 0.02311111111111111
0 0.7325 0.09377777777777778 0.0095 0.017777777777777778
0 0.785 0.09688888888888889 0.0075 0.018666666666666668
0 0.8095 0.19066666666666668 0.0075 0.012444444444444444
0 0.99625 0.98 0.0075 0.024888888888888887
0 0.9455 0.9133333333333333 0.007 0.028444444444444446
0 0.962 0.8835555555555555 0.008 0.024888888888888887
0 0.9755 0.7786666666666666 0.0075 0.02666666666666667
0 0.93525 0.8133333333333334 0.008 0.032
0 0.95425 0.7262222222222222 0.008 0.028444444444444446
0 0.94275 0.7297777777777777 0.0005 0.0008888888888888889
0 0.86975 0.9 0.0135 0.014222222222222223
0 0.8535 0.8844444444444445 0.007 0.028444444444444446
0 0.8415 0.9115555555555556 0.0065 0.025777777777777778
0 0.8735 0.9306666666666666 0.007 0.020444444444444446
0 0.87775 0.8951111111111111 0.0075 0.028444444444444446
0 0.83825 0.8942222222222223 0.006 0.024
0 0.881 0.6853333333333333 0.012 0.015111111111111112
0 0.804 0.8164444444444444 0.007 0.028444444444444446
0 0.78725 0.836 0.01 0.021333333333333333
0 0.79175 0.8288888888888889 0.0075 0.02311111111111111
0 0.761 0.7982222222222223 0.006 0.024888888888888887
0 0.74525 0.7146666666666667 0.008 0.028444444444444446
0 0.7905 0.7377777777777778 0.007 0.030222222222222223
0 0.7065 0.8711111111111111 0.0095 0.019555555555555555
0 0.62675 0.9168888888888889 0.007 0.025777777777777778
0 0.55275 0.9066666666666666 0.0055 0.032
0 0.52525 0.6955555555555556 0.009 0.024888888888888887
0 0.50625 0.9591111111111111 0.0095 0.019555555555555555
0 0.65625 0.824 0.0105 0.024888888888888887
0 0.97525 0.6253333333333333 0.009 0.02666666666666667
0 0.9965 0.5795555555555556 0.007 0.027555555555555555
0 0.926 0.5271111111111111 0.008 0.028444444444444446
0 0.8745 0.5502222222222222 0.007 0.024888888888888887
0 0.86825 0.5355555555555556 0.008 0.030222222222222223
0 0.71475 0.5706666666666667 0.011 0.019555555555555555
0 0.71675 0.5448888888888889 0.007 0.02666666666666667
0 0.68675 0.6506666666666666 0.009 0.029333333333333333
0 0.7925 0.4315555555555556 0.0065 0.02666666666666667
0 0.8995 0.3671111111111111 0.008 0.024888888888888887
0 0.882 0.37377777777777776 0.009 0.010666666666666666
0 0.8855 0.3506666666666667 0.0065 0.028444444444444446
0 0.9535 0.36666666666666664 0.006 0.025777777777777778
0 0.916 0.46844444444444444 0.0095 0.027555555555555555
0 0.7105 0.3751111111111111 0.01 0.012444444444444444
0 0.7155 0.3626666666666667 0.008 0.02311111111111111
0 0.64 0.5315555555555556 0.008 0.02666666666666667
0 0.63225 0.5137777777777778 0.008 0.029333333333333333
0 0.51575 0.444 0.011 0.017777777777777778
0 0.78225 0.3217777777777778 0.0085 0.021333333333333333
0 0.861 0.29288888888888887 0.005 0.02311111111111111
0 0.97 0.32222222222222224 0.014 0.012444444444444444
0 0.97875 0.29155555555555557 0.01 0.024888888888888887
0 0.98175 0.24488888888888888 0.008 0.030222222222222223
0 0.922 0.26755555555555555 0.009 0.027555555555555555
0 0.90325 0.2577777777777778 0.008 0.02311111111111111
0 0.862 0.21422222222222223 0.011 0.025777777777777778
0 0.85725 0.2617777777777778 0.009 0.015111111111111112
0 0.91775 0.19511111111111112 0.006 0.02666666666666667
0 0.95175 0.1497777777777778 0.006 0.021333333333333333
0 0.99625 0.13111111111111112 0.006 0.028444444444444446
0 0.92475 0.096 0.009 0.02666666666666667
0 0.95175 0.07466666666666667 0.012 0.008888888888888889
0 0.937 0.06444444444444444 0.0065 0.024888888888888887
0 0.97875 0.037333333333333336 0.005 0.02666666666666667
0 0.87575 0.014222222222222223 0.006 0.021333333333333333
0 0.824 0.2431111111111111 0.0095 0.025777777777777778
0 0.54675 0.11377777777777778 0.0065 0.024888888888888887
0 0.54625 0.08488888888888889 0.005 0.020444444444444446
0 0.5785 0.11733333333333333 0.007 0.016
0 0.564 0.10577777777777778 0.009 0.017777777777777778
0 0.5645 0.08533333333333333 0.0085 0.016
0 0.48375 0.7844444444444445 0.007 0.024888888888888887
0 0.3185 0.7297777777777777 0.0085 0.02311111111111111
0 0.277 0.7186666666666667 0.007 0.028444444444444446
0 0.208 0.9044444444444445 0.0095 0.027555555555555555
0 0.2215 0.8933333333333333 0.007 0.021333333333333333
0 0.2065 0.7008888888888889 0.0075 0.029333333333333333
0 0.1695 0.7244444444444444 0.008 0.03288888888888889
0 0.1255 0.9933333333333333 0.0115 0.013333333333333334
0 0.07375 0.7795555555555556 0.009 0.028444444444444446
0 0.35 0.6377777777777778 0.007 0.027555555555555555
0 0.39875 0.6137777777777778 0.008 0.032
0 0.48525 0.5337777777777778 0.008 0.024888888888888887
0 0.15175 0.45155555555555554 0.0065 0.02666666666666667
0 0.07175 0.58 0.006 0.02666666666666667
0 0.04075 0.5715555555555556 0.0085 0.028444444444444446
0 0.035 0.5626666666666666 0.007 0.02311111111111111
0 0.029 0.5217777777777778 0.007 0.032
0 0.04325 0.64 0.008 0.020444444444444446
0 0.32125 0.5724444444444444 0.012 0.008888888888888889
0 0.176 0.648 0.01 0.020444444444444446
0 0.43725 0.5924444444444444 0.0085 0.024888888888888887
0 0.153 0.3164444444444444 0.008 0.021333333333333333
0 0.0365 0.31555555555555553 0.0125 0.016
0 0.20525 0.18355555555555556 0.0065 0.030222222222222223
0 0.3785 0.03333333333333333 0.008 0.032
0 0.1835 0.03777777777777778 0.0095 0.02666666666666667
0 0.17125 0.05333333333333334 0.01 0.030222222222222223
0 0.14925 0.09555555555555556 0.008 0.02666666666666667
0 0.002 0.9102222222222223 0.004 0.021333333333333333
0 0.34775 0.6013333333333334 0.008 0.024888888888888887