0 0.43476953125 0.7771473851030111 0.008859375 0.013438985736925516
0 0.6721171874999999 0.014746434231378763 0.01123828125 0.016624405705229793
0 0.8279609375 0.1011648177496038 0.013035156249999999 0.01410459587955626
0 0.26653515625 0.7153882725832013 0.013011718750000002 0.014484944532488116
0 0.18903125 0.741434231378764 0.0133125 0.0191283676703645
0 0.5231914062499999 0.009334389857369254 0.01031640625 0.018668779714738508
0 0.7519609375 0.09146592709984153 0.01321484375 0.015665610142630744
0 0.9135624999999999 0.00783676703645008 0.012773437500000002 0.015665610142630744
0 0.8320078125 0.24725039619651346 0.01153125 0.014405705229793977
0 0.13598046875 0.5440095087163233 0.011125 0.01731378763866878
0 0.22033593749999997 0.12314580031695721 0.012875000000000001 0.01644215530903328
0 0.24175 0.014833597464342313 0.011773437500000001 0.01925515055467512
0 0.5978085937500001 0.5504833597464343 0.0108671875 0.016537242472266244
0 0.02276171875 0.9497226624405705 0.011285156250000001 0.01740887480190174
0 0.7220390625 0.21949286846275753 0.01364453125 0.019968304278922346
0 0.11682812499999999 0.1375594294770206 0.01160546875 0.015554675118858953
0 0.1988828125 0.8092472266244057 0.0108671875 0.016941362916006338
0 0.8267421875000001 0.05669572107765451 0.01062890625 0.022535657686212362
0 0.86293359375 0.7830348652931854 0.011421875 0.013280507131537243
0 0.3540078125 0.651283676703645 0.01026953125 0.017266244057052297
0 0.9273203125 0.2794770206022187 0.01011328125 0.0144770206022187
0 0.32767578125 0.9505071315372424 0.01009375 0.012908082408874802
0 0.467875 0.6937480190174327 0.01058203125 0.01568145800316957
0 0.0822734375 0.976323296354992 0.01145703125 0.015221870047543582
0 0.35769531250000003 0.7321711568938193 0.01440625 0.01857369255150555
0 0.47559375 0.8849524564183835 0.015558593749999999 0.013557844690966719
0 0.42378125000000005 0.07274960380348654 0.0107109375 0.018217115689381932
0 0.4815078125 0.6436846275752773 0.01308984375 0.019421553090332805
0 0.41266406250000004 0.5143581616481775 0.013105468749999998 0.01875594294770206
0 0.45812109375 0.5744453248811411 0.010484375 0.015095087163232964
0 0.48369921875 0.9922503961965135 0.01154296875 0.012456418383518226
0 0.19433203125 0.9507923930269414 0.012507812500000002 0.018898573692551508
0 0.9927070312499999 0.09074484944532488 0.011125 0.021061806656101426
0 0.260828125 0.019239302694136293 0.013105468749999998 0.016870047543581616
0 0.3925234375 0.6595483359746435 0.01002734375 0.014088748019017433
0 0.9104374999999999 0.09044374009508717 0.01089453125 0.017036450079239304
0 0.2756796875 0.2075752773375594 0.0081640625 0.016473851030110936
0 0.18230859375 0.2905705229793978 0.01171875 0.01578446909667195
0 0.442984375 0.7073217115689382 0.00905078125 0.017892234548335974
0 0.75940625 0.21808240887480193 0.0141328125 0.016862123613312203
0 0.299796875 0.7600237717908083 0.00933984375 0.019152139461172744
0 0.09158203125 0.6159667194928685 0.014195312500000001 0.01818541996830428
0 0.3321171875 0.010332805071315372 0.011535156250000001 0.020665610142630745
0 0.7667734375 0.042258320126782885 0.01125 0.018328050713153722
0 0.48159375000000004 0.42896196513470686 0.0087109375 0.017733755942947703
0 0.5760390625 0.7360301109350238 0.011164062499999999 0.021925515055467512
0 0.8106054687500001 0.5833676703645008 0.0097578125 0.01816957210776545
0 0.73358203125 0.6037400950871632 0.0104140625 0.018367670364500793
0 0.722 0.13253565768621237 0.0074687500000000006 0.01781299524564184
0 0.191265625 0.1477337559429477 0.012308593750000001 0.014611727416798732
0 0.60469921875 0.3917987321711569 0.013875000000000002 0.017107765451664026
0 0.555734375 0.44188589540412043 0.009097656249999999 0.021695721077654516
0 0.8656523437500001 0.2409270998415214 0.01082421875 0.014889064976228208
0 0.35534765625000003 0.4570919175911252 0.0120078125 0.016624405705229793
0 0.38460937500000003 0.2836608557844691 0.012308593750000001 0.014088748019017433
0 0.4170859375 0.4384310618066561 0.015859375000000002 0.015221870047543582
0 0.5268046875 0.4870998415213946 0.01047265625 0.0162202852614897
0 0.69001171875 0.017266244057052297 0.00996484375 0.01679080824088748
0 0.661390625 0.39648177496038034 0.0102265625 0.02032488114104596
0 0.5111640625 0.33332805071315375 0.014738281249999999 0.012591125198098256
0 0.43936328125 0.7479001584786054 0.0086328125 0.01491283676703645
0 0.057320312500000005 0.8630903328050713 0.0121640625 0.016759112519809823
0 0.531390625 0.6504120443740096 0.013855468749999999 0.017543581616481774
0 0.42497265625 0.6146988906497622 0.014171875 0.015269413629160063
0 0.6052500000000001 0.24770206022187005 0.014167968750000001 0.017020602218700477
0 0.41185937499999997 0.30502377179080825 0.012703125000000001 0.014247226624405706
0 0.8947226562499999 0.9114025356576863 0.01502734375 0.015221870047543582
0 0.28246875 0.9369413629160064 0.009929687500000001 0.019278922345483358
0 0.9704335937499999 0.515459587955626 0.010703124999999999 0.01753565768621236
0 0.42519921875 0.5287717908082409 0.0113671875 0.01762282091917591
0 0.263109375 0.6602852614896989 0.0148671875 0.015316957210776545
0 0.3261796875 0.31352614896988906 0.00963671875 0.015015847860538827
0 0.9570742187500001 0.8482091917591126 0.01414453125 0.01631537242472266
0 0.38216015625 0.6171949286846276 0.011773437500000001 0.015126782884310618
0 0.8179609375 0.7318700475435816 0.01654296875 0.01624405705229794
0 0.25665234375 0.1809429477020602 0.0096796875 0.017234548335974643
0 0.2808359375 0.14182250396196514 0.0135859375 0.01870839936608558
0 0.59998046875 0.880515055467512 0.01218359375 0.015839936608557842
0 0.8662734375 0.5138114104595879 0.0071015625 0.015729001584786056
0 0.632234375 0.4272503961965135 0.01221484375 0.01950079239302694
0 0.83583984375 0.4878526148969889 0.012515624999999999 0.01667987321711569
0 0.0780390625 0.5263470681458003 0.015191406250000001 0.0134310618066561
0 0.45953125000000006 0.8313708399366087 0.00798828125 0.03021394611727417
0 0.52537109375 0.8143898573692552 0.00830078125 0.02700475435816165
0 0.58837109375 0.2072741679873217 0.01194140625 0.022321711568938196
0 0.006640625 0.05861331220285262 0.011597656250000001 0.020316957210776546
0 0.7598515625 0.6435499207606973 0.01076171875 0.02076862123613312
0 0.24025390624999998 0.4903011093502377 0.014890625 0.0155229793977813
0 0.29826953125 0.3425277337559429 0.013957031249999998 0.014524564183835182
0 0.4496875 0.8483597464342315 0.01462890625 0.015007923930269415
0 0.865875 0.6026148969889065 0.0125546875 0.016870047543581616
0 0.44899218750000003 0.8838510301109351 0.01584765625 0.01181458003169572
0 0.30953906249999996 0.9718541996830428 0.0163125 0.013581616481774961
0 0.16591796875 0.603985736925515 0.0096875 0.01685419968304279
0 0.772171875 0.5762282091917591 0.013613281250000001 0.01626782884310618
0 0.5120078125 0.616743264659271 0.00837109375 0.015515055467511885
0 0.3086171875 0.6183755942947702 0.012871093750000001 0.0210459587955626
0 0.4833046875 0.5176148969889065 0.011066406249999999 0.019001584786053884
0 0.52590234375 0.07874009508716323 0.0091953125 0.013803486529318544
0 0.28235546875 0.6466798732171157 0.0147578125 0.015839936608557842
0 0.86646484375 0.9712519809825674 0.015570312499999999 0.017432646592709985
0 0.94865625 0.8745324881141047 0.00829296875 0.018201267828843105
0 0.6912890625 0.6606339144215531 0.01471875 0.014580031695721076
0 0.8596718750000001 0.10812995245641839 0.016441406250000002 0.015142630744849445
0 0.42516796875 0.7574881141045959 0.011171875000000001 0.014548335974643422
0 0.95751171875 0.5081061806656102 0.015335937499999999 0.014841521394611729
0 0.5410742187500001 0.0336608557844691 0.0063671875000000005 0.014461172741679873
0 0.32439062500000004 0.2624881141045959 0.015226562499999999 0.014786053882725832
0 0.04571484375 0.18206022187004753 0.009109375 0.019136291600633914
0 0.8231601562499999 0.9647068145800317 0.0120625 0.015055467511885896
0 0.24228125 0.1881933438985737 0.0143828125 0.01423930269413629
0 0.0194609375 0.11979397781299525 0.00957421875 0.02663232963549921
0 0.6626562500000001 0.31235340729001587 0.011046875000000001 0.014984152139461172
0 0.76799609375 0.9424088748019017 0.0171015625 0.016172741679873218
0 0.927875 0.8205546751188589 0.012640624999999999 0.015578446909667195
0 0.47178515625 0.43248019017432643 0.00791796875 0.02082408874801902
0 0.82107421875 0.35613312202852615 0.0098515625 0.018954041204437402
0 0.5566953125 0.817606973058637 0.015953125000000002 0.014492868462757528
0 0.9935078125000001 0.1286687797147385 0.012171875 0.016957210776545165
0 0.8539843749999999 0.5745166402535657 0.01125 0.021275752773375595
0 0.8665664062499999 0.6483597464342314 0.01307421875 0.012313787638668779
0 0.63028515625 0.6882805071315372 0.0110703125 0.0163946117274168
0 0.42876953125000006 0.6756418383518225 0.01231640625 0.014881141045958796
0 0.38998828125 0.4441125198098257 0.008339843750000001 0.014754358161648178
0 0.71715234375 0.5342947702060221 0.01208203125 0.013890649762282093
0 0.487796875 0.2098177496038035 0.013523437499999999 0.021561014263074486
0 0.2009765625 0.4788827258320127 0.01233203125 0.026782884310618066
0 0.16615234375000001 0.8825752773375594 0.0081875 0.01568145800316957
0 0.72476953125 0.2016244057052298 0.013332031250000001 0.014516640253565768
0 0.8275390625 0.8261965134706816 0.0155546875 0.014857369255150554
0 0.4066875 0.31660063391442156 0.01467578125 0.015213946117274167
0 0.455015625 0.34061014263074485 0.00928515625 0.013922345483359747
0 0.61836328125 0.6950713153724247 0.01340234375 0.014690966719492868
0 0.6496562499999999 0.16607765451664025 0.014097656250000002 0.014635499207606973
0 0.30786328125 0.5819255150554675 0.0090546875 0.02032488114104596
0 0.559796875 0.584904912836767 0.01713671875 0.013446909667194928
0 0.411109375 0.25084786053882724 0.012371093750000001 0.012527733755942948
0 0.10905078125 0.9510459587955626 0.011671875 0.016283676703645007
0 0.46145703125 0.9488351822503962 0.0132265625 0.013652931854199683
0 0.6333632812500001 0.8779160063391442 0.0143984375 0.015649762282091917
0 0.86591015625 0.38259112519809824 0.01095703125 0.015990491283676703
0 0.9812578125 0.5750158478605388 0.00806640625 0.017733755942947703
0 0.061390625 0.9790174326465927 0.0087578125 0.019223454833597466
0 0.817296875 0.9196038034865293 0.013222656250000001 0.020103011093502376
0 0.90875390625 0.8366877971473852 0.0113828125 0.01640253565768621
0 0.9072460937500001 0.06880348652931854 0.008792968750000001 0.02270998415213946
0 0.7654375 0.6607844690966719 0.00987890625 0.014841521394611729
0 0.41517578125 0.18939778129952456 0.00831640625 0.019849445324881143
0 0.4093046875 0.5382091917591125 0.01173046875 0.01669572107765452
0 0.36587109375 0.0850633914421553 0.01010546875 0.019524564183835184
0 0.5327421875 0.2994532488114105 0.008953125000000001 0.02349445324881141
0 0.191578125 0.9067591125198098 0.008847656249999999 0.022297939778129952
0 0.37072656249999997 0.1750713153724247 0.0125 0.019278922345483358
0 0.36658203125 0.39399366085578447 0.00990234375 0.015974643423137876
0 0.20259375 0.05049128367670364 0.014640624999999999 0.014841521394611729
0 0.07955859374999999 0.9528446909667195 0.01502734375 0.015316957210776545
0 0.08541015625000001 0.8043423137876387 0.008515625 0.015380348652931855
0 0.24695312500000002 0.9692868462757528 0.014476562500000002 0.016600633914421552
0 0.60059375 0.11561806656101425 0.00948046875 0.02135499207606973
0 0.44129687500000003 0.5244057052297939 0.01122265625 0.02114104595879556
0 0.07780859375 0.6473692551505547 0.012867187499999998 0.013605388272583202
0 0.7029804687500001 0.3342472266244057 0.010624999999999999 0.01792393026941363
0 0.35070703124999997 0.9248732171156894 0.01149609375 0.014603803486529319
0 0.69175390625 0.20811410459587953 0.01565234375 0.014469096671949289
0 0.833546875 0.7689381933438986 0.00871484375 0.013304278922345482
0 0.10641015625000001 0.7457923930269414 0.0075 0.0193026941362916
0 0.1588671875 0.04859746434231379 0.01218359375 0.013446909667194928
0 0.3540078125 0.43965927099841523 0.0104609375 0.019984152139461173
0 0.82358984375 0.30769413629160064 0.01223046875 0.014683042789223456
0 0.6206015625 0.19782884310618065 0.013500000000000002 0.018906497622820918
0 0.7414570312500001 0.9533914421553091 0.0131015625 0.01873217115689382
0 0.8752578124999999 0.0626703645007924 0.015753906249999998 0.014389857369255151
0 0.7380117187499999 0.19343898573692553 0.0146796875 0.014223454833597464
0 0.889859375 0.7459270998415214 0.013203125 0.015213946117274167
0 0.53997265625 0.4409667194928685 0.0109765625 0.013217115689381933
0 0.04681640625 0.5156973058637083 0.011679687499999999 0.016893819334389857
0 0.9899687500000001 0.43628367670364504 0.014546875 0.0193026941362916
0 0.88055078125 0.7385023771790808 0.012511718750000001 0.014587955625990492
0 0.994125 0.34066561014263075 0.01174609375 0.015530903328050714
0 0.74444140625 0.4826386687797148 0.00882421875 0.013605388272583202
0 0.4164921875 0.8364263074484944 0.012109375 0.01816957210776545
0 0.8526562500000001 0.3348969889064976 0.011578125 0.015134706814580033
0 0.6574648437499999 0.6584706814580031 0.01191015625 0.020174326465927102
0 0.30311328125000003 0.8138193343898573 0.01665234375 0.021790808240887482
0 0.1624765625 0.6173692551505546 0.01146875 0.015079239302694137
0 0.9394609375 0.13195721077654518 0.009546875 0.021624405705229794
0 0.1247734375 0.06082408874801902 0.011820312500000001 0.015832012678288432
0 0.193796875 0.5417749603803487 0.01653515625 0.012345483359746435
0 0.863453125 0.8777099841521395 0.009640625 0.01672741679873217
0 0.835625 0.12527733755942946 0.01213671875 0.01769413629160063
0 0.4104453125 0.46793185419968303 0.01453515625 0.014928684627575278
0 0.09813671874999999 0.4281616481774961 0.0148984375 0.01851822503961965
0 0.25133203125 0.8366323296354992 0.012855468749999998 0.01720285261489699
0 0.02996875 0.6715689381933438 0.013980468749999999 0.0162202852614897
0 0.30608203125 0.5202139461172741 0.01137109375 0.019968304278922346
0 0.541453125 0.7040412044374009 0.010925781249999999 0.016307448494453248
0 0.45717187499999995 0.5575594294770206 0.009316406250000001 0.02130744849445325
0 0.9045390624999999 0.39160063391442157 0.00952734375 0.016450079239302695
0 0.6483671875 0.6322266244057052 0.01220703125 0.019072900158478606
0 0.6099257812500001 0.5991917591125198 0.01516796875 0.016354992076069733
0 0.18785156249999999 0.6423137876386688 0.014140625 0.01618066561014263
0 0.6265859375 0.29950871632329634 0.0081328125 0.019445324881141045
0 0.15137890625 0.7097939778129952 0.009109375 0.020380348652931854
0 0.94976953125 0.7845800316957211 0.00992578125 0.020800316957210775
0 0.19501171875 0.923486529318542 0.01084765625 0.01724247226624406
0 0.13568750000000002 0.235689381933439 0.01097265625 0.01779714738510301
0 0.3967734375 0.7038589540412045 0.00978515625 0.013629160063391441
0 0.082828125 0.11378763866877971 0.012617187499999998 0.028240887480190175
0 0.72874609375 0.4482329635499207 0.01515625 0.026711568938193344
0 0.104421875 0.28125990491283676 0.011175781249999999 0.014421553090332804
0 0.7916640625 0.5716164817749604 0.01469140625 0.015562599049128368
0 0.75518359375 0.3720364500792393 0.01327734375 0.014072900158478606
0 0.69226953125 0.9439223454833597 0.011835937500000001 0.019397781299524564
0 0.8238007812499999 0.6277496038034865 0.01240625 0.01554675118858954
0 0.17134765624999998 0.44183835182250397 0.01146875 0.015364500792393028
0 0.06184765625000001 0.4122900158478605 0.00913671875 0.01807448494453249
0 0.6910390625 0.9170285261489699 0.013015625 0.01471473851030111
0 0.7938007812500001 0.2830190174326466 0.0183359375 0.013438985736925516
0 0.8344765625000001 0.905419968304279 0.008480468750000001 0.015800316957210778
0 0.0872890625 0.18419968304278922 0.0110625 0.013882725832012678
0 0.4687265625 0.1196513470681458 0.009824218749999999 0.021204437400950873
0 0.5324453124999999 0.6128367670364501 0.00808203125 0.022044374009508715
0 0.591078125 0.7235419968304279 0.01607421875 0.01724247226624406
0 0.7466640625000001 0.5019809825673535 0.00844921875 0.022004754358161648
0 0.91063671875 0.6945483359746434 0.00946484375 0.015475435816164819
0 0.525828125 0.9203565768621236 0.009234375 0.014690966719492868
0 0.033937499999999995 0.3359270998415214 0.010437499999999999 0.01538827258320127
0 0.23271484375 0.9870443740095088 0.01272265625 0.015935023771790808
0 0.234609375 0.8441759112519809 0.00908203125 0.03279714738510301
0 0.8935546875 0.9706180665610143 0.0121953125 0.013597464342313789
0 0.61600390625 0.9713153724247227 0.01133984375 0.022044374009508715
0 0.6116601562499999 0.46850237717908083 0.015320312499999999 0.01580824088748019
0 0.747609375 0.9426703645007924 0.00938671875 0.019635499207606974
0 0.08225390625 0.4533835182250396 0.0103515625 0.013264659270998415
0 0.65153125 0.3820998415213946 0.006136718750000001 0.01705229793977813
0 0.5351484375 0.8531774960380349 0.00703125 0.018700475435816166
0 0.9362773437499999 0.5992551505546752 0.007230468750000001 0.027702060221870047
0 0.14748046875 0.17989698890649763 0.010296875 0.01286053882725832
0 0.08707421875 0.32260697305863706 0.00856640625 0.01921553090332805
0 0.71012890625 0.40229001584786056 0.01059375 0.02888272583201268
0 0.74825 0.014770206022187005 0.00762109375 0.02954041204437401
0 0.26292578125 0.9710618066561014 0.008242187500000001 0.025158478605388272
0 0.56067578125 0.005237717908082409 0.006042968750000001 0.010467511885895404
0 0.27653515624999997 0.06320919175911252 0.0138828125 0.014793977812995247
0 0.8977421874999999 0.8628209191759113 0.01456640625 0.018637083993660854
0 0.13230859374999998 0.6089619651347068 0.0119453125 0.013740095087163232
0 0.54918359375 0.5155229793977814 0.007796875 0.02750396196513471
0 0.8833359375000001 0.9689698890649762 0.013136718750000002 0.01279714738510301
0 0.35372265625 0.31497622820919174 0.01162890625 0.018977812995245643
0 0.30165234375 0.5275435816164817 0.013617187499999999 0.011148969889064976
0 0.35115234375000004 0.14812995245641838 0.0109375 0.012789223454833598
0 0.9841757812499999 0.3188272583201268 0.009296875 0.02865293185419968
0 0.8795781249999999 0.8598890649762283 0.01642578125 0.018454833597464342
0 0.942203125 0.6457923930269414 0.00633984375 0.020879556259904914
0 0.32412109375 0.4554754358161648 0.0100390625 0.01543581616481775
0 0.7504062499999999 0.65716323296355 0.01234375 0.015412044374009509
0 0.51262890625 0.6284548335974643 0.0072109375 0.013692551505546753
0 0.62537890625 0.951553090332805 0.01681640625 0.013248811410459587
0 0.05659375 0.6932884310618066 0.0089140625 0.019096671949286846
0 0.30710546875 0.7459904912836768 0.0116953125 0.014611727416798732
0 0.9719687499999999 0.10201267828843107 0.013679687500000001 0.01591917591125198
0 0.9392890625 0.9947543581616483 0.00925 0.010491283676703645
0 0.68915234375 0.9653961965134706 0.007992187500000001 0.016909667194928684
0 0.3506328125 0.5508161648177496 0.00806640625 0.016600633914421552
0 0.20691015625000003 0.8239540412044374 0.011414062499999999 0.018114104595879556
0 0.6720312500000001 0.6413232963549921 0.0073984375000000005 0.01661648177496038
0 0.86456640625 0.951418383518225 0.01668359375 0.01805863708399366
0 0.3911953125 0.4288193343898573 0.0108359375 0.01945324881141046
0 0.53964453125 0.5967353407290016 0.015578125000000002 0.012852614896988905
0 0.9372929687499999 0.8078763866877972 0.01215625 0.014175911251980982
0 0.9607890625 0.007670364500792393 0.00744921875 0.015340729001584785
0 0.1614296875 0.395689381933439 0.00659765625 0.024175911251980983
0 0.690125 0.32766244057052296 0.0107265625 0.020364500792393027
0 0.701359375 0.7786370839936608 0.01355078125 0.015245641838351821
0 0.58967578125 0.5995958795562599 0.013832031249999998 0.01818541996830428
0 0.8188203125 0.5738193343898573 0.0161328125 0.012812995245641839
0 0.16425390625 0.09896196513470681 0.01175390625 0.015206022187004755
0 0.09225 0.7919255150554675 0.00728125 0.020245641838351824
0 0.9492734374999999 0.6856180665610143 0.013132812499999999 0.01941362916006339
0 0.649921875 0.22446909667194925 0.008792968750000001 0.016711568938193345
0 0.0594453125 0.5848019017432646 0.01023046875 0.02294770206022187
0 0.849625 0.733946117274168 0.01371484375 0.020966719492868463
0 0.31926953125 0.06963549920760696 0.00953515625 0.02607765451664025
0 0.5627382812499999 0.8813946117274167 0.0069101562500000005 0.01763866877971474
0 0.22012109375 0.23999207606973058 0.01784375 0.012812995245641839
0 0.8704609375000001 0.09460380348652932 0.010015625 0.020451664025356576
0 0.12096484375000001 0.25743264659271 0.01078515625 0.0141283676703645
0 0.21483593750000002 0.044381933438985735 0.014953125000000001 0.009770206022187004
0 0.60198046875 0.824080824088748 0.0101640625 0.01637083993660856
0 0.0590078125 0.9016957210776546 0.015046875000000001 0.012955625990491285
0 0.08741796874999999 0.3403803486529319 0.01503515625 0.013225039619651349
0 0.4689140625 0.052274167987321714 0.0068515625 0.019770206022187004
0 0.12326171875 0.08741679873217115 0.0109140625 0.019611727416798733
0 0.93202734375 0.8789778129952456 0.00894140625 0.023724247226624407
0 0.280109375 0.8567511885895405 0.00916796875 0.029001584786053886
0 0.10106250000000001 0.4516877971473851 0.0085703125 0.013597464342313789
0 0.104609375 0.4611251980982568 0.01241015625 0.013637083993660856
0 0.3242578125 0.18654516640253566 0.00935546875 0.02438985736925515
0 0.6344375 0.2146513470681458 0.0082734375 0.014057052297939777
0 0.33515625 0.1568700475435816 0.01277734375 0.01950079239302694
0 0.39284765625 0.11007923930269413 0.0091484375 0.024572107765451667
0 0.35065234375 0.7953803486529318 0.0069609375 0.01769413629160063
0 0.6592421875000001 0.7306735340729001 0.0087265625 0.017083993660855782
0 0.8347734375 0.9427812995245641 0.008136718749999999 0.01650554675118859
0 0.8002968750000001 0.5280190174326466 0.00902734375 0.01216323296354992
0 0.04357421875 0.890594294770206 0.013484375000000002 0.010586370839936608
0 0.9956171875000001 0.7733438985736926 0.008765625 0.015015847860538827
0 0.1759609375 0.8498652931854199 0.00744140625 0.01220285261489699
0 0.8748203125 0.7030348652931855 0.01033984375 0.013573692551505546
0 0.6394296875000001 0.2814342313787639 0.0124375 0.02297147385103011
0 0.66730078125 0.8703486529318543 0.008828125000000001 0.03038827258320127
0 0.81753125 0.3255388272583201 0.0124375 0.013066561014263072
0 0.135984375 0.9375832012678289 0.012152343749999999 0.014088748019017433
0 0.56748828125 0.35013470681458003 0.007230468750000001 0.019469096671949286
0 0.11846484374999999 0.2081458003169572 0.01765234375 0.015158478605388272
0 0.1967734375 0.7172503961965134 0.01110546875 0.014057052297939777
0 0.8041328125 0.8677258320126783 0.013148437499999999 0.014207606973058636
0 0.98677734375 0.6454912836767036 0.00865625 0.02041204437400951
0 0.34874218749999997 0.04083201267828843 0.00612109375 0.011759112519809826
0 0.6698125 0.7321711568938193 0.009828125 0.0215689381933439
0 0.203078125 0.2409270998415214 0.01071875 0.028129952456418382
0 0.25170703125 0.17843898573692552 0.00666796875 0.015158478605388272
0 0.39137109375 0.054286846275752774 0.010308593750000001 0.020404120443740095
0 0.51127734375 0.18054675118858954 0.007363281250000001 0.015729001584786056
0 0.5967421875000001 0.8354120443740095 0.01838671875 0.010578446909667194
0 0.7341875 0.8003248811410459 0.0123984375 0.02316957210776545
0 0.04811328125 0.07561806656101427 0.0071640625 0.01748811410459588
0 0.34612890625000003 0.33695721077654517 0.006171875 0.0203486529318542
0 0.6456953125 0.23371632329635497 0.01157421875 0.01851822503961965
0 0.16536328125 0.276838351822504 0.0124921875 0.01705229793977813
0 0.6212890625 0.3162599049128368 0.01196875 0.01370839936608558
0 0.219484375 0.9851743264659271 0.013015625 0.0134310618066561
0 0.325765625 0.4449049128367671 0.00880078125 0.011933438985736925
0 0.21970703125000002 0.5253882725832012 0.00962890625 0.028827258320126784
0 0.33237890625 0.09658478605388272 0.011269531250000001 0.02523771790808241
0 0.36428906250000004 0.2749683042789223 0.011703125 0.030649762282091916
0 0.14420703125 0.2300633914421553 0.01294140625 0.023946117274167986
0 0.12179296875000001 0.8144928684627576 0.007921875 0.03076862123613312
0 0.16494921875 0.6662282091917591 0.00671875 0.014310618066561013
0 0.0619609375 0.3229160063391442 0.012617187499999998 0.012757527733755944
0 0.8603476562499999 0.6542551505546751 0.01114453125 0.031212361331220285
0 0.6633320312500001 0.17109350237717907 0.0093515625 0.01925515055467512
0 0.0637109375 0.767377179080824 0.012843750000000001 0.01938985736925515
0 0.28141796874999997 0.11053882725832012 0.0088359375 0.025047543581616483
0 0.5137421875 0.2808637083993661 0.008421874999999999 0.010887480190174327
0 0.54133984375 0.019968304278922346 0.00627734375 0.010253565768621235
0 0.99313671875 0.1658082408874802 0.013722656250000001 0.0158716323296355
0 0.24257421875000001 0.8323613312202853 0.00815234375 0.02299524564183835
0 0.13950390625 0.28623613312202856 0.0074609375000000006 0.02790015847860539
0 0.10802343750000001 0.31021394611727415 0.01706640625 0.007749603803486529
0 0.81042578125 0.5303882725832013 0.012578125 0.023153724247226625
0 0.287109375 0.3874881141045959 0.00699609375 0.028541996830427893
0 0.53226171875 0.7036925515055467 0.0065078125 0.016307448494453248
0 0.29162890625000004 0.09444532488114105 0.0081484375 0.023740095087163234
0 0.12142578125 0.2867353407290016 0.0102421875 0.014572107765451665
0 0.96083203125 0.09248019017432646 0.010738281249999999 0.01671949286846276
0 0.075296875 0.9365927099841521 0.0081015625 0.018993660855784467
0 0.6092226562499999 0.4077733755942948 0.009316406250000001 0.01849445324881141
0 0.3698125 0.7181616481774961 0.01236328125 0.012591125198098256
0 0.11832421875000002 0.4321473851030111 0.0058671875 0.026497622820919175
0 0.316765625 0.4515610142630745 0.0066640625 0.0091283676703645
0 0.7391875 0.4615768621236133 0.009238281249999999 0.03077654516640254
0 0.74600390625 0.6675198098256735 0.011902343749999999 0.011244057052297939
0 0.002796875 0.9130824088748019 0.00559375 0.009635499207606974
0 0.8920546874999999 0.9545958795562599 0.007875 0.019754358161648177
0 0.6438359375 0.18951664025356577 0.007265625 0.017662440570522978
0 0.91878515625 0.7160380348652932 0.00581640625 0.02511093502377179
0 0.9662499999999999 0.30020602218700476 0.008921875 0.025
0 0.8255234375 0.7082646592709985 0.00796484375 0.020729001584786053
0 0.35777734375 0.6707369255150555 0.00664453125 0.017282091917591124
0 0.6578046875 0.6375277337559428 0.00797265625 0.01886687797147385
0 0.44828515625 0.7384310618066561 0.0101796875 0.029960380348652935
0 0.6218828125 0.5944215530903327 0.00966796875 0.02421553090332805
0 0.40995312500000003 0.9723454833597464 0.00840625 0.012004754358161649
0 0.49030859375 0.6255705229793979 0.006671874999999999 0.01757527733755943
0 0.56178515625 0.8711568938193345 0.00757421875 0.011600633914421553
0 0.9946015625 0.6314025356576862 0.01079296875 0.018724247226624406
0 0.547296875 0.3975435816164818 0.006640625 0.032028526148969894
0 0.33780859375 0.4528763866877971 0.0075625 0.01347068145800317
0 0.85113671875 0.30954833597464343 0.00836328125 0.022131537242472268
0 0.8393124999999999 0.7739698890649762 0.01054296875 0.02039619651347068
0 0.52037109375 0.3762995245641838 0.010562499999999999 0.024136291600633915
0 0.659375 0.750229793977813 0.006683593749999999 0.017131537242472267
0 0.02303515625 0.0191283676703645 0.00921484375 0.02855784469096672
0 0.11318359375 0.08590332805071316 0.005984375 0.0323296354992076
0 0.11911328125000001 0.08965927099841522 0.007054687499999999 0.03386687797147385
0 0.058984375 0.21375594294770206 0.01045703125 0.03618858954041205
0 0.16228125 0.0648256735340729 0.0094765625 0.022028526148969888
0 0.1447734375 0.2963946117274168 0.00535546875 0.027147385103011092
0 0.032457031250000004 0.46404912836767037 0.0060234375 0.026695721077654513
0 0.0378125 0.5169968304278922 0.00646875 0.0312202852614897
0 0.08577343750000001 0.5000237717908083 0.007363281250000001 0.028058637083993657
0 0.0456171875 0.6645166402535658 0.00825390625 0.023985736925515054
0 0.22954296875 0.6647385103011093 0.008921875 0.03076862123613312
0 0.332828125 0.7364659270998415 0.0066914062499999994 0.026695721077654513
0 0.47894140625 0.8636212361331221 0.00803125 0.030316957210776544
0 0.41212890625 0.19118858954041204 0.0060234375 0.030316957210776544
0 0.5514375 0.13710776545166403 0.00713671875 0.031671949286846274
0 0.66978125 0.17783676703645007 0.00646875 0.01176703645007924
0 0.63487109375 0.233946117274168 0.007585937500000001 0.021719492868462757
0 0.6876249999999999 0.7934786053882726 0.0078085937499999996 0.02941362916006339
0 0.73915625 0.9403169572107766 0.00646875 0.02262282091917591
0 0.80674609375 0.5319255150554675 0.005578125 0.02126782884310618
0 0.77239453125 0.29797939778129956 0.013160156249999999 0.013122028526148969
0 0.78008984375 0.3052218700475436 0.01070703125 0.010404120443740096
0 0.74484375 0.32836767036450076 0.00624609375 0.019912836767036448
0 0.85147265625 0.05520602218700475 0.00535546875 0.02896196513470681
0 0.9168359374999999 0.15181458003169573 0.01070703125 0.023985736925515054
0 0.92508984375 0.17444532488114106 0.01516796875 0.013122028526148969
0 0.9337890625 0.28824881141045955 0.0084765625 0.020816164817749602
0 0.9969257812500001 0.6427892234548336 0.0053671875 0.02488906497622821
0 0.9970078125 0.9149762282091918 0.0059804687500000005 0.028058637083993657
0 0.0383984375 0.8444611727416799 0.011078125 0.021719492868462757
0 0.04375390625 0.7029080824088748 0.0084921875 0.021719492868462757
0 0.9623671874999999 0.7040332805071315 0.0114453125 0.025467511885895404
0 0.74600390625 0.7800475435816164 0.01070703125 0.021719492868462757
0 0.66846875 0.7632012678288431 0.0055390625 0.023969889064976227
0 0.6107578124999999 0.44462757527733754 0.009234375 0.0255229793977813