0 0.59475 0.636 0.012 0.021333333333333333
0 0.5655 0.8435555555555555 0.005 0.02311111111111111
0 0.833 0.4871111111111111 0.006 0.017777777777777778
0 0.82825 0.4728888888888889 0.0075 0.015111111111111112
0 0.561 0.8306666666666667 0.0115 0.013333333333333334
0 0.57025 0.7955555555555556 0.0095 0.012444444444444444
0 0.60375 0.7924444444444444 0.008 0.021333333333333333
0 0.19825 0.4 0.008 0.02311111111111111
0 0.2215 0.38666666666666666 0.007 0.021333333333333333
0 0.21975 0.37022222222222223 0.006 0.021333333333333333
0 0.18875 0.396 0.01 0.012444444444444444
0 0.22275 0.43022222222222223 0.008 0.016888888888888887
0 0.27275 0.5044444444444445 0.007 0.017777777777777778
0 0.299 0.5013333333333333 0.01 0.013333333333333334
0 0.299 0.48088888888888887 0.009 0.008888888888888889
0 0.38925 0.43644444444444447 0.013 0.012444444444444444
0 0.4295 0.38222222222222224 0.01 0.019555555555555555
0 0.43525 0.4608888888888889 0.008 0.021333333333333333
0 0.408 0.6093333333333333 0.012 0.014222222222222223
0 0.4035 0.6048888888888889 0.006 0.02311111111111111
0 0.43075 0.5991111111111111 0.0055 0.021333333333333333
0 0.4525 0.6013333333333334 0.007 0.02311111111111111
0 0.175 0.5231111111111111 0.01 0.011555555555555555
0 0.3335 0.5048888888888889 0.009 0.016888888888888887
0 0.33125 0.47733333333333333 0.009 0.013333333333333334
0 0.26925 0.6408888888888888 0.0065 0.022222222222222223
0 0.491 0.5515555555555556 0.0075 0.019555555555555555
0 0.506 0.6244444444444445 0.011 0.016
0 0.47225 0.6306666666666667 0.011 0.011555555555555555
0 0.3845 0.5946666666666667 0.007 0.024
0 0.3235 0.7426666666666667 0.01 0.016
0 0.349 0.7475555555555555 0.0055 0.024888888888888887
0 0.26225 0.7715555555555556 0.011 0.010666666666666666
0 0.26475 0.7817777777777778 0.0045 0.017777777777777778
0 0.3605 0.8942222222222223 0.011 0.019555555555555555
0 0.3735 0.8688888888888889 0.0085 0.021333333333333333
0 0.3875 0.8724444444444445 0.0085 0.015111111111111112
0 0.39975 0.872 0.009 0.02666666666666667
0 0.4035 0.8422222222222222 0.0115 0.016
0 0.3505 0.892 0.0085 0.017777777777777778
0 0.29125 0.9911111111111112 0.0115 0.010666666666666666
0 0.28825 0.9622222222222222 0.008 0.02311111111111111
0 0.40375 0.7511111111111111 0.008 0.020444444444444446
0 0.38675 0.9444444444444444 0.008 0.021333333333333333
0 0.41225 0.9617777777777777 0.01 0.015111111111111112
0 0.5615 0.9568888888888889 0.005 0.024
0 0.59 0.9368888888888889 0.01 0.014222222222222223
0 0.64525 0.8582222222222222 0.0095 0.016888888888888887
0 0.544 0.7604444444444445 0.0095 0.010666666666666666
0 0.579 0.5844444444444444 0.01 0.019555555555555555
0 0.43775 0.9395555555555556 0.006 0.019555555555555555
0 0.4385 0.9911111111111112 0.007 0.017777777777777778
0 0.66125 0.5693333333333334 0.01 0.016
0 0.668 0.6604444444444444 0.0095 0.018666666666666668
0 0.4925 0.716 0.005 0.02311111111111111
0 0.597 0.4991111111111111 0.007 0.017777777777777778
0 0.18825 0.8391111111111111 0.013 0.010666666666666666
0 0.1845 0.7991111111111111 0.005 0.016
0 0.191 0.796 0.0055 0.021333333333333333
0 0.406 0.15333333333333332 0.0055 0.024888888888888887
0 0.4665 0.2817777777777778 0.01 0.014222222222222223
0 0.477 0.2831111111111111 0.005 0.02666666666666667
0 0.83 0.48 0.012 0.032
0 0.457 0.6466666666666666 0.009 0.021333333333333333
0 0.74275 0.6146666666666667 0.009 0.020444444444444446
0 0.75875 0.9608888888888889 0.008 0.024888888888888887
0 0.71825 0.8524444444444444 0.009 0.014222222222222223
0 0.67975 0.6595555555555556 0.0115 0.012444444444444444
0 0.53525 0.888 0.009 0.02311111111111111
0 0.6905 0.5848888888888889 0.007 0.016
0 0.6085 0.8506666666666667 0.006 0.022222222222222223
0 0.564 0.21066666666666667 0.007 0.02666666666666667
0 0.59275 0.16266666666666665 0.012 0.019555555555555555
0 0.7125 0.7973333333333333 0.006 0.02311111111111111
0 0.73475 0.7693333333333333 0.009 0.024888888888888887
0 0.91025 0.66 0.011 0.011555555555555555
0 0.25475 0.5377777777777778 0.012 0.013333333333333334
0 0.5195 0.5026666666666667 0.011 0.014222222222222223
0 0.84025 0.6111111111111112 0.01 0.021333333333333333
0 0.7895 0.5648888888888889 0.007 0.027555555555555555
0 0.553 0.2408888888888889 0.007 0.02311111111111111
0 0.55625 0.2111111111111111 0.008 0.021333333333333333
0 0.5855 0.2137777777777778 0.0105 0.019555555555555555
0 0.23975 0.6191111111111111 0.0085 0.014222222222222223
0 0.7245 0.944 0.0055 0.025777777777777778
0 0.832 0.22133333333333333 0.009 0.021333333333333333
0 0.921 0.7755555555555556 0.006 0.019555555555555555
0 0.748 0.484 0.007 0.032
0 0.5695 0.9888888888888889 0.006 0.020444444444444446
0 0.5875 0.9831111111111112 0.008 0.025777777777777778
0 0.69425 0.48488888888888887 0.0135 0.013333333333333334
0 0.978 0.46355555555555555 0.013 0.014222222222222223
0 0.1125 0.6182222222222222 0.008 0.017777777777777778
0 0.75575 0.17066666666666666 0.01 0.013333333333333334
0 0.29075 0.8568888888888889 0.007 0.024888888888888887
0 0.86675 0.5435555555555556 0.012 0.019555555555555555
0 0.768 0.07066666666666667 0.012 0.015111111111111112
0 0.7375 0.24177777777777779 0.005 0.017777777777777778
0 0.7225 0.232 0.006 0.021333333333333333
0 0.74175 0.21644444444444444 0.011 0.022222222222222223
0 0.19875 0.9004444444444445 0.009 0.021333333333333333
0 0.10375 0.9168888888888889 0.009 0.024888888888888887
0 0.876 0.5053333333333333 0.006 0.02666666666666667
0 0.92275 0.06755555555555555 0.009 0.020444444444444446
0 0.90125 0.5848888888888889 0.0135 0.012444444444444444
0 0.88275 0.9493333333333334 0.006 0.02666666666666667
0 0.2855 0.3253333333333333 0.005 0.017777777777777778
0 0.2985 0.32666666666666666 0.006 0.025777777777777778
0 0.13475 0.3035555555555556 0.007 0.024888888888888887
0 0.2325 0.13644444444444445 0.008 0.024
0 0.234 0.08177777777777778 0.012 0.015111111111111112
0 0.38425 0.12755555555555556 0.011 0.015111111111111112
0 0.11575 0.8093333333333333 0.0065 0.02311111111111111
0 0.132 0.8124444444444444 0.005 0.016
0 0.15875 0.8262222222222222 0.005 0.021333333333333333
0 0.1635 0.8311111111111111 0.0035 0.016
0 0.01075 0.036 0.0055 0.015111111111111112
0 0.01625 0.028 0.008 0.010666666666666666
0 0.046 0.04 0.007 0.021333333333333333
0 0.00275 0.19733333333333333 0.005 0.024888888888888887
0 0.1345 0.22933333333333333 0.005 0.02311111111111111
0 0.1675 0.13155555555555556 0.005 0.022222222222222223
0 0.18625 0.21022222222222223 0.0095 0.012444444444444444
0 0.1695 0.27244444444444443 0.0045 0.017777777777777778
0 0.281 0.0791111111111111 0.012 0.012444444444444444
0 0.24175 0.056 0.006 0.022222222222222223
0 0.1915 0.28933333333333333 0.005 0.024888888888888887
0 0.19425 0.256 0.008 0.013333333333333334
0 0.28625 0.12355555555555556 0.009 0.014222222222222223
0 0.03525 0.40444444444444444 0.013 0.017777777777777778
0 0.0525 0.3768888888888889 0.005 0.02311111111111111
0 0.037 0.9884444444444445 0.0075 0.020444444444444446
0 0.21675 0.9662222222222222 0.0065 0.019555555555555555
0 0.22275 0.9662222222222222 0.007 0.017777777777777778
0 0.18575 0.5186666666666667 0.007 0.010666666666666666
0 0.2145 0.2822222222222222 0.0085 0.017777777777777778
0 0.33075 0.19777777777777777 0.0045 0.015111111111111112
0 0.33275 0.17066666666666666 0.005 0.018666666666666668
0 0.3275 0.24177777777777779 0.006 0.022222222222222223
0 0.40725 0.112 0.009 0.012444444444444444
0 0.41075 0.22577777777777777 0.007 0.018666666666666668
0 0.388 0.2946666666666667 0.015 0.012444444444444444
0 0.4335 0.2777777777777778 0.006 0.021333333333333333
0 0.467 0.13466666666666666 0.0065 0.017777777777777778
0 0.512 0.29155555555555557 0.014 0.010666666666666666
0 0.52325 0.28844444444444445 0.01 0.008888888888888889
0 0.528 0.2946666666666667 0.01 0.010666666666666666
0 0.53675 0.2897777777777778 0.005 0.018666666666666668
0 0.56375 0.07866666666666666 0.007 0.021333333333333333
0 0.663 0.168 0.011 0.010666666666666666
0 0.60275 0.212 0.008 0.019555555555555555
0 0.614 0.20755555555555555 0.007 0.016
0 0.62275 0.26666666666666666 0.006 0.02311111111111111
0 0.556 0.34044444444444444 0.009 0.013333333333333334
0 0.537 0.11466666666666667 0.006 0.012444444444444444
0 0.572 0.029333333333333333 0.006 0.016
0 0.662 0.05422222222222222 0.007 0.018666666666666668
0 0.54675 0.264 0.01 0.010666666666666666
0 0.678 0.3622222222222222 0.006 0.02311111111111111
0 0.66625 0.452 0.0075 0.021333333333333333
0 0.672 0.4151111111111111 0.01 0.008888888888888889
0 0.47775 0.40044444444444444 0.005 0.018666666666666668
0 0.465 0.4351111111111111 0.005 0.017777777777777778
0 0.6585 0.4955555555555556 0.009 0.012444444444444444
0 0.61 0.37333333333333335 0.013 0.012444444444444444
0 0.546 0.39466666666666667 0.006 0.019555555555555555
0 0.5865 0.5795555555555556 0.0055 0.010666666666666666
0 0.52625 0.7137777777777777 0.012 0.009777777777777778
0 0.52675 0.7057777777777777 0.011 0.012444444444444444
0 0.53975 0.8004444444444444 0.007 0.017777777777777778
0 0.497 0.732 0.007 0.017777777777777778
0 0.652 0.8026666666666666 0.004 0.017777777777777778
0 0.6325 0.9137777777777778 0.007 0.010666666666666666
0 0.474 0.9808888888888889 0.0105 0.010666666666666666
0 0.3225 0.888 0.0085 0.012444444444444444
0 0.3745 0.748 0.009 0.016
0 0.2705 0.8911111111111111 0.011 0.014222222222222223
0 0.19125 0.7586666666666667 0.011 0.010666666666666666
0 0.15675 0.7497777777777778 0.009 0.009777777777777778
0 0.18225 0.9542222222222222 0.005 0.016
0 0.16775 0.8257777777777778 0.005 0.010666666666666666
0 0.3495 0.6568888888888889 0.006 0.016
0 0.22775 0.23822222222222222 0.01 0.012444444444444444
0 0.417 0.34044444444444444 0.008 0.017777777777777778
0 0.7115 0.2782222222222222 0.008 0.02311111111111111
0 0.55975 0.12844444444444444 0.008 0.019555555555555555
0 0.529 0.08977777777777778 0.007 0.018666666666666668
0 0.49275 0.10266666666666667 0.0075 0.012444444444444444
0 0.60825 0.037333333333333336 0.011 0.010666666666666666
0 0.609 0.015555555555555555 0.0085 0.021333333333333333
0 0.877 0.24666666666666667 0.009 0.014222222222222223
0 0.8975 0.22088888888888888 0.008 0.015111111111111112
0 0.90175 0.19822222222222222 0.006 0.019555555555555555
0 0.9035 0.1751111111111111 0.009 0.016
0 0.9155 0.04844444444444444 0.012 0.011555555555555555
0 0.98825 0.2826666666666667 0.011 0.017777777777777778
0 0.99575 0.3 0.006 0.017777777777777778
0 0.86025 0.22933333333333333 0.007 0.018666666666666668
0 0.8395 0.3 0.008 0.014222222222222223
0 0.8495 0.2697777777777778 0.011 0.012444444444444444
0 0.8735 0.28444444444444444 0.0075 0.013333333333333334
0 0.93425 0.3831111111111111 0.011 0.014222222222222223
0 0.91975 0.43466666666666665 0.007 0.013333333333333334
0 0.9105 0.4822222222222222 0.0095 0.014222222222222223
0 0.89825 0.5382222222222223 0.0075 0.012444444444444444
0 0.92225 0.5053333333333333 0.009 0.021333333333333333
0 0.69075 0.22666666666666666 0.013 0.013333333333333334
0 0.81625 0.30933333333333335 0.007 0.012444444444444444
0 0.8205 0.3151111111111111 0.007 0.010666666666666666
0 0.8235 0.3204444444444444 0.007 0.012444444444444444
0 0.8295 0.32 0.005 0.022222222222222223
0 0.8165 0.2942222222222222 0.008 0.009777777777777778
0 0.77275 0.3791111111111111 0.006 0.014222222222222223
0 0.77775 0.3586666666666667 0.006 0.030222222222222223
0 0.7895 0.36844444444444446 0.0065 0.019555555555555555
0 0.7545 0.37022222222222223 0.01 0.019555555555555555
0 0.773 0.3448888888888889 0.0075 0.013333333333333334
0 0.825 0.059555555555555556 0.009 0.021333333333333333
0 0.822 0.03777777777777778 0.008 0.017777777777777778
0 0.70125 0.03866666666666667 0.01 0.008888888888888889
0 0.71075 0.041777777777777775 0.006 0.024888888888888887
0 0.76275 0.3217777777777778 0.005 0.017777777777777778
0 0.741 0.312 0.006 0.019555555555555555
0 0.83825 0.4328888888888889 0.005 0.017777777777777778
0 0.79025 0.6502222222222223 0.0125 0.016
0 0.72875 0.7235555555555555 0.013 0.012444444444444444
0 0.724 0.7053333333333334 0.005 0.02311111111111111
0 0.74 0.7093333333333334 0.0085 0.012444444444444444
0 0.9835 0.6222222222222222 0.006 0.017777777777777778
0 0.93775 0.5484444444444444 0.009 0.014222222222222223
0 0.9325 0.4866666666666667 0.0055 0.019555555555555555
0 0.9375 0.516 0.008 0.019555555555555555
0 0.9905 0.5973333333333334 0.006 0.017777777777777778
0 0.804 0.7231111111111111 0.0105 0.013333333333333334
0 0.92075 0.7284444444444444 0.006 0.024888888888888887
0 0.95725 0.792 0.0075 0.014222222222222223
0 0.9745 0.7391111111111112 0.005 0.021333333333333333
0 0.987 0.13155555555555556 0.0075 0.015111111111111112
0 0.8855 0.1928888888888889 0.01 0.008888888888888889
0 0.91175 0.5964444444444444 0.005 0.017777777777777778
0 0.85175 0.7097777777777777 0.0115 0.012444444444444444
0 0.893 0.804 0.007 0.015111111111111112
0 0.903 0.8124444444444444 0.007 0.021333333333333333
0 0.8935 0.9373333333333334 0.005 0.017777777777777778
0 0.90725 0.9266666666666666 0.01 0.016888888888888887
0 0.98925 0.8488888888888889 0.01 0.019555555555555555
0 0.8525 0.11288888888888889 0.0065 0.017777777777777778
0 0.74875 0.24977777777777777 0.006 0.017777777777777778
0 0.751 0.7977777777777778 0.005 0.016
0 0.0905 0.224 0.012 0.025777777777777778
0 0.0425 0.18577777777777776 0.006 0.02666666666666667
0 0.0815 0.015111111111111112 0.0165 0.019555555555555555
0 0.0695 0.011555555555555555 0.01 0.02311111111111111
0 0.26725 0.1791111111111111 0.0095 0.019555555555555555
0 0.46725 0.29288888888888887 0.0095 0.012444444444444444
0 0.48875 0.6684444444444444 0.012 0.016888888888888887
0 0.4165 0.7568888888888889 0.0095 0.014222222222222223
0 0.3785 0.7111111111111111 0.012 0.018666666666666668
0 0.67025 0.1791111111111111 0.008 0.02311111111111111
0 0.80825 0.7133333333333334 0.015 0.016888888888888887
0 0.99475 0.7248888888888889 0.0105 0.018666666666666668
0 0.925 0.264 0.011 0.032
0 0.9755 0.22844444444444445 0.0195 0.019555555555555555