0 0.86975 0.45911111111111114 0.011 0.016
0 0.444 0.43822222222222224 0.0105 0.016
0 0.40775 0.8511111111111112 0.0095 0.016
0 0.01125 0.5768888888888889 0.011 0.016
0 0.3835 0.24266666666666667 0.013 0.016
0 0.716 0.1768888888888889 0.012 0.016
0 0.3635 0.3546666666666667 0.0105 0.016
0 0.017 0.8746666666666667 0.009 0.016
0 0.9495 0.5502222222222222 0.011 0.014222222222222223
0 0.4105 0.9275555555555556 0.011 0.013333333333333334
0 0.95475 0.24488888888888888 0.0125 0.016888888888888887
0 0.355 0.2511111111111111 0.013 0.016888888888888887
0 0.87525 0.35688888888888887 0.01 0.016888888888888887
0 0.59575 0.7106666666666667 0.012 0.017777777777777778
0 0.22 0.664 0.0105 0.019555555555555555
0 0.503 0.5595555555555556 0.01 0.014222222222222223
0 0.97 0.26711111111111113 0.013 0.018666666666666668
0 0.26925 0.5857777777777777 0.008 0.016
0 0.1575 0.2906666666666667 0.0085 0.016
0 0.641 0.2248888888888889 0.01 0.014222222222222223
0 0.1495 0.1768888888888889 0.012 0.017777777777777778
0 0.52 0.44133333333333336 0.01 0.016
0 0.23275 0.4622222222222222 0.014 0.011555555555555555
0 0.46825 0.7973333333333333 0.016 0.011555555555555555
0 0.93875 0.03333333333333333 0.01 0.016888888888888887
0 0.4965 0.08888888888888889 0.0125 0.016
0 0.56025 0.0071111111111111115 0.009 0.014222222222222223
0 0.4405 0.3688888888888889 0.0105 0.017777777777777778
0 0.51325 0.3333333333333333 0.013 0.014222222222222223
0 0.63525 0.872 0.009 0.016888888888888887
0 0.19025 0.11822222222222223 0.01 0.014222222222222223
0 0.85275 0.1928888888888889 0.012 0.016
0 0.2585 0.08622222222222223 0.0105 0.019555555555555555
0 0.69525 0.6053333333333333 0.0085 0.017777777777777778
0 0.8295 0.5537777777777778 0.008 0.018666666666666668
0 0.28225 0.968 0.011 0.014222222222222223
0 0.884 0.40444444444444444 0.01 0.018666666666666668
0 0.84325 0.15911111111111112 0.011 0.014222222222222223
0 0.3225 0.8555555555555555 0.011 0.019555555555555555
0 0.4025 0.05511111111111111 0.012 0.016
0 0.37375 0.7062222222222222 0.013 0.012444444444444444
0 0.487 0.736 0.0095 0.018666666666666668
0 0.80675 0.2048888888888889 0.012 0.016
0 0.4215 0.049777777777777775 0.0095 0.018666666666666668
0 0.18375 0.7831111111111111 0.01 0.018666666666666668
0 0.7565 0.16133333333333333 0.01 0.019555555555555555
0 0.61425 0.6382222222222222 0.009 0.016888888888888887
0 0.322 0.6391111111111111 0.0085 0.012444444444444444
0 0.2405 0.15022222222222223 0.0095 0.016
0 0.0935 0.9093333333333333 0.01 0.016888888888888887
0 0.88975 0.7186666666666667 0.013 0.016888888888888887
0 0.7 0.43555555555555553 0.0095 0.017777777777777778
0 0.241 0.6457777777777778 0.011 0.019555555555555555
0 0.779 0.26711111111111113 0.014 0.016
0 0.59925 0.03688888888888889 0.008 0.024
0 0.60525 0.013333333333333334 0.012 0.017777777777777778
0 0.2345 0.39555555555555555 0.014 0.013333333333333334
0 0.754 0.796 0.0095 0.021333333333333333
0 0.7625 0.48533333333333334 0.01 0.013333333333333334
0 0.7965 0.13866666666666666 0.01 0.016888888888888887
0 0.4525 0.5857777777777777 0.011 0.014222222222222223
0 0.78 0.6946666666666667 0.011 0.012444444444444444
0 0.44425 0.24222222222222223 0.01 0.019555555555555555
0 0.8725 0.8488888888888889 0.012 0.012444444444444444
0 0.03725 0.9217777777777778 0.0125 0.010666666666666666
0 0.05125 0.9275555555555556 0.017 0.010666666666666666
0 0.9 0.6573333333333333 0.012 0.013333333333333334
0 0.28825 0.5684444444444444 0.01 0.014222222222222223
0 0.483 0.6857777777777778 0.011 0.017777777777777778
0 0.85225 0.76 0.011 0.012444444444444444
0 0.9525 0.6053333333333333 0.012 0.017777777777777778
0 0.34325 0.4053333333333333 0.009 0.017777777777777778
0 0.372 0.8586666666666667 0.01 0.016
0 0.269 0.39866666666666667 0.0105 0.017777777777777778
0 0.6505 0.9573333333333334 0.006 0.020444444444444446
0 0.219 0.9413333333333334 0.012 0.016
0 0.23425 0.4231111111111111 0.015 0.012444444444444444
0 0.486 0.8751111111111111 0.0095 0.018666666666666668
0 0.96975 0.20355555555555555 0.0105 0.019555555555555555
0 0.2155 0.41244444444444445 0.008 0.019555555555555555
0 0.7225 0.8457777777777777 0.007 0.016888888888888887
0 0.95175 0.011555555555555555 0.012 0.019555555555555555
0 0.4325 0.1448888888888889 0.008 0.016888888888888887
0 0.9905 0.7217777777777777 0.008 0.018666666666666668
0 0.9235 0.1671111111111111 0.0155 0.014222222222222223
0 0.9525 0.9324444444444444 0.0085 0.02666666666666667
0 0.96575 0.9311111111111111 0.01 0.016
0 0.29025 0.5857777777777777 0.007 0.016
0 0.22825 0.24444444444444444 0.0105 0.013333333333333334
0 0.56925 0.8573333333333333 0.008 0.016888888888888887
0 0.339 0.23955555555555555 0.007 0.017777777777777778
0 0.519 0.4742222222222222 0.009 0.016
0 0.19325 0.042666666666666665 0.008 0.016888888888888887
0 0.7265 0.9928888888888889 0.011 0.012444444444444444
0 0.39875 0.8871111111111111 0.011 0.014222222222222223
0 0.2095 0.5391111111111111 0.008 0.018666666666666668
0 0.3495 0.8111111111111111 0.007 0.018666666666666668
0 0.33875 0.9533333333333334 0.006 0.011555555555555555
0 0.1395 0.7333333333333333 0.0085 0.014222222222222223
0 0.75425 0.908 0.008 0.018666666666666668
0 0.37725 0.172 0.012 0.017777777777777778
0 0.3745 0.7653333333333333 0.0075 0.028444444444444446
0 0.354 0.4688888888888889 0.0075 0.017777777777777778
0 0.907 0.7875555555555556 0.0095 0.016
0 0.416 0.5657777777777778 0.01 0.014222222222222223
0 0.679 0.5471111111111111 0.0085 0.02311111111111111
0 0.15 0.44133333333333336 0.012 0.013333333333333334
0 0.54025 0.8262222222222222 0.006 0.016
0 0.556 0.48933333333333334 0.0075 0.016
0 0.44 0.932 0.009 0.016888888888888887
0 0.2145 0.8395555555555556 0.014 0.010666666666666666
0 0.53275 0.6902222222222222 0.006 0.016888888888888887
0 0.5 0.8386666666666667 0.007 0.016
0 0.393 0.7471111111111111 0.006 0.017777777777777778
0 0.48725 0.2111111111111111 0.012 0.019555555555555555
0 0.5535 0.9173333333333333 0.006 0.017777777777777778
0 0.60575 0.4746666666666667 0.012 0.016888888888888887
0 0.29475 0.18844444444444444 0.0075 0.013333333333333334
0 0.597 0.9275555555555556 0.011 0.017777777777777778
0 0.64175 0.38177777777777777 0.0095 0.019555555555555555
0 0.8325 0.2866666666666667 0.01 0.018666666666666668
0 0.458 0.20444444444444446 0.007 0.02311111111111111
0 0.9105 0.7648888888888888 0.011 0.019555555555555555
0 0.33075 0.5826666666666667 0.008 0.018666666666666668
0 0.5825 0.7693333333333333 0.007 0.012444444444444444
0 0.2535 0.44133333333333336 0.0095 0.021333333333333333
0 0.55525 0.12666666666666668 0.0075 0.014222222222222223
0 0.1795 0.6435555555555555 0.0075 0.016888888888888887
0 0.36025 0.5368888888888889 0.0095 0.012444444444444444
0 0.348 0.037333333333333336 0.008 0.019555555555555555
0 0.157 0.9644444444444444 0.007 0.014222222222222223
0 0.612 0.888 0.012 0.011555555555555555
0 0.319 0.10533333333333333 0.0075 0.018666666666666668
0 0.071 0.32355555555555554 0.01 0.013333333333333334
0 0.986 0.6702222222222223 0.0085 0.018666666666666668
0 0.90375 0.03111111111111111 0.007 0.018666666666666668
0 0.69475 0.7333333333333333 0.009 0.011555555555555555
0 0.3385 0.1648888888888889 0.009 0.014222222222222223
0 0.84075 0.3937777777777778 0.011 0.016
0 0.1995 0.6591111111111111 0.01 0.016
0 0.97475 0.48844444444444446 0.012 0.010666666666666666
0 0.19025 0.5706666666666667 0.006 0.012444444444444444
0 0.333 0.36577777777777776 0.009 0.021333333333333333
0 0.86125 0.6484444444444445 0.0075 0.016888888888888887
0 0.381 0.5791111111111111 0.013 0.013333333333333334
0 0.721 0.39866666666666667 0.014 0.013333333333333334
0 0.60675 0.7617777777777778 0.0095 0.016
0 0.8635 0.7266666666666667 0.0075 0.032
0 0.1865 0.7675555555555555 0.009 0.016888888888888887
0 0.20575 0.18133333333333335 0.009 0.019555555555555555
0 0.3225 0.3426666666666667 0.008 0.016
0 0.95975 0.9444444444444444 0.0125 0.010666666666666666
0 0.81725 0.43377777777777776 0.0095 0.02666666666666667
0 0.02125 0.36444444444444446 0.009 0.016
0 0.2355 0.5213333333333333 0.008 0.016888888888888887
0 0.55275 0.7657777777777778 0.0125 0.021333333333333333
0 0.98225 0.8551111111111112 0.0105 0.018666666666666668
0 0.0355 0.3933333333333333 0.0095 0.012444444444444444
0 0.43975 0.9124444444444444 0.0095 0.019555555555555555
0 0.1585 0.9795555555555555 0.0105 0.013333333333333334
0 0.59075 0.2031111111111111 0.01 0.016888888888888887
0 0.595 0.9644444444444444 0.007 0.016888888888888887
0 0.7435 0.9724444444444444 0.007 0.021333333333333333
0 0.5215 0.18133333333333335 0.0095 0.016888888888888887
0 0.838 0.14266666666666666 0.0095 0.021333333333333333
0 0.55525 0.34844444444444445 0.0065 0.027555555555555555
0 0.134 0.712 0.0125 0.018666666666666668
0 0.4045 0.5662222222222222 0.009 0.016888888888888887
0 0.983 0.5817777777777777 0.005 0.02666666666666667
0 0.759 0.9613333333333334 0.007 0.024888888888888887
0 0.437 0.8333333333333334 0.006 0.016888888888888887
0 0.3885 0.7773333333333333 0.0075 0.017777777777777778
0 0.413 0.8897777777777778 0.009 0.016
0 0.841 0.7293333333333333 0.0095 0.019555555555555555
0 0.678 0.7604444444444445 0.008 0.016
0 0.04225 0.48355555555555557 0.008 0.02311111111111111
0 0.7945 0.6217777777777778 0.0095 0.018666666666666668
0 0.08175 0.20844444444444443 0.0075 0.016888888888888887
0 0.803 0.7822222222222223 0.006 0.016888888888888887
0 0.39875 0.6857777777777778 0.0125 0.013333333333333334
0 0.964 0.23555555555555555 0.007 0.016
0 0.97325 0.228 0.0075 0.021333333333333333
0 0.28425 0.7244444444444444 0.008 0.021333333333333333
0 0.916 0.8928888888888888 0.007 0.021333333333333333
0 0.87475 0.672 0.008 0.017777777777777778
0 0.26125 0.92 0.007 0.017777777777777778
0 0.33525 0.296 0.008 0.018666666666666668
0 0.046 0.9831111111111112 0.01 0.021333333333333333
0 0.566 0.152 0.011 0.029333333333333333
0 0.96075 0.6671111111111111 0.01 0.028444444444444446
0 0.0465 0.7444444444444445 0.008 0.019555555555555555
0 0.51525 0.7248888888888889 0.007 0.012444444444444444
0 0.014 0.17244444444444446 0.008 0.024
0 0.07775 0.6853333333333333 0.008 0.013333333333333334
0 0.3435 0.11288888888888889 0.009 0.024
0 0.64825 0.18 0.007 0.017777777777777778
0 0.44175 0.5662222222222222 0.006 0.024888888888888887
0 0.289 0.22177777777777777 0.009 0.02311111111111111
0 0.5405 0.9893333333333333 0.0085 0.013333333333333334
0 0.7875 0.6248888888888889 0.008 0.024888888888888887
0 0.53875 0.05422222222222222 0.008 0.021333333333333333
0 0.20825 0.8275555555555556 0.007 0.017777777777777778
0 0.14325 0.9382222222222222 0.012 0.014222222222222223
0 0.131 0.9933333333333333 0.009 0.011555555555555555
0 0.1995 0.7986666666666666 0.01 0.014222222222222223
0 0.516 0.20666666666666667 0.0085 0.021333333333333333
0 0.3655 0.5564444444444444 0.008 0.021333333333333333
0 0.1065 0.5795555555555556 0.0075 0.016888888888888887
0 0.557 0.9666666666666667 0.01 0.021333333333333333
0 0.9945 0.08311111111111111 0.0085 0.021333333333333333
0 0.4425 0.7293333333333333 0.007 0.021333333333333333
0 0.1095 0.9617777777777777 0.007 0.021333333333333333
0 0.664 0.07466666666666667 0.008 0.019555555555555555
0 0.68975 0.8208888888888889 0.0105 0.019555555555555555
0 0.6175 0.6595555555555556 0.006 0.017777777777777778
0 0.21425 0.8964444444444445 0.007 0.019555555555555555
0 0.296 0.7822222222222223 0.009 0.010666666666666666
0 0.31075 0.7617777777777778 0.008 0.014222222222222223
0 0.988 0.08 0.013 0.013333333333333334
0 0.513 0.8053333333333333 0.008 0.02666666666666667
0 0.442 0.3337777777777778 0.008 0.016888888888888887
0 0.889 0.37066666666666664 0.008 0.019555555555555555
0 0.0925 0.46444444444444444 0.009 0.019555555555555555
0 0.57925 0.9742222222222222 0.0095 0.021333333333333333
0 0.60175 0.9204444444444444 0.0075 0.02311111111111111
0 0.5165 0.2982222222222222 0.0095 0.03111111111111111
0 0.44025 0.17022222222222222 0.01 0.013333333333333334
0 0.30575 0.8008888888888889 0.006 0.017777777777777778
0 0.30975 0.7928888888888889 0.006 0.014222222222222223
0 0.00525 0.3448888888888889 0.0105 0.013333333333333334
0 0.7925 0.6373333333333333 0.008 0.016
0 0.75475 0.37244444444444447 0.014 0.028444444444444446
0 0.07125 0.23377777777777778 0.0075 0.019555555555555555
0 0.412 0.10311111111111111 0.0075 0.016888888888888887
0 0.15725 0.12933333333333333 0.007 0.016888888888888887
0 0.918 0.49066666666666664 0.008 0.017777777777777778
0 0.24075 0.9733333333333334 0.006 0.016
0 0.969 0.5382222222222223 0.007 0.018666666666666668
0 0.3565 0.5293333333333333 0.01 0.014222222222222223
0 0.458 0.3591111111111111 0.006 0.02311111111111111
0 0.81775 0.6666666666666666 0.009 0.024888888888888887
0 0.93825 0.8248888888888889 0.007 0.010666666666666666
0 0.3135 0.060444444444444446 0.008 0.021333333333333333
0 0.19425 0.8093333333333333 0.008 0.014222222222222223
0 0.80825 0.6124444444444445 0.0065 0.027555555555555555
0 0.90175 0.9662222222222222 0.008 0.021333333333333333
0 0.57575 0.8213333333333334 0.006 0.017777777777777778
0 0.8445 0.38177777777777777 0.012 0.014222222222222223
0 0.57375 0.5533333333333333 0.0075 0.02311111111111111
0 0.68725 0.72 0.0075 0.019555555555555555
0 0.133 0.5875555555555556 0.005 0.024888888888888887
0 0.14425 0.5693333333333334 0.009 0.011555555555555555
0 0.28375 0.7706666666666667 0.0135 0.010666666666666666
0 0.27325 0.5004444444444445 0.0065 0.022222222222222223
0 0.37225 0.43066666666666664 0.007 0.025777777777777778
0 0.5745 0.8071111111111111 0.005 0.02311111111111111
0 0.95475 0.9128888888888889 0.0095 0.012444444444444444
0 0.80825 0.12488888888888888 0.007 0.017777777777777778
0 0.7695 0.07644444444444444 0.011 0.029333333333333333
0 0.7765 0.09022222222222222 0.009 0.014222222222222223
0 0.67075 0.932 0.006 0.024888888888888887
0 0.5955 0.7435555555555555 0.008 0.030222222222222223
0 0.26375 0.06444444444444444 0.008 0.024
0 0.25175 0.024888888888888887 0.015 0.02311111111111111
0 0.31325 0.168 0.007 0.032
0 0.2995 0.22711111111111112 0.008 0.02311111111111111
0 0.52225 0.7848888888888889 0.016 0.020444444444444446
0 0.8985 0.9511111111111111 0.0075 0.019555555555555555
0 0.0965 0.112 0.007 0.024888888888888887
0 0.1535 0.16177777777777777 0.012 0.029333333333333333
0 0.2405 0.011555555555555555 0.011 0.02311111111111111
0 0.2075 0.3688888888888889 0.0085 0.018666666666666668
0 0.7695 0.14177777777777778 0.006 0.032
0 0.92375 0.4817777777777778 0.01 0.018666666666666668
0 0.97575 0.4746666666666667 0.008 0.010666666666666666