0 0.56525 0.7773333333333333 0.00875 0.013333333333333334
0 0.328 0.014666666666666666 0.01125 0.016444444444444446
0 0.172 0.10133333333333333 0.013 0.014222222222222223
0 0.7335 0.7155555555555555 0.013 0.014666666666666666
0 0.811 0.7413333333333333 0.01325 0.01911111111111111
0 0.47675 0.009333333333333334 0.01025 0.018666666666666668
0 0.248 0.09155555555555556 0.01325 0.015555555555555555
0 0.0865 0.008 0.01275 0.015555555555555555
0 0.168 0.24711111111111111 0.0115 0.014222222222222223
0 0.864 0.544 0.01125 0.017333333333333333
0 0.77975 0.12311111111111112 0.013 0.016444444444444446
0 0.75825 0.014666666666666666 0.01175 0.01911111111111111
0 0.40225 0.5506666666666666 0.01075 0.016444444444444446
0 0.97725 0.9497777777777778 0.01125 0.017333333333333333
0 0.278 0.21955555555555556 0.01375 0.02
0 0.88325 0.13777777777777778 0.0115 0.015555555555555555
0 0.801 0.8093333333333333 0.01075 0.016888888888888887
0 0.17325 0.05688888888888889 0.01075 0.02266666666666667
0 0.137 0.7831111111111111 0.0115 0.013333333333333334
0 0.646 0.6511111111111111 0.01025 0.017333333333333333
0 0.07275 0.27955555555555556 0.01 0.014666666666666666
0 0.67225 0.9506666666666667 0.01 0.012888888888888889
0 0.532 0.6937777777777778 0.0105 0.015555555555555555
0 0.91775 0.9764444444444444 0.0115 0.015111111111111112
0 0.64225 0.732 0.0145 0.018666666666666668
0 0.5245 0.8848888888888888 0.0155 0.013777777777777778
0 0.57625 0.07288888888888889 0.01075 0.018222222222222223
0 0.5185 0.6435555555555555 0.013 0.019555555555555555
0 0.58725 0.5142222222222222 0.013 0.018666666666666668
0 0.542 0.5746666666666667 0.0105 0.015111111111111112
0 0.51625 0.9924444444444445 0.0115 0.012444444444444444
0 0.80575 0.9506666666666667 0.0125 0.01911111111111111
0 0.00725 0.09066666666666667 0.011 0.020888888888888887
0 0.73925 0.01911111111111111 0.013 0.016888888888888887
0 0.6075 0.6595555555555556 0.01 0.014222222222222223
0 0.0895 0.09022222222222222 0.011 0.016888888888888887
0 0.72425 0.20755555555555555 0.00825 0.016444444444444446
0 0.81775 0.2906666666666667 0.01175 0.016
0 0.557 0.7071111111111111 0.009 0.017777777777777778
0 0.2405 0.21822222222222223 0.01425 0.016888888888888887
0 0.70025 0.76 0.00925 0.01911111111111111
0 0.9085 0.616 0.01425 0.018222222222222223
0 0.668 0.010222222222222223 0.0115 0.020444444444444446
0 0.23325 0.042222222222222223 0.01125 0.018222222222222223
0 0.5185 0.4288888888888889 0.00875 0.017777777777777778
0 0.424 0.736 0.01125 0.021777777777777778
0 0.1895 0.5835555555555556 0.00975 0.018222222222222223
0 0.2665 0.6035555555555555 0.0105 0.018222222222222223
0 0.278 0.13244444444444445 0.0075 0.017777777777777778
0 0.80875 0.14755555555555555 0.01225 0.014666666666666666
0 0.39525 0.392 0.01375 0.016888888888888887
0 0.44425 0.44177777777777777 0.009 0.021777777777777778
0 0.13425 0.2408888888888889 0.01075 0.015111111111111112
0 0.64475 0.4568888888888889 0.012 0.016444444444444446
0 0.6155 0.28355555555555556 0.01225 0.014222222222222223
0 0.583 0.43822222222222224 0.01575 0.015111111111111112
0 0.47325 0.4871111111111111 0.0105 0.016
0 0.31 0.017333333333333333 0.01 0.016888888888888887
0 0.3385 0.39644444444444443 0.01025 0.020444444444444446
0 0.48875 0.3333333333333333 0.01475 0.012444444444444444
0 0.56075 0.748 0.00875 0.015111111111111112
0 0.94275 0.8631111111111112 0.01225 0.016888888888888887
0 0.4685 0.6502222222222223 0.01375 0.017333333333333333
0 0.575 0.6146666666666667 0.01425 0.015111111111111112
0 0.39475 0.24755555555555556 0.01425 0.016888888888888887
0 0.58825 0.3048888888888889 0.01275 0.014222222222222223
0 0.10525 0.9115555555555556 0.015 0.015111111111111112
0 0.7175 0.9368888888888889 0.01 0.01911111111111111
0 0.0295 0.5155555555555555 0.01075 0.017333333333333333
0 0.57475 0.5288888888888889 0.01125 0.017777777777777778
0 0.737 0.6604444444444444 0.01475 0.015111111111111112
0 0.67375 0.31333333333333335 0.00975 0.015111111111111112
0 0.043 0.848 0.01425 0.016444444444444446
0 0.61775 0.6173333333333333 0.01175 0.015111111111111112
0 0.182 0.732 0.0165 0.016444444444444446
0 0.74325 0.18088888888888888 0.00975 0.017333333333333333
0 0.71925 0.14177777777777778 0.0135 0.018666666666666668
0 0.4 0.8804444444444445 0.01225 0.016
0 0.13375 0.5137777777777778 0.007 0.015555555555555555
0 0.36775 0.4271111111111111 0.01225 0.019555555555555555
0 0.16425 0.488 0.0125 0.016888888888888887
0 0.922 0.5262222222222223 0.01525 0.013333333333333334
0 0.5405 0.8315555555555556 0.008 0.030222222222222223
0 0.47475 0.8142222222222222 0.00825 0.02711111111111111
0 0.41175 0.2071111111111111 0.012 0.022222222222222223
0 0.99325 0.058666666666666666 0.0115 0.020444444444444446
0 0.24025 0.6435555555555555 0.01075 0.020888888888888887
0 0.75975 0.4902222222222222 0.015 0.015555555555555555
0 0.70175 0.3426666666666667 0.014 0.014666666666666666
0 0.55025 0.8484444444444444 0.01475 0.015111111111111112
0 0.134 0.6026666666666667 0.0125 0.016888888888888887
0 0.551 0.884 0.01575 0.012
0 0.6905 0.972 0.01625 0.013777777777777778
0 0.834 0.604 0.00975 0.016888888888888887
0 0.22775 0.5764444444444444 0.0135 0.016444444444444446
0 0.488 0.6168888888888889 0.00825 0.015555555555555555
0 0.6915 0.6182222222222222 0.01275 0.020888888888888887
0 0.51675 0.5177777777777778 0.011 0.01911111111111111
0 0.474 0.07866666666666666 0.00925 0.013777777777777778
0 0.71775 0.6466666666666666 0.01475 0.016
0 0.1335 0.9711111111111111 0.0155 0.017333333333333333
0 0.05125 0.8746666666666667 0.00825 0.018222222222222223
0 0.30875 0.6604444444444444 0.01475 0.014666666666666666
0 0.14025 0.108 0.0165 0.015111111111111112
0 0.57475 0.7573333333333333 0.01125 0.014666666666666666
0 0.0425 0.508 0.01525 0.014666666666666666
0 0.459 0.033777777777777775 0.00625 0.014666666666666666
0 0.6755 0.26266666666666666 0.01525 0.014666666666666666
0 0.95425 0.18222222222222223 0.009 0.01911111111111111
0 0.17675 0.9648888888888889 0.012 0.015111111111111112
0 0.75775 0.188 0.0145 0.014222222222222223
0 0.9805 0.12 0.0095 0.02666666666666667
0 0.33725 0.31244444444444447 0.011 0.015111111111111112
0 0.232 0.9422222222222222 0.017 0.016
0 0.072 0.8204444444444444 0.01275 0.015555555555555555
0 0.52825 0.43244444444444446 0.008 0.020888888888888887
0 0.179 0.356 0.00975 0.01911111111111111
0 0.44325 0.8177777777777778 0.016 0.014666666666666666
0 0.0065 0.1288888888888889 0.01225 0.016888888888888887
0 0.146 0.5746666666666667 0.01125 0.021333333333333333
0 0.1335 0.6484444444444445 0.013 0.012444444444444444
0 0.36975 0.6884444444444444 0.011 0.016444444444444446
0 0.57125 0.6755555555555556 0.01225 0.014666666666666666
0 0.61 0.444 0.00825 0.014666666666666666
0 0.28275 0.5342222222222223 0.012 0.013777777777777778
0 0.51225 0.20977777777777779 0.0135 0.021777777777777778
0 0.799 0.4786666666666667 0.01225 0.02666666666666667
0 0.83375 0.8826666666666667 0.00825 0.015555555555555555
0 0.27525 0.20177777777777778 0.01325 0.014666666666666666
0 0.1725 0.8262222222222222 0.0155 0.014666666666666666
0 0.59325 0.3164444444444444 0.01475 0.015111111111111112
0 0.545 0.34044444444444444 0.00925 0.013777777777777778
0 0.38175 0.6951111111111111 0.0135 0.014666666666666666
0 0.35025 0.16622222222222222 0.014 0.014666666666666666
0 0.69225 0.5817777777777777 0.009 0.020444444444444446
0 0.44025 0.5848888888888889 0.01725 0.013333333333333334
0 0.589 0.25066666666666665 0.01225 0.012444444444444444
0 0.891 0.9511111111111111 0.01175 0.016444444444444446
0 0.5385 0.9488888888888889 0.01325 0.013777777777777778
0 0.36675 0.8777777777777778 0.0145 0.015555555555555555
0 0.134 0.38266666666666665 0.011 0.016
0 0.01875 0.5751111111111111 0.008 0.017777777777777778
0 0.9385 0.9791111111111112 0.00875 0.01911111111111111
0 0.18275 0.9195555555555556 0.01325 0.02
0 0.09125 0.8368888888888889 0.0115 0.016444444444444446
0 0.09275 0.06888888888888889 0.00875 0.02266666666666667
0 0.2345 0.6608888888888889 0.01 0.014666666666666666
0 0.58475 0.18933333333333333 0.00825 0.02
0 0.59075 0.5382222222222223 0.01175 0.016888888888888887
0 0.63425 0.08488888888888889 0.01 0.019555555555555555
0 0.46725 0.2995555555555556 0.009 0.023555555555555555
0 0.8085 0.9066666666666666 0.00875 0.022222222222222223
0 0.62925 0.1751111111111111 0.0125 0.01911111111111111
0 0.6335 0.3937777777777778 0.01 0.016
0 0.7975 0.050666666666666665 0.01475 0.014666666666666666
0 0.9205 0.9528888888888889 0.015 0.015111111111111112
0 0.9145 0.8044444444444444 0.0085 0.015555555555555555
0 0.753 0.9693333333333334 0.0145 0.016444444444444446
0 0.3995 0.11555555555555555 0.0095 0.021333333333333333
0 0.55875 0.5244444444444445 0.01125 0.021333333333333333
0 0.92225 0.6475555555555556 0.01275 0.013777777777777778
0 0.297 0.3342222222222222 0.0105 0.017777777777777778
0 0.64925 0.9248888888888889 0.0115 0.014666666666666666
0 0.30825 0.208 0.01575 0.014666666666666666
0 0.1665 0.7688888888888888 0.00875 0.013333333333333334
0 0.8935 0.7457777777777778 0.0075 0.01911111111111111
0 0.84125 0.04844444444444444 0.01225 0.013333333333333334
0 0.646 0.43955555555555553 0.0105 0.02
0 0.1765 0.3075555555555556 0.01225 0.014666666666666666
0 0.3795 0.19777777777777777 0.0135 0.01911111111111111
0 0.2585 0.9533333333333334 0.013 0.018666666666666668
0 0.12475 0.06266666666666666 0.01575 0.014222222222222223
0 0.262 0.19333333333333333 0.01475 0.014222222222222223
0 0.11025 0.7457777777777778 0.01325 0.015111111111111112
0 0.46 0.4408888888888889 0.011 0.013333333333333334
0 0.95325 0.5155555555555555 0.01175 0.016888888888888887
0 0.01 0.43644444444444447 0.0145 0.01911111111111111
0 0.1195 0.7386666666666667 0.0125 0.014666666666666666
0 0.006 0.34044444444444444 0.01175 0.015555555555555555
0 0.2555 0.4826666666666667 0.00875 0.013777777777777778
0 0.5835 0.8364444444444444 0.012 0.018222222222222223
0 0.14725 0.33511111111111114 0.0115 0.015111111111111112
0 0.3425 0.6586666666666666 0.012 0.02
0 0.697 0.8137777777777778 0.01675 0.021777777777777778
0 0.8375 0.6173333333333333 0.0115 0.015111111111111112
0 0.0605 0.132 0.0095 0.021777777777777778
0 0.87525 0.06088888888888889 0.01175 0.016
0 0.80625 0.5417777777777778 0.0165 0.012444444444444444
0 0.1365 0.8777777777777778 0.00975 0.016888888888888887
0 0.1645 0.12533333333333332 0.01225 0.017777777777777778
0 0.5895 0.468 0.0145 0.015111111111111112
0 0.90175 0.428 0.015 0.018666666666666668
0 0.74875 0.8364444444444444 0.01275 0.017333333333333333
0 0.97 0.6715555555555556 0.014 0.016
0 0.694 0.52 0.01125 0.02
0 0.4585 0.704 0.011 0.016444444444444446
0 0.54275 0.5577777777777778 0.00925 0.021333333333333333
0 0.0955 0.39155555555555555 0.0095 0.016444444444444446
0 0.35175 0.6324444444444445 0.01225 0.01911111111111111
0 0.39 0.5991111111111111 0.01525 0.016444444444444446
0 0.81225 0.6422222222222222 0.01425 0.016
0 0.3735 0.2995555555555556 0.00825 0.019555555555555555
0 0.8485 0.7097777777777777 0.009 0.020444444444444446
0 0.05025 0.7844444444444445 0.01 0.020888888888888887
0 0.805 0.9235555555555556 0.01075 0.017333333333333333
0 0.86425 0.23555555555555555 0.011 0.017777777777777778
0 0.60325 0.704 0.00975 0.013777777777777778
0 0.91725 0.11377777777777778 0.0125 0.028444444444444446
0 0.27125 0.4484444444444444 0.01525 0.02666666666666667
0 0.8955 0.2813333333333333 0.01125 0.014222222222222223
0 0.20825 0.5715555555555556 0.01475 0.015555555555555555
0 0.24475 0.372 0.01325 0.014222222222222223
0 0.30775 0.944 0.01175 0.019555555555555555
0 0.17625 0.6275555555555555 0.0125 0.015555555555555555
0 0.82875 0.44177777777777777 0.0115 0.015555555555555555
0 0.93825 0.41244444444444445 0.00925 0.018222222222222223
0 0.309 0.9168888888888889 0.013 0.014666666666666666
0 0.20625 0.2831111111111111 0.01825 0.013333333333333334
0 0.1655 0.9053333333333333 0.0085 0.016
0 0.91275 0.184 0.011 0.013777777777777778
0 0.53125 0.11955555555555555 0.00975 0.021333333333333333
0 0.4675 0.6128888888888889 0.008 0.022222222222222223
0 0.409 0.7235555555555555 0.016 0.017333333333333333
0 0.25325 0.5017777777777778 0.0085 0.022222222222222223
0 0.08925 0.6946666666666667 0.0095 0.015555555555555555
0 0.47425 0.9204444444444444 0.00925 0.014666666666666666
0 0.966 0.336 0.0105 0.015555555555555555
0 0.76725 0.9871111111111112 0.01275 0.016
0 0.7655 0.844 0.009 0.03288888888888889
0 0.1065 0.9706666666666667 0.01225 0.013777777777777778
0 0.384 0.9711111111111111 0.01125 0.022222222222222223
0 0.38825 0.46844444444444444 0.01525 0.016
0 0.2525 0.9426666666666667 0.0095 0.019555555555555555
0 0.91775 0.4533333333333333 0.01025 0.013333333333333334
0 0.3485 0.38222222222222224 0.00625 0.016888888888888887
0 0.46475 0.8533333333333334 0.007 0.018666666666666668
0 0.06375 0.5991111111111111 0.00725 0.027555555555555555
0 0.8525 0.18 0.01025 0.012888888888888889
0 0.913 0.32266666666666666 0.0085 0.01911111111111111
0 0.28975 0.4022222222222222 0.0105 0.028888888888888888
0 0.25175 0.014666666666666666 0.0075 0.029333333333333333
0 0.737 0.9711111111111111 0.00825 0.025333333333333333
0 0.43925 0.005333333333333333 0.006 0.010666666666666666
0 0.7235 0.06311111111111112 0.014 0.014666666666666666
0 0.10225 0.8626666666666667 0.0145 0.018666666666666668
0 0.86775 0.6088888888888889 0.012 0.013777777777777778
0 0.45075 0.5155555555555555 0.00775 0.027555555555555555
0 0.11675 0.9688888888888889 0.01325 0.012888888888888889
0 0.64625 0.3151111111111111 0.01175 0.01911111111111111
0 0.69825 0.5275555555555556 0.0135 0.011111111111111112
0 0.64875 0.148 0.011 0.012888888888888889
0 0.01575 0.31866666666666665 0.00925 0.028444444444444446
0 0.1205 0.86 0.0165 0.018666666666666668
0 0.05775 0.6457777777777778 0.00625 0.020888888888888887
0 0.676 0.45555555555555555 0.01 0.015555555555555555
0 0.2495 0.6573333333333333 0.01225 0.015555555555555555
0 0.48725 0.6284444444444445 0.00725 0.013777777777777778
0 0.3745 0.9515555555555556 0.01675 0.013333333333333334
0 0.9435 0.6933333333333334 0.009 0.01911111111111111
0 0.693 0.7457777777777778 0.01175 0.014666666666666666
0 0.028 0.10222222222222223 0.01375 0.016
0 0.06075 0.9946666666666667 0.00925 0.010666666666666666
0 0.31075 0.9653333333333334 0.008 0.016888888888888887
0 0.64925 0.5506666666666666 0.008 0.016444444444444446
0 0.793 0.824 0.0115 0.018222222222222223
0 0.328 0.6413333333333333 0.0075 0.016444444444444446
0 0.1355 0.9515555555555556 0.01675 0.018222222222222223
0 0.60875 0.4288888888888889 0.01075 0.019555555555555555
0 0.46025 0.5968888888888889 0.0155 0.012888888888888889
0 0.06275 0.808 0.01225 0.014222222222222223
0 0.03925 0.007555555555555556 0.0075 0.015111111111111112
0 0.8385 0.39555555555555555 0.0065 0.024
0 0.31 0.32755555555555554 0.01075 0.020444444444444446
0 0.29875 0.7786666666666666 0.0135 0.015111111111111112
0 0.41025 0.5995555555555555 0.01375 0.018222222222222223
0 0.18125 0.5737777777777778 0.01625 0.012888888888888889
0 0.83575 0.09911111111111111 0.01175 0.015111111111111112
0 0.90775 0.792 0.00725 0.020444444444444446
0 0.05075 0.6857777777777778 0.01325 0.019555555555555555
0 0.35 0.22444444444444445 0.00875 0.016888888888888887
0 0.9405 0.5848888888888889 0.01025 0.02311111111111111
0 0.1505 0.7337777777777778 0.01375 0.020888888888888887
0 0.68075 0.06977777777777777 0.0095 0.026222222222222223
0 0.43725 0.8813333333333333 0.007 0.017777777777777778
0 0.78 0.24 0.01775 0.012888888888888889
0 0.1295 0.09466666666666666 0.01 0.020444444444444446
0 0.879 0.25733333333333336 0.01075 0.014222222222222223
0 0.78525 0.044444444444444446 0.015 0.009777777777777778
0 0.398 0.824 0.01025 0.016444444444444446
0 0.941 0.9017777777777778 0.015 0.012888888888888889
0 0.9125 0.34044444444444444 0.015 0.013333333333333334
0 0.531 0.052444444444444446 0.00675 0.019555555555555555
0 0.87675 0.08755555555555555 0.011 0.019555555555555555
0 0.068 0.8791111111111111 0.009 0.023555555555555555
0 0.72 0.8568888888888889 0.00925 0.028888888888888888
0 0.899 0.45155555555555554 0.0085 0.013777777777777778
0 0.8955 0.4613333333333333 0.0125 0.013777777777777778
0 0.67575 0.18666666666666668 0.00925 0.024444444444444446
0 0.3655 0.21466666666666667 0.00825 0.014222222222222223
0 0.66475 0.15688888888888888 0.01275 0.019555555555555555
0 0.60725 0.11022222222222222 0.00925 0.024444444444444446
0 0.64925 0.7955555555555556 0.007 0.017777777777777778
0 0.34075 0.7306666666666667 0.00875 0.016888888888888887
0 0.16525 0.9426666666666667 0.00825 0.016444444444444446
0 0.19975 0.528 0.009 0.012
0 0.9565 0.8906666666666667 0.0135 0.010666666666666666
0 0.0045 0.7733333333333333 0.00875 0.015111111111111112
0 0.824 0.8497777777777777 0.0075 0.012
0 0.12525 0.7031111111111111 0.01025 0.013777777777777778
0 0.3605 0.2813333333333333 0.0125 0.02311111111111111
0 0.33275 0.8702222222222222 0.00875 0.030222222222222223
0 0.1825 0.3253333333333333 0.0125 0.012888888888888889
0 0.864 0.9377777777777778 0.01225 0.014222222222222223
0 0.4325 0.3502222222222222 0.00725 0.019555555555555555
0 0.8815 0.208 0.01775 0.015111111111111112
0 0.80325 0.7173333333333334 0.011 0.014222222222222223
0 0.19575 0.8675555555555555 0.01325 0.014222222222222223
0 0.01325 0.6453333333333333 0.00875 0.020444444444444446
0 0.65125 0.04088888888888889 0.006 0.011555555555555555
0 0.33025 0.732 0.00975 0.021777777777777778
0 0.797 0.2408888888888889 0.01075 0.028
0 0.74825 0.17822222222222223 0.00675 0.015111111111111112
0 0.60875 0.05422222222222222 0.01025 0.020444444444444446
0 0.48875 0.18044444444444444 0.00725 0.015555555555555555
0 0.40325 0.8355555555555556 0.0185 0.010666666666666666
0 0.26575 0.8004444444444444 0.0125 0.02311111111111111
0 0.952 0.07555555555555556 0.00725 0.017333333333333333
0 0.65375 0.3368888888888889 0.00625 0.020444444444444446
0 0.35425 0.23377777777777778 0.0115 0.018666666666666668
0 0.83475 0.2768888888888889 0.0125 0.016888888888888887
0 0.37875 0.3164444444444444 0.012 0.013777777777777778
0 0.7805 0.9853333333333333 0.013 0.013333333333333334
0 0.67425 0.4448888888888889 0.00875 0.012
0 0.78025 0.5253333333333333 0.00975 0.028888888888888888
0 0.6675 0.09644444444444444 0.01125 0.025333333333333333
0 0.63575 0.2751111111111111 0.01175 0.030666666666666665
0 0.85575 0.23022222222222222 0.013 0.024
0 0.87825 0.8146666666666667 0.008 0.030666666666666665
0 0.835 0.6662222222222223 0.00675 0.014222222222222223
0 0.938 0.3231111111111111 0.0125 0.012888888888888889
0 0.13975 0.6542222222222223 0.01125 0.03111111111111111
0 0.33675 0.1711111111111111 0.00925 0.01911111111111111
0 0.93625 0.7675555555555555 0.01275 0.019555555555555555
0 0.7185 0.11066666666666666 0.00875 0.024888888888888887
0 0.48625 0.2808888888888889 0.0085 0.010666666666666666
0 0.45875 0.02 0.00625 0.010222222222222223
0 0.007 0.16533333333333333 0.014 0.016
0 0.7575 0.8324444444444444 0.00825 0.02311111111111111
0 0.8605 0.2862222222222222 0.0075 0.028
0 0.892 0.31022222222222223 0.017 0.007555555555555556
0 0.1895 0.5302222222222223 0.0125 0.02311111111111111
0 0.713 0.38755555555555554 0.007 0.028444444444444446
0 0.46775 0.7035555555555556 0.0065 0.016444444444444446
0 0.70825 0.09466666666666666 0.00825 0.023555555555555555
0 0.8785 0.2866666666666667 0.01025 0.014666666666666666
0 0.03925 0.09244444444444444 0.01075 0.016888888888888887
0 0.92475 0.9364444444444444 0.008 0.01911111111111111
0 0.39075 0.40755555555555556 0.00925 0.018666666666666668
0 0.63025 0.7182222222222222 0.01225 0.012444444444444444
0 0.88175 0.432 0.00575 0.02666666666666667
0 0.68325 0.45155555555555554 0.00675 0.009333333333333334
0 0.26075 0.4617777777777778 0.00925 0.030666666666666665
0 0.254 0.6675555555555556 0.012 0.011111111111111112
0 0.99725 0.9128888888888889 0.0055 0.009777777777777778
0 0.108 0.9546666666666667 0.00775 0.019555555555555555
0 0.35625 0.18933333333333333 0.00725 0.017777777777777778
0 0.08125 0.716 0.00575 0.024888888888888887
0 0.03375 0.3 0.009 0.024888888888888887
0 0.1745 0.7084444444444444 0.008 0.020888888888888887
0 0.64225 0.6706666666666666 0.00675 0.017333333333333333
0 0.34225 0.6373333333333333 0.008 0.018666666666666668
0 0.55175 0.7382222222222222 0.01025 0.029777777777777778
0 0.378 0.5942222222222222 0.00975 0.024
0 0.59 0.9724444444444444 0.0085 0.012
0 0.50975 0.6257777777777778 0.00675 0.017777777777777778
0 0.43825 0.8711111111111111 0.0075 0.011555555555555555
0 0.0055 0.6315555555555555 0.01075 0.018666666666666668
0 0.45275 0.3973333333333333 0.00675 0.032
0 0.66225 0.4528888888888889 0.0075 0.013333333333333334
0 0.14875 0.30933333333333335 0.00825 0.022222222222222223
0 0.16075 0.7737777777777778 0.0105 0.020444444444444446
0 0.47975 0.37644444444444447 0.0105 0.024
0 0.3405 0.7502222222222222 0.00675 0.017333333333333333
0 0.977 0.01911111111111111 0.00925 0.028444444444444446
0 0.88675 0.08577777777777777 0.006 0.03244444444444444
0 0.881 0.08977777777777778 0.007 0.033777777777777775
0 0.941 0.2137777777777778 0.0105 0.036
0 0.83775 0.06488888888888888 0.0095 0.022222222222222223
0 0.85525 0.29644444444444445 0.00525 0.02711111111111111
0 0.9675 0.464 0.006 0.02666666666666667
0 0.96225 0.5168888888888888 0.0065 0.03111111111111111
0 0.91425 0.5 0.00725 0.028
0 0.9545 0.6644444444444444 0.00825 0.024
0 0.7705 0.6648888888888889 0.009 0.030666666666666665
0 0.66725 0.7364444444444445 0.00675 0.02666666666666667
0 0.521 0.8635555555555555 0.008 0.030222222222222223
0 0.58775 0.19111111111111112 0.006 0.030222222222222223
0 0.4485 0.1368888888888889 0.00725 0.03155555555555556
0 0.33025 0.17777777777777778 0.0065 0.011555555555555555
0 0.36525 0.23377777777777778 0.0075 0.021777777777777778
0 0.3125 0.7933333333333333 0.00775 0.029333333333333333
0 0.26075 0.9404444444444444 0.0065 0.02266666666666667
0 0.19325 0.532 0.0055 0.021333333333333333
0 0.2275 0.29777777777777775 0.01325 0.013333333333333334
0 0.22 0.30533333333333335 0.01075 0.010222222222222223
0 0.25525 0.32844444444444443 0.00625 0.02
0 0.1485 0.05511111111111111 0.00525 0.028888888888888888
0 0.08325 0.152 0.01075 0.024
0 0.075 0.17466666666666666 0.01525 0.013333333333333334
0 0.06625 0.28844444444444445 0.0085 0.020888888888888887
0 0.003 0.6426666666666667 0.00525 0.024888888888888887
0 0.003 0.9151111111111111 0.006 0.028
0 0.9615 0.8444444444444444 0.011 0.021777777777777778
0 0.95625 0.7031111111111111 0.0085 0.021777777777777778
0 0.03775 0.704 0.0115 0.025333333333333333
0 0.254 0.78 0.01075 0.021777777777777778
0 0.3315 0.7631111111111111 0.0055 0.024
0 0.38925 0.4444444444444444 0.00925 0.025333333333333333