0 0.05975 0.12666666666666668 0.0115 0.012888888888888889
0 0.134 0.09022222222222222 0.01225 0.016888888888888887
0 0.07725 0.10533333333333333 0.00725 0.021333333333333333
0 0.0685 0.17555555555555555 0.008 0.025333333333333333
0 0.036 0.1942222222222222 0.0145 0.014666666666666666
0 0.14975 0.21955555555555556 0.0075 0.025777777777777778
0 0.304 0.23822222222222222 0.0095 0.012444444444444444
0 0.303 0.22666666666666666 0.00925 0.010222222222222223
0 0.304 0.17022222222222222 0.01075 0.016444444444444446
0 0.314 0.1688888888888889 0.01225 0.013333333333333334
0 0.3215 0.14266666666666666 0.0085 0.014222222222222223
0 0.2955 0.19644444444444445 0.0065 0.012444444444444444
0 0.014 0.504 0.0095 0.010222222222222223
0 0.01875 0.49244444444444446 0.00675 0.019555555555555555
0 0.1575 0.44355555555555554 0.0075 0.01911111111111111
0 0.17975 0.43777777777777777 0.0105 0.012444444444444444
0 0.17925 0.5355555555555556 0.00725 0.018666666666666668
0 0.227 0.4151111111111111 0.0065 0.012444444444444444
0 0.2205 0.37822222222222224 0.006 0.019555555555555555
0 0.273 0.4017777777777778 0.00575 0.020888888888888887
0 0.302 0.37644444444444447 0.00475 0.021777777777777778
0 0.353 0.39555555555555555 0.00475 0.018666666666666668
0 0.21825 0.32622222222222225 0.00925 0.011111111111111112
0 0.2145 0.188 0.0065 0.021333333333333333
0 0.216 0.1688888888888889 0.00875 0.009777777777777778
0 0.14275 0.16844444444444445 0.00775 0.02
0 0.09275 0.21644444444444444 0.0065 0.012888888888888889
0 0.1625 0.028444444444444446 0.005 0.02266666666666667
0 0.253 0.07955555555555556 0.012 0.009333333333333334
0 0.31625 0.11688888888888889 0.00625 0.022222222222222223
0 0.263 0.08044444444444444 0.009 0.012
0 0.29925 0.5271111111111111 0.0085 0.015555555555555555
0 0.3225 0.5533333333333333 0.0095 0.015111111111111112
0 0.1585 0.6911111111111111 0.00575 0.020888888888888887
0 0.2055 0.7093333333333334 0.0065 0.022222222222222223
0 0.2135 0.7173333333333334 0.01125 0.012444444444444444
0 0.2735 0.732 0.0095 0.013777777777777778
0 0.40825 0.06533333333333333 0.013 0.011555555555555555
0 0.462 0.06177777777777778 0.00675 0.015555555555555555
0 0.452 0.12577777777777777 0.01 0.015555555555555555
0 0.4765 0.12133333333333333 0.00575 0.020888888888888887
0 0.46625 0.08711111111111111 0.00675 0.02
0 0.439 0.1608888888888889 0.0095 0.014666666666666666
0 0.42025 0.23022222222222222 0.005 0.018666666666666668
0 0.43875 0.22088888888888888 0.00525 0.018222222222222223
0 0.36225 0.22533333333333333 0.00825 0.017777777777777778
0 0.35525 0.3231111111111111 0.00575 0.017777777777777778
0 0.46175 0.31066666666666665 0.005 0.02266666666666667
0 0.471 0.34 0.01025 0.012
0 0.47425 0.3253333333333333 0.01125 0.012444444444444444
0 0.4325 0.33155555555555555 0.01175 0.011111111111111112
0 0.37275 0.4151111111111111 0.0055 0.01911111111111111
0 0.41725 0.4391111111111111 0.01025 0.010666666666666666
0 0.4055 0.42488888888888887 0.01025 0.013777777777777778
0 0.45 0.39644444444444443 0.00425 0.021777777777777778
0 0.3825 0.5146666666666667 0.00725 0.021333333333333333
0 0.484 0.4706666666666667 0.00775 0.02
0 0.4915 0.4737777777777778 0.00625 0.016444444444444446
0 0.51525 0.5466666666666666 0.01375 0.009333333333333334
0 0.48075 0.5884444444444444 0.0065 0.016
0 0.486 0.6035555555555555 0.006 0.017333333333333333
0 0.485 0.576 0.00425 0.013777777777777778
0 0.47075 0.6284444444444445 0.015 0.012444444444444444
0 0.47925 0.648 0.0045 0.02266666666666667
0 0.4565 0.6626666666666666 0.0095 0.017333333333333333
0 0.42325 0.6488888888888888 0.006 0.020444444444444446
0 0.448 0.6151111111111112 0.00575 0.018666666666666668
0 0.446 0.5164444444444445 0.007 0.016888888888888887
0 0.34125 0.5968888888888889 0.00825 0.016
0 0.34575 0.7035555555555556 0.01075 0.013777777777777778
0 0.366 0.9835555555555555 0.0095 0.010222222222222223
0 0.3895 0.9928888888888889 0.00575 0.012888888888888889
0 0.6685 0.9835555555555555 0.0095 0.009777777777777778
0 0.61925 0.984 0.00975 0.009333333333333334
0 0.572 0.848 0.013 0.009777777777777778
0 0.528 0.8324444444444444 0.008 0.009777777777777778
0 0.5595 0.8244444444444444 0.00675 0.016444444444444446
0 0.60625 0.852 0.0075 0.016
0 0.79975 0.7177777777777777 0.007 0.02
0 0.18325 0.5293333333333333 0.00675 0.02311111111111111
0 0.0835 0.9911111111111112 0.007 0.017333333333333333
0 0.79675 0.7062222222222222 0.00675 0.016
0 0.51425 0.5466666666666666 0.01325 0.016
0 0.22925 0.13955555555555554 0.014 0.015111111111111112
0 0.38125 0.22844444444444445 0.013 0.016444444444444446
0 0.65575 0.8222222222222222 0.0135 0.017333333333333333
0 0.2485 0.3928888888888889 0.01225 0.021333333333333333
0 0.07625 0.4053333333333333 0.008 0.019555555555555555
0 0.3895 0.172 0.007 0.021777777777777778
0 0.9205 0.9097777777777778 0.0135 0.019555555555555555
0 0.37175 0.6093333333333333 0.0085 0.022222222222222223
0 0.149 0.4631111111111111 0.0095 0.018222222222222223
0 0.10675 0.2951111111111111 0.0105 0.016444444444444446
0 0.19825 0.7875555555555556 0.00725 0.016888888888888887
0 0.788 0.9266666666666666 0.0115 0.01911111111111111
0 0.2275 0.584 0.0065 0.019555555555555555
0 0.2775 0.8511111111111112 0.00675 0.022222222222222223
0 0.26425 0.43955555555555553 0.01325 0.017333333333333333
0 0.4215 0.7577777777777778 0.0065 0.02311111111111111
0 0.479 0.7546666666666667 0.009 0.026222222222222223
0 0.06425 0.924 0.0145 0.012444444444444444
0 0.177 0.9017777777777778 0.01 0.028
0 0.71425 0.8062222222222222 0.015 0.013333333333333334
0 0.14275 0.5413333333333333 0.009 0.015555555555555555
0 0.29475 0.748 0.007 0.024444444444444446
0 0.25975 0.9471111111111111 0.015 0.024
0 0.0415 0.9488888888888889 0.01275 0.017333333333333333
0 0.746 0.58 0.01225 0.014222222222222223
0 0.36525 0.8235555555555556 0.00725 0.020888888888888887
0 0.01775 0.9035555555555556 0.0095 0.018666666666666668
0 0.36125 0.9768888888888889 0.0185 0.020888888888888887
0 0.15275 0.928 0.01275 0.014666666666666666
0 0.7165 0.5924444444444444 0.012 0.014666666666666666
0 0.7295 0.56 0.014 0.013333333333333334
0 0.9845 0.6995555555555556 0.01325 0.015111111111111112
0 0.18075 0.27111111111111114 0.0095 0.025777777777777778
0 0.304 0.8617777777777778 0.0065 0.022222222222222223
0 0.44175 0.9222222222222223 0.0085 0.018666666666666668
0 0.3595 0.8737777777777778 0.01675 0.015111111111111112
0 0.03025 0.344 0.01125 0.012888888888888889
0 0.79825 0.7644444444444445 0.01525 0.016
0 0.83975 0.6568888888888889 0.01525 0.015555555555555555
0 0.7655 0.7933333333333333 0.015 0.012888888888888889
0 0.60125 0.5551111111111111 0.01075 0.014666666666666666
0 0.61625 0.5373333333333333 0.006 0.025333333333333333
0 0.6275 0.5248888888888888 0.009 0.029777777777777778
0 0.774 0.48577777777777775 0.00875 0.018666666666666668
0 0.2365 0.8453333333333334 0.01125 0.015111111111111112
0 0.09 0.58 0.0075 0.012
0 0.82425 0.8026666666666666 0.01 0.014666666666666666
0 0.34975 0.8231111111111111 0.013 0.01911111111111111
0 0.92725 0.38266666666666665 0.0075 0.022222222222222223
0 0.75625 0.4368888888888889 0.0125 0.02266666666666667
0 0.86025 0.7937777777777778 0.0155 0.018666666666666668
0 0.92325 0.20533333333333334 0.0085 0.028444444444444446
0 0.7955 0.8968888888888888 0.0065 0.02666666666666667
0 0.61625 0.6804444444444444 0.007 0.018666666666666668
0 0.54075 0.7111111111111111 0.00575 0.02266666666666667
0 0.54825 0.7004444444444444 0.00475 0.023555555555555555
0 0.57225 0.6902222222222222 0.011 0.017777777777777778
0 0.5745 0.672 0.0095 0.013777777777777778
0 0.57575 0.6493333333333333 0.00975 0.011555555555555555
0 0.59675 0.6404444444444445 0.01075 0.018666666666666668
0 0.73125 0.6435555555555555 0.0115 0.013333333333333334
0 0.84825 0.6071111111111112 0.0105 0.016888888888888887
0 0.976 0.5893333333333334 0.00525 0.022222222222222223
0 0.53175 0.7657777777777778 0.00875 0.017777777777777778
0 0.551 0.7448888888888889 0.0075 0.015555555555555555
0 0.7345 0.8546666666666667 0.01425 0.011555555555555555
0 0.73225 0.8395555555555556 0.0075 0.015111111111111112
0 0.7415 0.8648888888888889 0.00675 0.02266666666666667
0 0.663 0.9346666666666666 0.0065 0.024444444444444446
0 0.9735 0.8728888888888889 0.0105 0.020888888888888887
0 0.97475 0.7782222222222223 0.00675 0.02
0 0.97775 0.7635555555555555 0.008 0.019555555555555555
0 0.9215 0.832 0.00975 0.010222222222222223
0 0.9355 0.8484444444444444 0.0095 0.010666666666666666
0 0.9415 0.8342222222222222 0.012 0.008888888888888889
0 0.94275 0.8448888888888889 0.00575 0.012444444444444444
0 0.91375 0.7666666666666667 0.00775 0.014666666666666666
0 0.912 0.7524444444444445 0.0105 0.012444444444444444
0 0.89975 0.7337777777777778 0.0105 0.010222222222222223
0 0.88975 0.688 0.0105 0.010666666666666666
0 0.8075 0.6826666666666666 0.009 0.010222222222222223
0 0.96325 0.9351111111111111 0.00975 0.011111111111111112
0 0.779 0.964 0.0045 0.018222222222222223
0 0.879 0.5555555555555556 0.0145 0.010666666666666666
0 0.944 0.5622222222222222 0.0075 0.012
0 0.93825 0.5102222222222222 0.01275 0.012
0 0.932 0.4617777777777778 0.01 0.008444444444444444
0 0.87475 0.5257777777777778 0.014 0.012
0 0.83725 0.4351111111111111 0.00575 0.016888888888888887
0 0.883 0.4777777777777778 0.009 0.017333333333333333
0 0.89875 0.48577777777777775 0.0085 0.012
0 0.90675 0.49777777777777776 0.0095 0.016888888888888887
0 0.904 0.48533333333333334 0.006 0.015555555555555555
0 0.9925 0.4431111111111111 0.00825 0.017777777777777778
0 0.9925 0.38711111111111113 0.01025 0.009333333333333334
0 0.96275 0.4102222222222222 0.00725 0.018666666666666668
0 0.905 0.29333333333333333 0.01075 0.009333333333333334
0 0.913 0.3151111111111111 0.0085 0.012444444444444444
0 0.979 0.21511111111111111 0.00475 0.019555555555555555
0 0.9035 0.17377777777777778 0.00775 0.016888888888888887
0 0.95875 0.04088888888888889 0.0085 0.010666666666666666
0 0.941 0.06311111111111112 0.0075 0.022222222222222223
0 0.94325 0.03688888888888889 0.0095 0.008444444444444444
0 0.98025 0.023555555555555555 0.0065 0.010666666666666666
0 0.86775 0.13066666666666665 0.00575 0.016
0 0.854 0.12222222222222222 0.01175 0.017333333333333333
0 0.82825 0.14622222222222223 0.00425 0.01911111111111111
0 0.84775 0.22133333333333333 0.005 0.02311111111111111
0 0.887 0.19955555555555557 0.00575 0.016888888888888887
0 0.78775 0.08933333333333333 0.00925 0.014666666666666666
0 0.75775 0.06844444444444445 0.00975 0.009777777777777778
0 0.77975 0.068 0.007 0.020888888888888887
0 0.78475 0.06711111111111111 0.007 0.020888888888888887
0 0.813 0.03777777777777778 0.011 0.010222222222222223
0 0.7675 0.10711111111111112 0.00925 0.012
0 0.765 0.19555555555555557 0.008 0.013333333333333334
0 0.7995 0.21288888888888888 0.004 0.016888888888888887
0 0.5395 0.2568888888888889 0.01 0.011555555555555555
0 0.55725 0.24444444444444444 0.00975 0.011555555555555555
0 0.56625 0.23866666666666667 0.005 0.02666666666666667
0 0.57225 0.20577777777777778 0.0135 0.018222222222222223
0 0.55725 0.1671111111111111 0.00975 0.017777777777777778
0 0.53875 0.3302222222222222 0.00675 0.029333333333333333
0 0.51825 0.30044444444444446 0.0085 0.017333333333333333
0 0.5825 0.2653333333333333 0.0065 0.018222222222222223
0 0.583 0.23777777777777778 0.00775 0.029777777777777778
0 0.59675 0.24711111111111111 0.00675 0.022222222222222223
0 0.625 0.28355555555555556 0.0115 0.013333333333333334
0 0.6405 0.308 0.013 0.013333333333333334
0 0.6265 0.092 0.008 0.016
0 0.64825 0.16933333333333334 0.00875 0.023555555555555555
0 0.581 0.4697777777777778 0.01225 0.013777777777777778
0 0.58325 0.4368888888888889 0.0095 0.016
0 0.6375 0.36666666666666664 0.0065 0.02266666666666667
0 0.546 0.23022222222222222 0.007 0.021777777777777778
0 0.525 0.27955555555555556 0.0075 0.01911111111111111
0 0.65375 0.33244444444444443 0.009 0.011111111111111112
0 0.732 0.29644444444444445 0.0075 0.015111111111111112
0 0.6015 0.25022222222222223 0.00525 0.028444444444444446
0 0.5415 0.4031111111111111 0.00875 0.016
0 0.61125 0.43466666666666665 0.01 0.015111111111111112
0 0.70425 0.5186666666666667 0.0115 0.013777777777777778
0 0.74775 0.5262222222222223 0.00575 0.02266666666666667
0 0.5575 0.6066666666666667 0.0125 0.012444444444444444
0 0.7145 0.6964444444444444 0.01025 0.014666666666666666
0 0.58 0.7017777777777777 0.00975 0.016888888888888887
0 0.66325 0.4622222222222222 0.007 0.02666666666666667
0 0.63025 0.43377777777777776 0.00675 0.017777777777777778
0 0.714 0.49422222222222223 0.01 0.013333333333333334
0 0.66025 0.6155555555555555 0.011 0.012444444444444444
0 0.65225 0.009777777777777778 0.00925 0.017333333333333333
0 0.54775 0.020444444444444446 0.01525 0.012
0 0.7865 0.17066666666666666 0.00675 0.024888888888888887
0 0.79475 0.08444444444444445 0.00875 0.022222222222222223
0 0.666 0.4351111111111111 0.0075 0.01911111111111111
0 0.55 0.6688888888888889 0.00525 0.014666666666666666
0 0.54775 0.5391111111111111 0.0075 0.02266666666666667
0 0.541 0.48 0.00675 0.016888888888888887
0 0.7205 0.44622222222222224 0.0055 0.017777777777777778
0 0.64875 0.38133333333333336 0.01125 0.014222222222222223
0 0.49925 0.416 0.0045 0.016888888888888887
0 0.624 0.44355555555555554 0.00525 0.010222222222222223
0 0.66 0.34933333333333333 0.00775 0.011555555555555555
0 0.7715 0.37733333333333335 0.0065 0.019555555555555555
0 0.77725 0.2951111111111111 0.0065 0.02
0 0.71075 0.7248888888888889 0.00575 0.016
0 0.7155 0.7702222222222223 0.00525 0.017333333333333333
0 0.81925 0.18044444444444444 0.00875 0.014222222222222223
0 0.71275 0.03777777777777778 0.0105 0.009333333333333334
0 0.66325 0.14355555555555555 0.00925 0.009777777777777778
0 0.66875 0.11022222222222222 0.00575 0.012888888888888889
0 0.96 0.11733333333333333 0.006 0.017777777777777778
0 0.62075 0.784 0.01575 0.012444444444444444
0 0.6095 0.784 0.005 0.021777777777777778
0 0.60625 0.772 0.0075 0.016888888888888887
0 0.61375 0.7724444444444445 0.007 0.017777777777777778
0 0.61175 0.7462222222222222 0.012 0.022222222222222223
0 0.816 0.7991111111111111 0.00975 0.012888888888888889
0 0.99825 0.4444444444444444 0.0035 0.014222222222222223
0 0.29725 0.6697777777777778 0.01325 0.013333333333333334