0 0.3701171875 0.5085205267234701 0.009765625 0.01471727343144849
0 0.252734375 0.31061192873741283 0.0140625 0.013942680092951201
0 0.7421875 0.4546862896979086 0.01640625 0.013942680092951201
0 0.52421875 0.3067389620449264 0.01015625 0.017041053446940357
0 0.2427734375 0.4287374128582494 0.012109375 0.013168086754453912
0 0.646484375 0.5832687838884586 0.0109375 0.012393493415956624
0 0.4642578125 0.3075135553834237 0.014453125 0.015491866769945779
0 0.0544921875 0.17699457784663053 0.016015625 0.013168086754453912
0 0.32734375 0.7149496514329977 0.01015625 0.012393493415956624
0 0.2099609375 0.6746707978311387 0.012890625 0.013942680092951201
0 0.7326171875 0.5894655305964369 0.010546875 0.013942680092951201
0 0.28671875 0.5759101471727344 0.009375 0.016266460108443067
0 0.840625 0.981409759876065 0.0109375 0.013942680092951201
0 0.6927734375 0.6154144074360961 0.011328125 0.01471727343144849
0 0.59921875 0.3144848954298993 0.009375 0.015491866769945779
0 0.248046875 0.1932610379550736 0.0125 0.01471727343144849
0 0.4708984375 0.16576297443841984 0.009765625 0.017041053446940357
0 0.2349609375 0.5859798605731991 0.009765625 0.016266460108443067
0 0.7314453125 0.5329202168861348 0.011328125 0.017041053446940357
0 0.1140625 0.07629744384198296 0.0109375 0.01471727343144849
0 0.608984375 0.965143299767622 0.01171875 0.015491866769945779
0 0.2423828125 0.21998450813323006 0.008984375 0.017041053446940357
0 0.540234375 0.35243996901626645 0.0125 0.013942680092951201
0 0.7529296875 0.2350890782339272 0.008984375 0.020914020139426802
0 0.4052734375 0.3632842757552285 0.012109375 0.015491866769945779
0 0.49538671875 0.9593028659953524 0.01028125 0.013857474825716498
0 0.519140625 0.9620449264136328 0.01015625 0.015491866769945779
0 0.7375 0.7796281951975214 0.00859375 0.016266460108443067
0 0.1833984375 0.018590240123934933 0.006640625 0.015491866769945779
0 0.9162109375 0.726568551510457 0.008984375 0.013942680092951201
0 0.380859375 0.5422153369481022 0.01171875 0.012393493415956624
0 0.8943359375 0.9821843532145623 0.008984375 0.012393493415956624
0 0.740234375 0.8958171959721146 0.0109375 0.016266460108443067
0 0.6162109375 0.6607281177381874 0.012890625 0.013942680092951201
0 0.2693359375 0.15995352439969016 0.008203125 0.016266460108443067
0 0.2845703125 0.030596436870642913 0.009765625 0.017815646785437646
0 0.4267578125 0.9674670797831139 0.008984375 0.012393493415956624
0 0.3705078125 0.40549961270333074 0.009765625 0.013168086754453912
0 0.408203125 0.6336173508907823 0.009375 0.015491866769945779
0 0.6587890625 0.26955848179705655 0.015234375 0.013942680092951201
0 0.2666015625 0.20836560805577073 0.012109375 0.018590240123934933
0 0.487109375 0.6928737412858249 0.00859375 0.020914020139426802
0 0.7373046875 0.9085979860573199 0.012109375 0.010844306738962044
0 0.9062734375 0.04604182804027885 0.0092578125 0.022478698683191325
0 0.911328125 0.0077459333849728895 0.01015625 0.015491866769945779
0 0.072265625 0.3543764523625097 0.00859375 0.017815646785437646
0 0.055859375 0.7660728117738187 0.0140625 0.015491866769945779
0 0.5390625 0.09217660728117738 0.0125 0.017041053446940357
0 0.6923828125 0.37490317583268784 0.006640625 0.017041053446940357
0 0.5560546875 0.7668474051123161 0.008203125 0.017041053446940357
0 0.5779296875 0.7126258714175058 0.011328125 0.017041053446940357
0 0.27578125 0.7226955848179706 0.01328125 0.012393493415956624
0 0.5830078125 0.24864446165762974 0.011328125 0.018590240123934933
0 0.632421875 0.756003098373354 0.0140625 0.015491866769945779
0 0.38353515625 0.24982184353214562 0.0131640625 0.027141750580945003
0 0.384765625 0.7792408985282726 0.01171875 0.010844306738962044
0 0.2658203125 0.512006196746708 0.010546875 0.012393493415956624
0 0.5771484375 0.6030209140201395 0.010546875 0.017815646785437646
0 0.9875 0.24089852827265684 0.01171875 0.018590240123934933
0 0.8927734375 0.860573199070488 0.010546875 0.012393493415956624
0 0.6900390625 0.8838109992254066 0.010546875 0.015491866769945779
0 0.07069921875 0.12876839659178932 0.00667578125 0.019372579395817196
0 0.0767578125 0.1374903175832688 0.008984375 0.013168086754453912
0 0.7158203125 0.41247095274980633 0.011328125 0.019364833462432222
0 0.6845703125 0.9182804027885361 0.009765625 0.017815646785437646
0 0.130859375 0.7784663051897753 0.01015625 0.017041053446940357
0 0.0556640625 0.35476374903175834 0.008984375 0.013942680092951201
0 0.0490234375 0.8168086754453912 0.009765625 0.020914020139426802
0 0.6044921875 0.031758326878388844 0.011328125 0.012393493415956624
0 0.48354296874999997 0.25101471727343144 0.01083984375 0.021781564678543766
0 0.300390625 0.7536793183578622 0.01328125 0.010844306738962044
0 0.17305078125 0.17164988381099922 0.01405859375 0.013005422153369481
0 0.8568359375 0.9043377226955848 0.007421875 0.016266460108443067
0 0.40370703125 0.14984508133230054 0.01175 0.013020914020139426
0 0.4041015625 0.11812548412083657 0.011328125 0.01471727343144849
0 0.9737109374999999 0.17872966692486444 0.0067460937499999995 0.02024012393493416
0 0.9712890625 0.16227730441518204 0.008984375 0.016266460108443067
0 0.341796875 0.6398140975987606 0.00859375 0.012393493415956624
0 0.6568359375 0.7927962819519753 0.015234375 0.013168086754453912
0 0.419921875 0.2978311386522076 0.01484375 0.013168086754453912
0 0.7833984375 0.027110766847405113 0.010546875 0.012393493415956624
0 0.81640625 0.2606506584043377 0.01171875 0.013168086754453912
0 0.1677734375 0.5561580170410535 0.009765625 0.012393493415956624
0 0.287890625 0.876839659178931 0.00859375 0.017041053446940357
0 0.81288671875 0.47360960495739735 0.0064843750000000006 0.029969016266460105
0 0.8375 0.4562354763749032 0.00859375 0.018590240123934933
0 0.3009765625 0.37412858249419056 0.009765625 0.015491866769945779
0 0.76171875 0.13787761425251743 0.0109375 0.013942680092951201
0 0.12890625 0.4275755228505035 0.01171875 0.018590240123934933
0 0.891796875 0.4670797831138652 0.009375 0.017041053446940357
0 0.689453125 0.6665375677769171 0.009375 0.011618900077459334
0 0.805078125 0.04453911696359411 0.01015625 0.016266460108443067
0 0.858984375 0.9616576297443842 0.01328125 0.013168086754453912
0 0.1896484375 0.26026336173508907 0.010546875 0.012393493415956624
0 0.5814453125 0.8307513555383423 0.008203125 0.020914020139426802
0 0.63151953125 0.36541440743609604 0.01175390625 0.01380325329202169
0 0.6572265625 0.3396591789310612 0.008984375 0.017815646785437646
0 0.9229765625 0.29253292021688615 0.0056640625 0.019992254066615027
0 0.945828125 0.30234701781564677 0.012246093750000001 0.022192099147947328
0 0.208984375 0.8880712625871418 0.015625 0.011618900077459334
0 0.251953125 0.8334624322230829 0.01328125 0.012393493415956624
0 0.31866796875 0.1892563903950426 0.007648437499999999 0.02839659178931061
0 0.9349609375 0.4872192099147947 0.007421875 0.018590240123934933
0 0.74765625 0.19016266460108444 0.01171875 0.01471727343144849
0 0.0384765625 0.16305189775367931 0.008984375 0.017815646785437646
0 0.8470703125 0.5081332300542215 0.012890625 0.018590240123934933
0 0.05625 0.5356312935708752 0.01015625 0.016266460108443067
0 0.51328125 0.24786986831913246 0.01015625 0.013942680092951201
0 0.29453125 0.7676219984508134 0.00859375 0.018590240123934933
0 0.33706640625 0.9735089078233927 0.006070312499999999 0.023625096824167312
0 0.35703125 0.9655305964368707 0.0078125 0.013168086754453912
0 0.94453125 0.11541440743609604 0.0078125 0.015491866769945779
0 0.3166015625 0.5778466305189776 0.006640625 0.018590240123934933
0 0.9814453125 0.7660728117738187 0.012109375 0.012393493415956624
0 0.6193359375 0.4198295894655306 0.008984375 0.020139426800929512
0 0.7533203125 0.7773044151820294 0.008984375 0.019364833462432222
0 0.63408203125 0.6558404337722696 0.01308203125 0.018102246320681643
0 0.4693359375 0.48412083656080557 0.007421875 0.017041053446940357
0 0.343359375 0.9252517428350117 0.01015625 0.011618900077459334
0 0.99296875 0.9178466305189775 0.0078125 0.02933384972889233
0 0.0533203125 0.5639039504260264 0.012109375 0.017041053446940357
0 0.863671875 0.7552285050348567 0.0078125 0.020139426800929512
0 0.8229960937499999 0.14378776142525174 0.007050781250000001 0.019961270333075137
0 0.8413125000000001 0.13853601859024012 0.00948828125 0.020580945003872968
0 0.8376953125 0.1158017041053447 0.009765625 0.016266460108443067
0 0.09699609375 0.9458869093725795 0.00834765625 0.02346243222308288
0 0.9763671875 0.6549186676994578 0.010546875 0.016266460108443067
0 0.2787109375 0.5879163439194423 0.007421875 0.018590240123934933
0 0.4435546875 0.7130131680867544 0.007421875 0.017815646785437646
0 0.41521093750000004 0.09278079008520526 0.0056875 0.023594113090627422
0 0.4345703125 0.07397366382649109 0.012890625 0.01471727343144849
0 0.6279296875 0.9217660728117738 0.008203125 0.013942680092951201
0 0.675390625 0.18435321456235476 0.0109375 0.013942680092951201
0 0.7146484375 0.685127807900852 0.008203125 0.020914020139426802
0 0.1775390625 0.5631293570875291 0.007421875 0.013942680092951201
0 0.66640625 0.8586367157242448 0.01015625 0.013168086754453912
0 0.265234375 0.42099147947327653 0.00625 0.017815646785437646
0 0.21484375 0.7695584817970565 0.00859375 0.017815646785437646
0 0.4322265625 0.635166537567777 0.008203125 0.017041053446940357
0 0.0578125 0.24322230828814873 0.0078125 0.020139426800929512
0 0.50625 0.9910921766072812 0.01640625 0.013168086754453912
0 0.4484375 0.3946553059643687 0.009375 0.022463206816421378
0 0.633984375 0.726568551510457 0.00625 0.018590240123934933
0 0.4638671875 0.9434546862896979 0.013671875 0.012393493415956624
0 0.01171875 0.3555383423702556 0.01171875 0.020139426800929512
0 0.9230625 0.2749651432997676 0.007781250000000001 0.017010069713400466
0 0.926671875 0.44112316034082105 0.0111875 0.022130131680867544
0 0.926953125 0.41750580945003873 0.01015625 0.012393493415956624
0 0.8702617187499999 0.29815646785437644 0.01005859375 0.01659178931061193
0 0.05234375 0.21998450813323006 0.0109375 0.010844306738962044
0 0.566015625 0.5557707203718047 0.0078125 0.017815646785437646
0 0.5595703125 0.5503485670023238 0.008984375 0.01471727343144849
0 0.51777734375 0.9299070487993804 0.00797265625 0.01804027885360186
0 0.5247773437500001 0.9167467079783114 0.00916796875 0.024066615027110768
0 0.5568359375 0.8965917893106119 0.011328125 0.017815646785437646
0 0.1046875 0.36986831913245544 0.00859375 0.017815646785437646
0 0.9 0.8481797056545314 0.0109375 0.018590240123934933
0 0.933203125 0.8683191324554609 0.01015625 0.018590240123934933
0 0.2193359375 0.04066615027110767 0.008203125 0.019364833462432222
0 0.4384765625 0.5813323005422153 0.007421875 0.019364833462432222
0 0.92734375 0.8079008520526724 0.00859375 0.015491866769945779
0 0.1435546875 0.2203718048024787 0.009765625 0.013168086754453912
0 0.4615234375 0.5666150271107668 0.008203125 0.020914020139426802
0 0.7835234375 0.3034856700232378 0.0128359375 0.01230828814872192
0 0.803515625 0.28853601859024014 0.01171875 0.01471727343144849
0 0.68944140625 0.022153369481022464 0.009796875 0.012525174283501164
0 0.703515625 0.027110766847405113 0.00859375 0.021688613477924088
0 0.6994140625 0.686289697908598 0.008984375 0.017041053446940357
0 0.2517578125 0.26258714175058095 0.008984375 0.017041053446940357
0 0.1578125 0.16731216111541442 0.0078125 0.020139426800929512
0 0.9033203125 0.38185127807900854 0.007421875 0.026374903175832687
0 0.4966328125 0.3545468628969791 0.00959375 0.026506584043377225
0 0.5171875 0.3388845855925639 0.00703125 0.016266460108443067
0 0.0759765625 0.15995352439969016 0.008984375 0.020914020139426802
0 0.883328125 0.5230054221533695 0.0058203125 0.024570100697134004
0 0.8875234375 0.5129589465530596 0.00920703125 0.013191324554608832
0 0.8955078125 0.5131680867544539 0.008203125 0.017815646785437646
0 0.18862109375 0.790007745933385 0.0074375 0.02397366382649109
0 0.1936171875 0.7978001549186677 0.006640625 0.018590240123934933
0 0.08819921875 0.7259024012393493 0.007648437499999999 0.02346243222308288
0 0.7904296875 0.820294345468629 0.008203125 0.017041053446940357
0 0.7310546875 0.07358636715724244 0.008984375 0.023237800154918668
0 0.560546875 0.8264910921766073 0.0078125 0.015491866769945779
0 0.15723437499999998 0.484554608830364 0.0081875 0.025460883036405885
0 0.343359375 0.36638264910921764 0.0078125 0.020139426800929512
0 0.4154296875 0.06777691711851278 0.006640625 0.017815646785437646
0 0.4240234375 0.029821843532145623 0.006640625 0.019364833462432222
0 0.57109375 0.37412858249419056 0.00859375 0.021688613477924088
0 0.6888671875 0.33152594887683967 0.008203125 0.023237800154918668
0 0.5234062500000001 0.8348024786986832 0.0094375 0.027459333849728894
0 0.9580078125 0.33578621223857474 0.012890625 0.013168086754453912
0 0.963453125 0.9707203718048025 0.00612109375 0.01865995352439969
0 0.9703125 0.9682416731216111 0.0078125 0.017041053446940357
0 0.78256640625 0.10449264136328427 0.0064375000000000005 0.032587141750580945
0 0.8107421875 0.05383423702556158 0.015234375 0.01471727343144849
0 0.5883476562500001 0.704841208365608 0.011890625 0.017792408985282726
0 0.33125 0.09527498063516654 0.01171875 0.012393493415956624
0 0.7595703125 0.9682416731216111 0.009765625 0.021688613477924088
0 0.085234375 0.9237722695584817 0.0094765625 0.024329976762199845
0 0.0367265625 0.1264833462432223 0.00595703125 0.02618900077459334
0 0.015609375 0.06872966692486444 0.006625000000000001 0.03109217660728118
0 0.092359375 0.07492641363284276 0.0056953125 0.026460108443067388
0 0.20896484375000002 0.18910147172734315 0.01452734375 0.02319132455460883
0 0.18573046875000002 0.31635941130906275 0.01161328125 0.009442292796281952
0 0.10590625000000001 0.31367157242447713 0.0123359375 0.011913245546088304
0 0.2393671875 0.5131216111541441 0.006042968750000001 0.022153369481022464
0 0.30459375 0.46442292796281953 0.005171875 0.017676219984508135
0 0.32316796875 0.6220371804802478 0.00616796875 0.02013168086754454
0 0.25285546875 0.8785592563903951 0.0059609375 0.020201394268009293
0 0.3379140625 0.8913323005422153 0.00845703125 0.02349341595662277
0 0.30748828125 0.792292796281952 0.01161328125 0.012556158017041054
0 0.0764453125 0.6461425251742835 0.00535546875 0.01831138652207591
0 0.034652343749999995 0.6439039504260263 0.01233984375 0.012021688613477924
0 0.144109375 0.7716111541440743 0.0116953125 0.013477924089852825
0 0.08792968749999999 0.7024399690162665 0.01005859375 0.016738962044926413
0 0.09870703125 0.70428350116189 0.0096328125 0.01305189775367932
0 0.0163125 0.2868009295120062 0.0076757812499999994 0.027048799380325332
0 0.1481875 0.2360805577072037 0.0077382812499999995 0.02176607281177382
0 0.1525390625 0.2150038729666925 0.00568359375 0.01769945778466305
0 0.3768359375 0.10494965143299768 0.007851562500000001 0.02434546862896979
0 0.3157421875 0.44364058869093725 0.01008203125 0.012393493415956624
0 0.34138671875000004 0.43673896204492646 0.00556640625 0.02216886134779241
0 0.509296875 0.4015491866769946 0.0120546875 0.023950426026336173
0 0.57463671875 0.3691634391944229 0.00652734375 0.02216886134779241
0 0.58074609375 0.3729357087529047 0.0067539062499999995 0.023361735089078232
0 0.5189804687499999 0.28298218435321454 0.00624609375 0.02305189775367932
0 0.5272578125 0.2823160340821069 0.0069179687500000005 0.02
0 0.5217578125 0.25839659178931057 0.0067890625 0.02649109217660728
0 0.54568359375 0.21283501161890006 0.0057109375 0.02787761425251743
0 0.57791015625 0.13853601859024012 0.00565234375 0.02621998450813323
0 0.5293554687500001 0.007652982184353215 0.0063750000000000005 0.01423702556158017
0 0.44116796875000003 0.27809450038729666 0.00935546875 0.02415182029434547
0 0.43105078125 0.1188303640588691 0.00925 0.02126258714175058
0 0.39399609375 0.20398915569326107 0.01015625 0.015623547637490319
0 0.498953125 0.5894810224632068 0.0117265625 0.026599535243996903
0 0.576375 0.9050503485670024 0.005328125 0.02276529821843532
0 0.48958203125 0.9634624322230828 0.00877734375 0.02354763749031758
0 0.47201953124999996 0.9517893106119287 0.007613281249999999 0.02707203718048025
0 0.45720312500000004 0.9070178156467855 0.00575 0.01943454686289698
0 0.41407421875 0.9063439194422928 0.0045703125 0.01809450038729667
0 0.37802734375 0.6651820294345469 0.010234375 0.023733539891556934
0 0.39287109375 0.7555848179705655 0.006984374999999999 0.02313710302091402
0 0.34115625 0.7131061192873741 0.0060234375 0.017993803253292022
0 0.44532812499999996 0.6393880712625872 0.00578125 0.017498063516653756
0 0.7516171875000001 0.4147482571649884 0.008484374999999999 0.01903950426026336
0 0.6442890625000001 0.32376452362509683 0.00699609375 0.02617350890782339
0 0.6512578125 0.06415956622773045 0.00635546875 0.02088303640588691
0 0.7947656249999999 0.17363284275755228 0.0061484375 0.026250968241673122
0 0.8425078125000001 0.05099147947327653 0.007097656250000001 0.03072811773818745
0 0.91980078125 0.062347017815646784 0.007140625 0.02615801704105345
0 0.82409765625 0.25301316808675445 0.0098359375 0.015933384972889233
0 0.8784218750000001 0.5150503485670023 0.00927734375 0.0199147947327653
0 0.86316796875 0.5479318357862122 0.0076171875 0.017010069713400466
0 0.86952734375 0.5715491866769946 0.00462109375 0.02640588690937258
0 0.8131875000000001 0.6343841982958947 0.0058007812499999995 0.02603408210689388
0 0.95119921875 0.43075910147172736 0.00581640625 0.0247714949651433
0 0.69883984375 0.36195197521301314 0.0064609375 0.025910147172734318
0 0.7303164062499999 0.15116189000774594 0.005921875 0.027025561580170412
0 0.7050468750000001 0.04777691711851278 0.00605859375 0.013346243222308289
0 0.9366914062499999 0.07219209914794733 0.0117890625 0.02453137103020914
0 0.9473007812500001 0.09216886134779241 0.0083359375 0.016955848179705656
0 0.9529765625 0.6436715724244771 0.0041875 0.0186289697908598
0 0.93792578125 0.7839736638264911 0.008304687500000001 0.023330751355538342
0 0.95934375 0.7842680092951201 0.009031250000000001 0.023919442292796283
0 0.90927734375 0.9808443067389621 0.00925 0.026359411309062743
0 0.9875859374999999 0.7489155693261038 0.0057109375 0.02412083656080558
0 0.9245820312499999 0.9905886909372579 0.01101953125 0.01271107668474051
0 0.8330624999999999 0.9442602633617351 0.010359375 0.014244771494965143
0 0.72576953125 0.6753446940356312 0.0059296875 0.0203718048024787
0 0.7311992187499999 0.676599535243997 0.0056640625 0.02603408210689388
0 0.7039492187499999 0.7518977536793184 0.00599609375 0.023787761425251745
0 0.31579296874999996 0.31616576297443844 0.01127734375 0.017482571649883812
0 0.8966406250000001 0.5013168086754455 0.006554687500000001 0.02176607281177382
0 0.6999921875 0.6721456235476375 0.01003125 0.023555383423702555
0 0.67862109375 0.8451587916343919 0.01590625 0.014167312161115414
0 0.27741796875 0.7375058094500387 0.007867187500000001 0.02793183578621224
0 0.26768359375 0.7442447714949652 0.013117187499999999 0.02179705654531371
0 0.26212109375 0.3040898528272657 0.006937500000000001 0.025205267234701782
0 0.30729296875 0.37089852827265685 0.0074609375000000006 0.026452362509682414
0 0.1607578125 0.16670797831138653 0.00568359375 0.029039504260263364
0 0.0151171875 0.2508830364058869 0.013257812499999999 0.01356312935708753
0 0.09500390625 0.5678853601859024 0.00798828125 0.021735089078233925
0 0.06069921874999999 0.7873663826491092 0.00745703125 0.02277304415182029
0 0.066671875 0.7685670023237801 0.0057265625 0.02603408210689388
0 0.07331640625 0.7702013942680094 0.00726953125 0.02766847405112316
0 0.6235039062500001 0.9117660728117738 0.0053828125 0.017490317583268782
0 0.9490546875 0.6986212238574748 0.0059101562500000005 0.02093725793958172
0 0.854953125 0.15876065065840433 0.00677734375 0.017226955848179706
0 0.69410546875 0.15723470178156468 0.00708203125 0.02519752130131681
0 0.22066406249999998 0.7375058094500387 0.0100546875 0.021099922540666147
0 0.59833203125 0.8655925639039505 0.007062499999999999 0.028900077459333852
0 0.35440234375 0.0312858249419055 0.012621093750000001 0.021735089078233925
0 0.2788359375 0.18836560805577074 0.010296875 0.018443067389620448
0 0.17852734374999998 0.5493028659953524 0.0096328125 0.017126258714175058
0 0.29876562500000003 0.3642215336948102 0.008968750000000001 0.011859024012393493
0 0.26156640625 0.8321843532145623 0.0096328125 0.01515104570100697
0 0.8057890625 0.328001549186677 0.00664453125 0.02766072811773819
0 0.68870703125 0.1495120061967467 0.0063125 0.023710302091402014