0 0.828 0.5966216216216216 0.009333333333333334 0.016216216216216217
0 0.4663333333333333 0.3162162162162162 0.011666666666666667 0.016891891891891893
0 0.3516666666666667 0.5675675675675675 0.013666666666666667 0.016216216216216217
0 0.801 0.10405405405405406 0.012 0.016216216216216217
0 0.43266666666666664 0.2641891891891892 0.013666666666666667 0.01418918918918919
0 0.15966666666666668 0.922972972972973 0.014 0.011486486486486487
0 0.961 0.08175675675675675 0.013333333333333334 0.012837837837837839
0 0.854 0.32837837837837835 0.011333333333333334 0.016891891891891893
0 0.22233333333333333 0.2114864864864865 0.011 0.01418918918918919
0 0.6253333333333333 0.6554054054054054 0.011333333333333334 0.011486486486486487
0 0.5073333333333333 0.8871621621621621 0.009333333333333334 0.012837837837837839
0 0.8033333333333333 0.23243243243243245 0.013 0.016216216216216217
0 0.529 0.7263513513513513 0.011 0.01418918918918919
0 0.9913333333333333 0.6668918918918919 0.013 0.016891891891891893
0 0.87 0.40405405405405403 0.009 0.016891891891891893
0 0.757 0.9304054054054054 0.013333333333333334 0.019594594594594596
0 0.44366666666666665 0.4777027027027027 0.009666666666666667 0.012837837837837839
0 0.826 0.30945945945945946 0.014333333333333333 0.014864864864864866
0 0.6463333333333333 0.22905405405405405 0.009666666666666667 0.019594594594594596
0 0.447 0.6513513513513514 0.011 0.01418918918918919
0 0.5643333333333334 0.2614864864864865 0.01 0.01891891891891892
0 0.7403333333333333 0.2628378378378378 0.011 0.012162162162162163
0 0.8233333333333334 0.46418918918918917 0.009666666666666667 0.01756756756756757
0 0.49166666666666664 0.25675675675675674 0.010666666666666666 0.012837837837837839
0 0.7116666666666667 0.7047297297297297 0.011666666666666667 0.01418918918918919
0 0.6663333333333333 0.08648648648648649 0.011 0.01756756756756757
0 0.3486666666666667 0.6614864864864864 0.008666666666666666 0.016891891891891893
0 0.6256666666666667 0.7094594594594594 0.009333333333333334 0.016891891891891893
0 0.21833333333333332 0.6195945945945946 0.012666666666666666 0.016216216216216217
0 0.30366666666666664 0.7655405405405405 0.006666666666666667 0.016216216216216217
0 0.26066666666666666 0.33513513513513515 0.01 0.015540540540540541
0 0.7853333333333333 0.04932432432432433 0.010666666666666666 0.01756756756756757
0 0.31333333333333335 0.10743243243243243 0.011333333333333334 0.01891891891891892
0 0.206 0.7445945945945946 0.011333333333333334 0.01756756756756757
0 0.6923333333333334 0.3216216216216216 0.013 0.012162162162162163
0 0.5843333333333334 0.4668918918918919 0.008666666666666666 0.015540540540540541
0 0.604 0.6972972972972973 0.007666666666666666 0.015540540540540541
0 0.582 0.629054054054054 0.011 0.01418918918918919
0 0.38566666666666666 0.8763513513513513 0.014 0.015540540540540541
0 0.745 0.17635135135135135 0.01 0.010810810810810811
0 0.7216666666666667 0.475 0.006 0.021621621621621623
0 0.18366666666666667 0.4081081081081081 0.008333333333333333 0.016891891891891893
0 0.231 0.6614864864864864 0.007666666666666666 0.016891891891891893
0 0.661 0.5567567567567567 0.007333333333333333 0.015540540540540541
0 0.9626666666666667 0.14864864864864866 0.011 0.015540540540540541
0 0.41833333333333333 0.8959459459459459 0.009333333333333334 0.011486486486486487
0 0.41333333333333333 0.19932432432432431 0.009 0.016891891891891893
0 0.807 0.21013513513513513 0.01 0.016216216216216217
0 0.4236666666666667 0.42702702702702705 0.006 0.014864864864864866
0 0.5396666666666666 0.595945945945946 0.011333333333333334 0.014864864864864866
0 0.5496666666666666 0.23716216216216215 0.009333333333333334 0.01756756756756757
0 0.8733333333333333 0.652027027027027 0.008666666666666666 0.01756756756756757
0 0.215 0.5878378378378378 0.014333333333333333 0.012837837837837839
0 0.19933333333333333 0.7662162162162162 0.009 0.016216216216216217
0 0.618 0.011486486486486487 0.01 0.014864864864864866
0 0.771 0.0222972972972973 0.013333333333333334 0.012837837837837839
0 0.955 0.7175675675675676 0.010666666666666666 0.019594594594594596
0 0.38466666666666666 0.7006756756756757 0.012 0.01418918918918919
0 0.13566666666666666 0.021621621621621623 0.008666666666666666 0.02027027027027027
0 0.715 0.8405405405405405 0.010666666666666666 0.01418918918918919
0 0.018 0.4486486486486487 0.007 0.01756756756756757
0 0.7026666666666667 0.15945945945945947 0.008333333333333333 0.011486486486486487
0 0.44133333333333336 0.16283783783783784 0.011333333333333334 0.014864864864864866
0 0.5246666666666666 0.43445945945945946 0.010666666666666666 0.012837837837837839
0 0.584 0.31013513513513513 0.009333333333333334 0.019594594594594596
0 0.6263333333333333 0.8148648648648649 0.012 0.012837837837837839
0 0.97 0.7709459459459459 0.008333333333333333 0.01756756756756757
0 0.5236666666666666 0.7128378378378378 0.009 0.01756756756756757
0 0.512 0.4797297297297297 0.008333333333333333 0.016216216216216217
0 0.13866666666666666 0.952027027027027 0.012666666666666666 0.016216216216216217
0 0.97 0.581081081081081 0.009333333333333334 0.016891891891891893
0 0.773 0.44932432432432434 0.010333333333333333 0.010810810810810811
0 0.7766666666666666 0.43783783783783786 0.013333333333333334 0.011486486486486487
0 0.20533333333333334 0.8425675675675676 0.013666666666666667 0.01418918918918919
0 0.42766666666666664 0.37635135135135134 0.007 0.01418918918918919
0 0.35433333333333333 0.6317567567567568 0.009333333333333334 0.02027027027027027
0 0.5733333333333334 0.6344594594594595 0.007333333333333333 0.015540540540540541
0 0.14966666666666667 0.016891891891891893 0.014 0.019594594594594596
0 0.7606666666666667 0.5283783783783784 0.010666666666666666 0.02027027027027027
0 0.5076666666666667 0.32297297297297295 0.008333333333333333 0.010810810810810811
0 0.482 0.297972972972973 0.007333333333333333 0.016891891891891893
0 0.2783333333333333 0.6621621621621622 0.006666666666666667 0.014864864864864866
0 0.588 0.5587837837837838 0.008333333333333333 0.016216216216216217
0 0.023333333333333334 0.504054054054054 0.012666666666666666 0.015540540540540541
0 0.523 0.22702702702702704 0.007666666666666666 0.016891891891891893
0 0.663 0.6317567567567568 0.006666666666666667 0.026351351351351353
0 0.3953333333333333 0.44797297297297295 0.01 0.01418918918918919
0 0.023333333333333334 0.7878378378378378 0.007666666666666666 0.014864864864864866
0 0.9746666666666667 0.23108108108108108 0.009 0.033783783783783786
0 0.9753333333333334 0.20608108108108109 0.01 0.012162162162162163
0 0.8173333333333334 0.16756756756756758 0.008333333333333333 0.016891891891891893
0 0.82 0.12972972972972974 0.011 0.019594594594594596
0 0.7376666666666667 0.4155405405405405 0.007333333333333333 0.020945945945945947
0 0.836 0.16824324324324325 0.010333333333333333 0.01418918918918919
0 0.186 0.019594594594594596 0.015333333333333332 0.011486486486486487
0 0.05633333333333333 0.10675675675675676 0.009666666666666667 0.016216216216216217
0 0.09533333333333334 0.6033783783783784 0.017333333333333333 0.01418918918918919
0 0.26166666666666666 0.02364864864864865 0.007333333333333333 0.01756756756756757
0 0.615 0.9 0.007 0.016216216216216217
0 0.7426666666666667 0.20945945945945946 0.009 0.015540540540540541
0 0.42333333333333334 0.23851351351351352 0.009666666666666667 0.02027027027027027
0 0.9013333333333333 0.4594594594594595 0.009 0.01756756756756757
0 0.634 0.9385135135135135 0.013666666666666667 0.010135135135135136
0 0.5756666666666667 0.8655405405405405 0.007 0.016891891891891893
0 0.12866666666666668 0.8824324324324324 0.011666666666666667 0.020945945945945947
0 0.114 0.5364864864864864 0.013333333333333334 0.016891891891891893
0 0.5736666666666667 0.22635135135135134 0.006666666666666667 0.015540540540540541
0 0.4073333333333333 0.13783783783783785 0.007333333333333333 0.016891891891891893
0 0.6416666666666667 0.45675675675675675 0.009 0.01418918918918919
0 0.589 0.7641891891891892 0.01 0.016216216216216217
0 0.259 0.30202702702702705 0.01 0.019594594594594596
0 0.13333333333333333 0.5216216216216216 0.008 0.027702702702702704
0 0.262 0.7682432432432432 0.009333333333333334 0.026351351351351353
0 0.263 0.75 0.015666666666666666 0.010810810810810811
0 0.8973333333333333 0.5790540540540541 0.009333333333333334 0.020945945945945947
0 0.627 0.6682432432432432 0.011333333333333334 0.012162162162162163
0 0.11833333333333333 0.10270270270270271 0.007 0.01891891891891892
0 0.5243333333333333 0.5885135135135136 0.008333333333333333 0.02027027027027027
0 0.8873333333333333 0.38175675675675674 0.006666666666666667 0.015540540540540541
0 0.24 0.12567567567567567 0.008333333333333333 0.02702702702702703
0 0.245 0.10675675675675676 0.011 0.015540540540540541
0 0.4246666666666667 0.08243243243243244 0.007666666666666666 0.01891891891891892
0 0.49166666666666664 0.5972972972972973 0.007 0.01756756756756757
0 0.439 0.902027027027027 0.013333333333333334 0.01756756756756757
0 0.885 0.9898648648648649 0.007333333333333333 0.016891891891891893
0 0.6686666666666666 0.05067567567567568 0.009 0.012837837837837839
0 0.9423333333333334 0.34121621621621623 0.011333333333333334 0.015540540540540541
0 0.032 0.3216216216216216 0.013 0.01756756756756757
0 0.889 0.31486486486486487 0.009333333333333334 0.01756756756756757
0 0.611 0.7128378378378378 0.007666666666666666 0.015540540540540541
0 0.4063333333333333 0.8722972972972973 0.006 0.014864864864864866
0 0.8903333333333333 0.4608108108108108 0.012 0.012837837837837839
0 0.307 0.8189189189189189 0.01 0.026351351351351353
0 0.32 0.14121621621621622 0.007 0.019594594594594596
0 0.08666666666666667 0.39256756756756755 0.007666666666666666 0.01891891891891892
0 0.8943333333333333 0.11013513513513513 0.009666666666666667 0.024324324324324326
0 0.8556666666666667 0.18175675675675676 0.011333333333333334 0.025675675675675677
0 0.48733333333333334 0.5635135135135135 0.006666666666666667 0.02837837837837838
0 0.18266666666666667 0.3777027027027027 0.007333333333333333 0.02364864864864865
0 0.7463333333333333 0.02364864864864865 0.01 0.01756756756756757
0 0.143 0.07702702702702703 0.011 0.02702702702702703
0 0.12766666666666668 0.07027027027027027 0.012666666666666666 0.03581081081081081
0 0.10733333333333334 0.09527027027027027 0.007333333333333333 0.02702702702702703
0 0.036333333333333336 0.10743243243243243 0.011 0.02972972972972973
0 0.05433333333333333 0.09256756756756757 0.012 0.016891891891891893
0 0.147 0.28378378378378377 0.01 0.025675675675675677
0 0.023333333333333334 0.2851351351351351 0.009 0.031081081081081083
0 0.02266666666666667 0.4858108108108108 0.017666666666666667 0.01756756756756757
0 0.13233333333333333 0.48783783783783785 0.012 0.027702702702702704
0 0.13833333333333334 0.5209459459459459 0.012333333333333333 0.01891891891891892
0 0.116 0.5945945945945946 0.014 0.014864864864864866
0 0.06233333333333333 0.5472972972972973 0.009333333333333334 0.02702702702702703
0 0.10233333333333333 0.6662162162162162 0.015666666666666666 0.016891891891891893
0 0.19566666666666666 0.5844594594594594 0.01 0.02972972972972973
0 0.017333333333333333 0.6216216216216216 0.011333333333333334 0.029054054054054056
0 0.03266666666666666 0.7243243243243244 0.011 0.018243243243243244
0 0.05366666666666667 0.7162162162162162 0.009333333333333334 0.02837837837837838
0 0.083 0.8 0.013 0.02972972972972973
0 0.06266666666666666 0.8297297297297297 0.009 0.025
0 0.017666666666666667 0.8087837837837838 0.012 0.024324324324324326
0 0.19133333333333333 0.8655405405405405 0.012 0.026351351351351353
0 0.25466666666666665 0.9851351351351352 0.007333333333333333 0.02364864864864865
0 0.267 0.9831081081081081 0.007 0.030405405405405407
0 0.26666666666666666 0.552027027027027 0.010666666666666666 0.027702702702702704
0 0.25033333333333335 0.5222972972972973 0.015666666666666666 0.015540540540540541
0 0.39766666666666667 0.5560810810810811 0.009666666666666667 0.03310810810810811
0 0.49633333333333335 0.572972972972973 0.007333333333333333 0.024324324324324326
0 0.41433333333333333 0.6560810810810811 0.009333333333333334 0.02837837837837838
0 0.495 0.22094594594594594 0.007 0.02027027027027027
0 0.365 0.02972972972972973 0.008 0.016891891891891893
0 0.32766666666666666 0.34256756756756757 0.008 0.027702702702702704
0 0.329 0.37905405405405407 0.007333333333333333 0.02702702702702703
0 0.347 0.7912162162162162 0.008333333333333333 0.02837837837837838
0 0.411 0.8648648648648649 0.013666666666666667 0.013513513513513514
0 0.4216666666666667 0.8837837837837837 0.006666666666666667 0.022972972972972974
0 0.3893333333333333 0.9878378378378379 0.014333333333333333 0.02027027027027027
0 0.39566666666666667 0.870945945945946 0.011333333333333334 0.027702702702702704
0 0.511 0.947972972972973 0.01 0.029054054054054056
0 0.6686666666666666 0.8945945945945946 0.008 0.026351351351351353
0 0.5473333333333333 0.995945945945946 0.014666666666666666 0.007432432432432433
0 0.669 0.6418918918918919 0.006 0.024324324324324326
0 0.549 0.4635135135135135 0.012 0.022972972972972974
0 0.528 0.4243243243243243 0.013666666666666667 0.012162162162162163
0 0.655 0.375 0.01 0.022972972972972974
0 0.5553333333333333 0.22905405405405405 0.006 0.025
0 0.6256666666666667 0.18986486486486487 0.006 0.030405405405405407
0 0.635 0.20337837837837838 0.008 0.03175675675675676
0 0.5963333333333334 0.047972972972972976 0.007 0.025
0 0.506 0.03581081081081081 0.013333333333333334 0.01418918918918919
0 0.5123333333333333 0.32297297297297295 0.009 0.013513513513513514
0 0.688 0.11148648648648649 0.006666666666666667 0.02702702702702703
0 0.7016666666666667 0.07837837837837838 0.009333333333333334 0.018243243243243244
0 0.81 0.10135135135135136 0.007 0.025
0 0.954 0.27837837837837837 0.008 0.02364864864864865
0 0.7923333333333333 0.32297297297297295 0.009333333333333334 0.025675675675675677
0 0.7886666666666666 0.745945945945946 0.009333333333333334 0.033783783783783786
0 0.7916666666666666 0.7364864864864865 0.007666666666666666 0.027702702702702704
0 0.692 0.9148648648648648 0.008 0.02702702702702703
0 0.7276666666666667 0.9135135135135135 0.017 0.021621621621621623
0 0.7386666666666667 0.9648648648648649 0.006333333333333333 0.02702702702702703
0 0.779 0.9533783783783784 0.009 0.02837837837837838
0 0.9786666666666667 0.8094594594594594 0.011666666666666667 0.031081081081081083
0 0.7473333333333333 0.008108108108108109 0.008 0.016216216216216217
0 0.24066666666666667 0.1472972972972973 0.010666666666666666 0.02702702702702703
0 0.23333333333333334 0.08581081081081081 0.020666666666666667 0.016216216216216217
0 0.4076666666666667 0.29864864864864865 0.007666666666666666 0.022972972972972974
0 0.4246666666666667 0.28986486486486485 0.014666666666666666 0.01418918918918919
0 0.5926666666666667 0.20743243243243242 0.014333333333333333 0.02027027027027027
0 0.6393333333333333 0.3324324324324324 0.011666666666666667 0.020945945945945947
0 0.738 0.2918918918918919 0.015333333333333332 0.01418918918918919
0 0.13066666666666665 0.32837837837837835 0.008666666666666666 0.022972972972972974
0 0.04566666666666667 0.6574324324324324 0.01 0.02027027027027027
0 0.20333333333333334 0.6 0.007 0.02702702702702703
0 0.283 0.527027027027027 0.009666666666666667 0.026351351351351353
0 0.36 0.5087837837837837 0.008666666666666666 0.025
0 0.35633333333333334 0.41486486486486485 0.012333333333333333 0.022972972972972974
0 0.4553333333333333 0.43243243243243246 0.009 0.032432432432432434
0 0.49133333333333334 0.6317567567567568 0.007666666666666666 0.025
0 0.5543333333333333 0.44054054054054054 0.008666666666666666 0.0222972972972973
0 0.018666666666666668 0.18986486486486487 0.008666666666666666 0.024324324324324326
0 0.006 0.20270270270270271 0.010666666666666666 0.01891891891891892
0 0.15166666666666667 0.05 0.015333333333333332 0.01891891891891892
0 0.16 0.6236486486486487 0.009666666666666667 0.02702702702702703
0 0.5296666666666666 0.7560810810810811 0.011 0.02702702702702703
0 0.26 0.8087837837837838 0.017666666666666667 0.01418918918918919
0 0.8216666666666667 0.37905405405405407 0.011 0.022972972972972974
0 0.9483333333333334 0.5283783783783784 0.01633333333333333 0.018243243243243244
0 0.943 0.572972972972973 0.014333333333333333 0.014864864864864866
0 0.9866666666666667 0.9121621621621622 0.013666666666666667 0.022972972972972974
0 0.815 0.7121621621621622 0.011 0.022972972972972974