0 0.059666666666666666 0.12635135135135134 0.011666666666666667 0.012837837837837839
0 0.134 0.09054054054054055 0.012333333333333333 0.016891891891891893
0 0.077 0.10540540540540541 0.007 0.021621621621621623
0 0.06866666666666667 0.17567567567567569 0.008 0.025675675675675677
0 0.036 0.1939189189189189 0.014333333333333333 0.014864864864864866
0 0.14966666666666667 0.2195945945945946 0.007666666666666666 0.025675675675675677
0 0.304 0.23783783783783785 0.009333333333333334 0.012837837837837839
0 0.303 0.22635135135135134 0.009333333333333334 0.010135135135135136
0 0.304 0.17027027027027028 0.010666666666666666 0.016891891891891893
0 0.314 0.16891891891891891 0.012333333333333333 0.013513513513513514
0 0.32166666666666666 0.14256756756756755 0.008666666666666666 0.01418918918918919
0 0.2956666666666667 0.1966216216216216 0.006666666666666667 0.012162162162162163
0 0.014 0.504054054054054 0.009666666666666667 0.010135135135135136
0 0.019 0.4925675675675676 0.006666666666666667 0.019594594594594596
0 0.15766666666666668 0.44391891891891894 0.007333333333333333 0.01891891891891892
0 0.17966666666666667 0.43783783783783786 0.010333333333333333 0.012162162162162163
0 0.17933333333333334 0.5358108108108108 0.007333333333333333 0.01891891891891892
0 0.227 0.41486486486486485 0.006666666666666667 0.012837837837837839
0 0.22133333333333333 0.3810810810810811 0.008 0.025675675675675677
0 0.273 0.40202702702702703 0.005666666666666667 0.020945945945945947
0 0.302 0.37635135135135134 0.004666666666666667 0.021621621621621623
0 0.353 0.39594594594594595 0.004666666666666667 0.01891891891891892
0 0.218 0.32635135135135135 0.009333333333333334 0.010810810810810811
0 0.214 0.1891891891891892 0.007333333333333333 0.024324324324324326
0 0.216 0.16891891891891891 0.008666666666666666 0.010135135135135136
0 0.14266666666666666 0.16891891891891891 0.007666666666666666 0.019594594594594596
0 0.093 0.2168918918918919 0.006666666666666667 0.012837837837837839
0 0.16266666666666665 0.02837837837837838 0.005 0.022972972972972974
0 0.253 0.07972972972972973 0.012 0.00945945945945946
0 0.317 0.11554054054054054 0.007666666666666666 0.024324324324324326
0 0.263 0.0804054054054054 0.009 0.012162162162162163
0 0.299 0.527027027027027 0.008666666666666666 0.015540540540540541
0 0.32266666666666666 0.5533783783783783 0.009333333333333334 0.014864864864864866
0 0.15833333333333333 0.6912162162162162 0.005666666666666667 0.020945945945945947
0 0.20566666666666666 0.7094594594594594 0.006666666666666667 0.0222972972972973
0 0.21333333333333335 0.7175675675675676 0.011333333333333334 0.012162162162162163
0 0.2733333333333333 0.7317567567567568 0.009333333333333334 0.013513513513513514
0 0.4083333333333333 0.06554054054054054 0.013 0.011486486486486487
0 0.462 0.062162162162162166 0.007 0.015540540540540541
0 0.452 0.12567567567567567 0.01 0.015540540540540541
0 0.47633333333333333 0.12162162162162163 0.005666666666666667 0.020945945945945947
0 0.4663333333333333 0.08716216216216216 0.007 0.019594594594594596
0 0.439 0.1608108108108108 0.009333333333333334 0.01418918918918919
0 0.42033333333333334 0.2304054054054054 0.007 0.022972972972972974
0 0.43866666666666665 0.22094594594594594 0.005333333333333333 0.018243243243243244
0 0.36233333333333334 0.22567567567567567 0.008333333333333333 0.018243243243243244
0 0.35533333333333333 0.32297297297297295 0.005666666666666667 0.01756756756756757
0 0.46166666666666667 0.3108108108108108 0.005 0.022972972972972974
0 0.471 0.3398648648648649 0.010333333333333333 0.012162162162162163
0 0.47433333333333333 0.325 0.011 0.012162162162162163
0 0.43366666666666664 0.3304054054054054 0.014 0.01418918918918919
0 0.37266666666666665 0.41486486486486485 0.005333333333333333 0.01891891891891892
0 0.417 0.4391891891891892 0.010333333333333333 0.010810810810810811
0 0.4056666666666667 0.425 0.010333333333333333 0.01418918918918919
0 0.45 0.3966216216216216 0.004333333333333333 0.021621621621621623
0 0.38266666666666665 0.5148648648648648 0.007333333333333333 0.021621621621621623
0 0.484 0.47094594594594597 0.007666666666666666 0.02027027027027027
0 0.49133333333333334 0.47364864864864864 0.006333333333333333 0.016216216216216217
0 0.5153333333333333 0.5466216216216216 0.013666666666666667 0.00945945945945946
0 0.4806666666666667 0.5885135135135136 0.006333333333333333 0.016216216216216217
0 0.486 0.6033783783783784 0.006 0.016891891891891893
0 0.485 0.5763513513513514 0.004333333333333333 0.013513513513513514
0 0.4706666666666667 0.6283783783783784 0.015 0.012162162162162163
0 0.47933333333333333 0.647972972972973 0.004666666666666667 0.022972972972972974
0 0.45666666666666667 0.6628378378378378 0.009333333333333334 0.016891891891891893
0 0.42333333333333334 0.6486486486486487 0.006 0.02027027027027027
0 0.448 0.6148648648648649 0.006 0.018243243243243244
0 0.446 0.5162162162162162 0.007 0.016891891891891893
0 0.3413333333333333 0.5966216216216216 0.008333333333333333 0.016216216216216217
0 0.3456666666666667 0.7033783783783784 0.010666666666666666 0.013513513513513514
0 0.366 0.9837837837837838 0.009333333333333334 0.010135135135135136
0 0.38966666666666666 0.9925675675675676 0.005666666666666667 0.012837837837837839
0 0.6683333333333333 0.9837837837837838 0.009666666666666667 0.010135135135135136
0 0.6193333333333333 0.9837837837837838 0.009666666666666667 0.00945945945945946
0 0.572 0.847972972972973 0.013 0.010135135135135136
0 0.528 0.8324324324324325 0.008 0.00945945945945946
0 0.5596666666666666 0.8243243243243243 0.006666666666666667 0.016891891891891893
0 0.6063333333333333 0.852027027027027 0.007333333333333333 0.016216216216216217
0 0.7996666666666666 0.7175675675675676 0.007 0.02027027027027027
0 0.18333333333333332 0.5297297297297298 0.006666666666666667 0.022972972972972974
0 0.08366666666666667 0.9912162162162163 0.007 0.01756756756756757
0 0.7966666666666666 0.706081081081081 0.006666666666666667 0.016216216216216217
0 0.514 0.5466216216216216 0.013333333333333334 0.015540540540540541
0 0.22933333333333333 0.13918918918918918 0.014 0.014864864864864866
0 0.38133333333333336 0.22837837837837838 0.013 0.016891891891891893
0 0.6556666666666666 0.8222972972972973 0.013666666666666667 0.01756756756756757
0 0.24866666666666667 0.39256756756756755 0.012333333333333333 0.020945945945945947
0 0.07633333333333334 0.40540540540540543 0.008 0.019594594594594596
0 0.3893333333333333 0.17229729729729729 0.007 0.0222972972972973
0 0.9203333333333333 0.9094594594594595 0.013333333333333334 0.019594594594594596
0 0.37166666666666665 0.6094594594594595 0.008333333333333333 0.0222972972972973
0 0.149 0.46283783783783783 0.009333333333333334 0.018243243243243244
0 0.107 0.29527027027027025 0.010333333333333333 0.016216216216216217
0 0.19833333333333333 0.7878378378378378 0.007333333333333333 0.016891891891891893
0 0.788 0.9263513513513514 0.011333333333333334 0.01891891891891892
0 0.22733333333333333 0.5837837837837838 0.006666666666666667 0.019594594594594596
0 0.2776666666666667 0.8513513513513513 0.006666666666666667 0.0222972972972973
0 0.264 0.43986486486486487 0.013333333333333334 0.01756756756756757
0 0.42133333333333334 0.7574324324324324 0.006666666666666667 0.022972972972972974
0 0.479 0.7547297297297297 0.009 0.026351351351351353
0 0.06433333333333334 0.9243243243243243 0.014333333333333333 0.012837837837837839
0 0.177 0.902027027027027 0.01 0.027702702702702704
0 0.7143333333333334 0.8060810810810811 0.015 0.013513513513513514
0 0.14266666666666666 0.5412162162162162 0.009 0.015540540540540541
0 0.2946666666666667 0.7479729729729729 0.007 0.024324324324324326
0 0.25966666666666666 0.9466216216216217 0.015 0.02364864864864865
0 0.041666666666666664 0.9486486486486486 0.013 0.01756756756756757
0 0.746 0.5797297297297297 0.012333333333333333 0.01418918918918919
0 0.36533333333333334 0.8236486486486486 0.007 0.020945945945945947
0 0.017666666666666667 0.9033783783783784 0.009333333333333334 0.01891891891891892
0 0.36133333333333334 0.977027027027027 0.018333333333333333 0.020945945945945947
0 0.15266666666666667 0.9283783783783783 0.012666666666666666 0.014864864864864866
0 0.7166666666666667 0.5925675675675676 0.012 0.014864864864864866
0 0.7293333333333333 0.5601351351351351 0.014 0.012837837837837839
0 0.9843333333333333 0.6993243243243243 0.013333333333333334 0.014864864864864866
0 0.18066666666666667 0.27094594594594595 0.009666666666666667 0.025675675675675677
0 0.304 0.8614864864864865 0.006666666666666667 0.0222972972972973
0 0.44166666666666665 0.9222972972972973 0.008666666666666666 0.01891891891891892
0 0.3596666666666667 0.8736486486486487 0.016666666666666666 0.014864864864864866
0 0.030333333333333334 0.3439189189189189 0.011333333333333334 0.012837837837837839
0 0.7983333333333333 0.7641891891891892 0.015333333333333332 0.016216216216216217
0 0.84 0.6567567567567567 0.015333333333333332 0.015540540540540541
0 0.7656666666666667 0.7932432432432432 0.015 0.012837837837837839
0 0.601 0.5554054054054054 0.010666666666666666 0.014864864864864866
0 0.6163333333333333 0.5371621621621622 0.006 0.025675675675675677
0 0.6273333333333333 0.525 0.009 0.02972972972972973
0 0.774 0.4858108108108108 0.008666666666666666 0.01891891891891892
0 0.23666666666666666 0.8452702702702702 0.011333333333333334 0.015540540540540541
0 0.09 0.5797297297297297 0.007333333333333333 0.012162162162162163
0 0.8243333333333334 0.8027027027027027 0.01 0.01418918918918919
0 0.35 0.822972972972973 0.013 0.01891891891891892
0 0.9273333333333333 0.3824324324324324 0.007666666666666666 0.0222972972972973
0 0.7563333333333333 0.43716216216216214 0.012666666666666666 0.0222972972972973
0 0.8603333333333333 0.793918918918919 0.015333333333333332 0.018243243243243244
0 0.9233333333333333 0.20540540540540542 0.008666666666666666 0.02837837837837838
0 0.7953333333333333 0.8972972972972973 0.006333333333333333 0.026351351351351353
0 0.6163333333333333 0.6804054054054054 0.007 0.01891891891891892
0 0.5406666666666666 0.7114864864864865 0.005666666666666667 0.022972972972972974
0 0.5483333333333333 0.7 0.004666666666666667 0.02364864864864865
0 0.5706666666666667 0.6885135135135135 0.013666666666666667 0.021621621621621623
0 0.5743333333333334 0.6722972972972973 0.009666666666666667 0.01418918918918919
0 0.5756666666666667 0.6493243243243243 0.01 0.011486486486486487
0 0.5966666666666667 0.6405405405405405 0.010666666666666666 0.01891891891891892
0 0.7313333333333333 0.643918918918919 0.011666666666666667 0.013513513513513514
0 0.8483333333333334 0.6074324324324324 0.010333333333333333 0.016891891891891893
0 0.976 0.5891891891891892 0.005333333333333333 0.0222972972972973
0 0.5316666666666666 0.7655405405405405 0.008666666666666666 0.01756756756756757
0 0.551 0.7445945945945946 0.007333333333333333 0.015540540540540541
0 0.7346666666666667 0.8547297297297297 0.014333333333333333 0.011486486486486487
0 0.732 0.8398648648648649 0.007333333333333333 0.014864864864864866
0 0.7413333333333333 0.8648648648648649 0.006666666666666667 0.0222972972972973
0 0.663 0.9344594594594594 0.006666666666666667 0.024324324324324326
0 0.9736666666666667 0.8729729729729729 0.010666666666666666 0.020945945945945947
0 0.9746666666666667 0.7777027027027027 0.006666666666666667 0.02027027027027027
0 0.9776666666666667 0.7635135135135135 0.008 0.019594594594594596
0 0.9216666666666666 0.8317567567567568 0.009666666666666667 0.010135135135135136
0 0.9353333333333333 0.847972972972973 0.009666666666666667 0.010810810810810811
0 0.939 0.8364864864864865 0.016666666666666666 0.012162162162162163
0 0.9426666666666667 0.8445945945945946 0.005666666666666667 0.012837837837837839
0 0.914 0.7668918918918919 0.007666666666666666 0.014864864864864866
0 0.912 0.7527027027027027 0.010333333333333333 0.012837837837837839
0 0.8996666666666666 0.7337837837837838 0.010333333333333333 0.010135135135135136
0 0.8896666666666667 0.6878378378378378 0.010666666666666666 0.010810810810810811
0 0.8076666666666666 0.6824324324324325 0.009 0.010135135135135136
0 0.9633333333333334 0.9351351351351351 0.009666666666666667 0.010810810810810811
0 0.779 0.9641891891891892 0.004666666666666667 0.018243243243243244
0 0.879 0.5554054054054054 0.014666666666666666 0.010810810810810811
0 0.944 0.5621621621621622 0.007666666666666666 0.012162162162162163
0 0.9383333333333334 0.5101351351351351 0.012666666666666666 0.012162162162162163
0 0.9323333333333333 0.46216216216216216 0.012 0.011486486486486487
0 0.8746666666666667 0.5256756756756756 0.014 0.011486486486486487
0 0.8383333333333334 0.43716216216216214 0.008 0.021621621621621623
0 0.883 0.4777027027027027 0.009 0.01756756756756757
0 0.9066666666666666 0.4972972972972973 0.009333333333333334 0.016891891891891893
0 0.9923333333333333 0.44324324324324327 0.008333333333333333 0.01756756756756757
0 0.9926666666666667 0.38716216216216215 0.010333333333333333 0.00945945945945946
0 0.9626666666666667 0.4101351351351351 0.007 0.01891891891891892
0 0.905 0.29324324324324325 0.010666666666666666 0.00945945945945946
0 0.913 0.31554054054054054 0.008333333333333333 0.012837837837837839
0 0.979 0.21486486486486486 0.004666666666666667 0.019594594594594596
0 0.9033333333333333 0.17364864864864865 0.007666666666666666 0.016891891891891893
0 0.958 0.041891891891891894 0.011333333333333334 0.013513513513513514
0 0.9403333333333334 0.06486486486486487 0.008666666666666666 0.025675675675675677
0 0.9433333333333334 0.03783783783783784 0.010666666666666666 0.011486486486486487
0 0.98 0.02364864864864865 0.006333333333333333 0.010810810810810811
0 0.8676666666666667 0.1304054054054054 0.005666666666666667 0.016216216216216217
0 0.854 0.1222972972972973 0.011666666666666667 0.01756756756756757
0 0.8283333333333334 0.14662162162162162 0.004333333333333333 0.019594594594594596
0 0.8476666666666667 0.22162162162162163 0.005 0.022972972972972974
0 0.887 0.19932432432432431 0.005666666666666667 0.016891891891891893
0 0.7876666666666666 0.0891891891891892 0.009 0.014864864864864866
0 0.7553333333333333 0.06756756756756757 0.016666666666666666 0.016216216216216217
0 0.7796666666666666 0.06824324324324324 0.007 0.020945945945945947
0 0.785 0.06689189189189189 0.007 0.020945945945945947
0 0.813 0.03783783783783784 0.011 0.010135135135135136
0 0.7673333333333333 0.10675675675675676 0.009333333333333334 0.011486486486486487
0 0.765 0.19594594594594594 0.008 0.013513513513513514
0 0.7993333333333333 0.21283783783783783 0.004 0.016891891891891893
0 0.5396666666666666 0.25675675675675674 0.01 0.011486486486486487
0 0.5573333333333333 0.2445945945945946 0.009666666666666667 0.011486486486486487
0 0.5663333333333334 0.23851351351351352 0.005 0.026351351351351353
0 0.572 0.20540540540540542 0.013333333333333334 0.018243243243243244
0 0.5573333333333333 0.16689189189189188 0.009666666666666667 0.01756756756756757
0 0.5386666666666666 0.3304054054054054 0.006666666666666667 0.029054054054054056
0 0.5183333333333333 0.30067567567567566 0.008333333333333333 0.01756756756756757
0 0.5823333333333334 0.2648648648648649 0.006666666666666667 0.018243243243243244
0 0.583 0.23783783783783785 0.007666666666666666 0.02972972972972973
0 0.5966666666666667 0.2472972972972973 0.006666666666666667 0.0222972972972973
0 0.625 0.28378378378378377 0.011666666666666667 0.013513513513513514
0 0.6403333333333333 0.3081081081081081 0.013 0.012837837837837839
0 0.6266666666666667 0.0918918918918919 0.008 0.016216216216216217
0 0.6483333333333333 0.16891891891891891 0.009 0.02364864864864865
0 0.581 0.46959459459459457 0.012 0.013513513513513514
0 0.5833333333333334 0.43716216216216214 0.009666666666666667 0.016216216216216217
0 0.6366666666666667 0.36486486486486486 0.008333333333333333 0.026351351351351353
0 0.546 0.2304054054054054 0.007 0.021621621621621623
0 0.525 0.2797297297297297 0.007666666666666666 0.019594594594594596
0 0.6536666666666666 0.3324324324324324 0.009 0.011486486486486487
0 0.732 0.29662162162162165 0.007333333333333333 0.014864864864864866
0 0.6016666666666667 0.25 0.005333333333333333 0.02837837837837838
0 0.5413333333333333 0.40337837837837837 0.008666666666666666 0.015540540540540541
0 0.6113333333333333 0.43445945945945946 0.01 0.015540540540540541
0 0.7043333333333334 0.518918918918919 0.011333333333333334 0.013513513513513514
0 0.7476666666666667 0.5263513513513514 0.005666666666666667 0.0222972972972973
0 0.5573333333333333 0.6067567567567568 0.012333333333333333 0.012162162162162163
0 0.7146666666666667 0.6966216216216217 0.01 0.01418918918918919
0 0.58 0.702027027027027 0.009666666666666667 0.016891891891891893
0 0.6633333333333333 0.46216216216216216 0.007 0.026351351351351353
0 0.6303333333333333 0.4337837837837838 0.006666666666666667 0.01756756756756757
0 0.7143333333333334 0.49324324324324326 0.012333333333333333 0.016216216216216217
0 0.6603333333333333 0.6155405405405405 0.011 0.012162162162162163
0 0.6523333333333333 0.00945945945945946 0.009333333333333334 0.01756756756756757
0 0.548 0.02027027027027027 0.015333333333333332 0.012162162162162163
0 0.7863333333333333 0.17094594594594595 0.007 0.025
0 0.795 0.08445945945945946 0.008666666666666666 0.0222972972972973
0 0.666 0.43513513513513513 0.007666666666666666 0.01891891891891892
0 0.5506666666666666 0.6709459459459459 0.006333333333333333 0.01891891891891892
0 0.5476666666666666 0.5391891891891892 0.007666666666666666 0.022972972972972974
0 0.541 0.4804054054054054 0.006666666666666667 0.016891891891891893
0 0.7203333333333334 0.4472972972972973 0.005333333333333333 0.019594594594594596
0 0.649 0.38175675675675674 0.011333333333333334 0.01418918918918919
0 0.49933333333333335 0.4155405405405405 0.004333333333333333 0.016891891891891893
0 0.624 0.44324324324324327 0.005333333333333333 0.010135135135135136
0 0.66 0.3493243243243243 0.007666666666666666 0.011486486486486487
0 0.7716666666666666 0.3777027027027027 0.006666666666666667 0.019594594594594596
0 0.7773333333333333 0.29527027027027025 0.006666666666666667 0.02027027027027027
0 0.7106666666666667 0.725 0.005666666666666667 0.015540540540540541
0 0.7153333333333334 0.7702702702702703 0.005333333333333333 0.01756756756756757
0 0.8193333333333334 0.1804054054054054 0.008666666666666666 0.01418918918918919
0 0.7126666666666667 0.03783783783783784 0.010333333333333333 0.00945945945945946
0 0.6633333333333333 0.14324324324324325 0.009333333333333334 0.010135135135135136
0 0.6683333333333333 0.11486486486486487 0.006333333333333333 0.022972972972972974
0 0.96 0.11756756756756757 0.006 0.01756756756756757
0 0.6206666666666667 0.7844594594594595 0.015666666666666666 0.012837837837837839
0 0.6093333333333333 0.7837837837837838 0.005 0.0222972972972973
0 0.6063333333333333 0.7716216216216216 0.007666666666666666 0.016891891891891893
0 0.6136666666666667 0.7722972972972973 0.007 0.01756756756756757
0 0.6116666666666667 0.7466216216216216 0.012 0.0222972972972973
0 0.816 0.7986486486486486 0.01 0.012837837837837839
0 0.9983333333333333 0.4445945945945946 0.0033333333333333335 0.01418918918918919
0 0.297 0.6695945945945946 0.013333333333333334 0.012837837837837839
0 0.07866666666666666 0.27837837837837837 0.004333333333333333 0.018243243243243244
0 0.14766666666666667 0.24932432432432433 0.007 0.014864864864864866
0 0.265 0.09324324324324325 0.009 0.014864864864864866
0 0.4846666666666667 0.9668918918918918 0.007 0.022972972972972974
0 0.5133333333333333 0.981081081081081 0.014 0.02702702702702703
0 0.5563333333333333 0.6452702702702703 0.010666666666666666 0.00945945945945946
0 0.344 0.6567567567567567 0.009333333333333334 0.010135135135135136
0 0.4073333333333333 0.3777027027027027 0.013 0.01756756756756757
0 0.6736666666666666 0.4168918918918919 0.008666666666666666 0.012837837837837839
0 0.3473333333333333 0.3864864864864865 0.006666666666666667 0.02027027027027027
0 0.379 0.3398648648648649 0.011666666666666667 0.014864864864864866
0 0.48533333333333334 0.34594594594594597 0.007333333333333333 0.018243243243243244
0 0.6496666666666666 0.4864864864864865 0.007 0.014864864864864866