0 0.172 0.4031111111111111 0.0095 0.016444444444444446
0 0.5335 0.684 0.01175 0.016888888888888887
0 0.64825 0.43244444444444446 0.01375 0.016444444444444446
0 0.199 0.896 0.012 0.016444444444444446
0 0.5675 0.736 0.01375 0.013777777777777778
0 0.84025 0.0768888888888889 0.014 0.011555555555555555
0 0.039 0.9182222222222223 0.01325 0.013333333333333334
0 0.146 0.6715555555555556 0.01125 0.016888888888888887
0 0.77775 0.7884444444444444 0.011 0.013777777777777778
0 0.37475 0.34444444444444444 0.01125 0.011555555555555555
0 0.4925 0.11288888888888889 0.0095 0.013333333333333334
0 0.19675 0.7671111111111111 0.013 0.016444444444444446
0 0.471 0.2733333333333333 0.011 0.013777777777777778
0 0.00875 0.3328888888888889 0.013 0.016888888888888887
0 0.13 0.5955555555555555 0.009 0.016888888888888887
0 0.243 0.06933333333333333 0.01325 0.019555555555555555
0 0.5565 0.5226666666666666 0.00975 0.013333333333333334
0 0.174 0.6906666666666667 0.0145 0.014666666666666666
0 0.35375 0.7711111111111111 0.00975 0.019555555555555555
0 0.553 0.34844444444444445 0.011 0.013777777777777778
0 0.4355 0.7382222222222222 0.01025 0.018666666666666668
0 0.25975 0.7373333333333333 0.011 0.012444444444444444
0 0.17675 0.5355555555555556 0.00975 0.017777777777777778
0 0.5085 0.7431111111111111 0.0105 0.013333333333333334
0 0.28825 0.2951111111111111 0.01175 0.013777777777777778
0 0.3335 0.9137777777777778 0.011 0.017777777777777778
0 0.65125 0.33866666666666667 0.0085 0.016888888888888887
0 0.37425 0.2906666666666667 0.0095 0.016888888888888887
0 0.78175 0.3808888888888889 0.0125 0.016444444444444446
0 0.69625 0.23422222222222222 0.00675 0.016444444444444446
0 0.7395 0.6644444444444444 0.01025 0.015555555555555555
0 0.21475 0.9506666666666667 0.0105 0.017777777777777778
0 0.6865 0.8924444444444445 0.01125 0.018666666666666668
0 0.794 0.2551111111111111 0.01125 0.017777777777777778
0 0.3075 0.6786666666666666 0.013 0.012444444444444444
0 0.4155 0.5328888888888889 0.0085 0.015555555555555555
0 0.396 0.30266666666666664 0.00775 0.015555555555555555
0 0.418 0.3711111111111111 0.011 0.013777777777777778
0 0.6145 0.124 0.014 0.015555555555555555
0 0.255 0.8235555555555556 0.01025 0.010666666666666666
0 0.27825 0.5253333333333333 0.006 0.021777777777777778
0 0.81625 0.592 0.00825 0.016888888888888887
0 0.76925 0.33866666666666667 0.00775 0.016888888888888887
0 0.33875 0.4431111111111111 0.0075 0.015555555555555555
0 0.0375 0.8511111111111112 0.011 0.015555555555555555
0 0.58175 0.104 0.0095 0.011555555555555555
0 0.5865 0.8008888888888889 0.009 0.016888888888888887
0 0.193 0.7897777777777778 0.01025 0.016444444444444446
0 0.57625 0.5728888888888889 0.00575 0.014666666666666666
0 0.46025 0.404 0.01125 0.014666666666666666
0 0.4505 0.7626666666666667 0.0095 0.017777777777777778
0 0.1265 0.348 0.0085 0.017777777777777778
0 0.785 0.41244444444444445 0.0145 0.013333333333333334
0 0.8005 0.23333333333333334 0.009 0.016444444444444446
0 0.382 0.9888888888888889 0.01025 0.014666666666666666
0 0.229 0.9777777777777777 0.01325 0.013333333333333334
0 0.045 0.2822222222222222 0.0105 0.019555555555555555
0 0.6155 0.2991111111111111 0.012 0.013777777777777778
0 0.8645 0.9782222222222222 0.0085 0.02
0 0.285 0.15955555555555556 0.0105 0.013777777777777778
0 0.982 0.5511111111111111 0.007 0.017777777777777778
0 0.2975 0.8408888888888889 0.00825 0.011555555555555555
0 0.55875 0.8368888888888889 0.01125 0.014666666666666666
0 0.47525 0.5657777777777778 0.0105 0.013333333333333334
0 0.416 0.6897777777777778 0.0095 0.019555555555555555
0 0.37375 0.18533333333333332 0.012 0.012888888888888889
0 0.03 0.2288888888888889 0.00825 0.017777777777777778
0 0.47625 0.2871111111111111 0.009 0.017777777777777778
0 0.488 0.52 0.00825 0.016444444444444446
0 0.86125 0.04755555555555555 0.0125 0.016444444444444446
0 0.03 0.4191111111111111 0.0095 0.016888888888888887
0 0.22725 0.5506666666666666 0.01025 0.011111111111111112
0 0.2235 0.5617777777777778 0.01325 0.011555555555555555
0 0.79475 0.15733333333333333 0.01375 0.013777777777777778
0 0.57225 0.6235555555555555 0.007 0.013777777777777778
0 0.64575 0.368 0.0095 0.02
0 0.42675 0.36577777777777776 0.0075 0.015555555555555555
0 0.8505 0.9835555555555555 0.014 0.019555555555555555
0 0.23925 0.472 0.01075 0.020444444444444446
0 0.4925 0.6768888888888889 0.00825 0.010666666666666666
0 0.51825 0.7017777777777777 0.0075 0.016888888888888887
0 0.72175 0.3382222222222222 0.00675 0.014666666666666666
0 0.412 0.44133333333333336 0.00825 0.016444444444444446
0 0.9765 0.4955555555555556 0.0125 0.015555555555555555
0 0.477 0.7728888888888888 0.00775 0.016888888888888887
0 0.337 0.368 0.00675 0.026222222222222223
0 0.60475 0.5524444444444444 0.01025 0.013777777777777778
0 0.9765 0.212 0.00775 0.014666666666666666
0 0.02525 0.7684444444444445 0.009 0.03422222222222222
0 0.0245 0.7937777777777778 0.01025 0.012444444444444444
0 0.1825 0.8328888888888889 0.00825 0.016888888888888887
0 0.18 0.8702222222222222 0.011 0.019555555555555555
0 0.26225 0.5844444444444444 0.0075 0.020888888888888887
0 0.164 0.832 0.0105 0.014222222222222223
0 0.81375 0.9804444444444445 0.01525 0.011555555555555555
0 0.9435 0.8933333333333333 0.00975 0.016444444444444446
0 0.90475 0.39644444444444443 0.01725 0.013777777777777778
0 0.7385 0.9764444444444444 0.0075 0.017777777777777778
0 0.38525 0.10044444444444445 0.007 0.016444444444444446
0 0.25725 0.7906666666666666 0.009 0.015555555555555555
0 0.57675 0.7613333333333333 0.00975 0.02
0 0.09875 0.5404444444444444 0.009 0.017777777777777778
0 0.366 0.06177777777777778 0.01375 0.010222222222222223
0 0.42425 0.13466666666666666 0.007 0.016888888888888887
0 0.8715 0.11733333333333333 0.01175 0.020888888888888887
0 0.886 0.4631111111111111 0.01325 0.016888888888888887
0 0.42625 0.7737777777777778 0.00675 0.015555555555555555
0 0.59275 0.8622222222222222 0.0075 0.016888888888888887
0 0.3585 0.5431111111111111 0.009 0.013777777777777778
0 0.411 0.236 0.01025 0.016444444444444446
0 0.741 0.6982222222222222 0.01025 0.019555555555555555
0 0.86675 0.4782222222222222 0.008 0.027555555555555555
0 0.738 0.23155555555555554 0.0095 0.026222222222222223
0 0.737 0.25022222222222223 0.0155 0.010666666666666666
0 0.10275 0.42088888888888887 0.0095 0.020888888888888887
0 0.37275 0.33155555555555555 0.01125 0.012444444444444444
0 0.88175 0.8968888888888888 0.007 0.018666666666666668
0 0.4755 0.4111111111111111 0.00825 0.02
0 0.11275 0.6182222222222222 0.00675 0.015555555555555555
0 0.76 0.8742222222222222 0.0085 0.02666666666666667
0 0.755 0.8928888888888888 0.011 0.015555555555555555
0 0.5755 0.9177777777777778 0.00775 0.018666666666666668
0 0.50825 0.4022222222222222 0.007 0.017777777777777778
0 0.561 0.09777777777777778 0.01325 0.017777777777777778
0 0.115 0.010222222222222223 0.0075 0.016888888888888887
0 0.3315 0.9493333333333334 0.009 0.013333333333333334
0 0.05775 0.6591111111111111 0.0115 0.015111111111111112
0 0.96825 0.6782222222222222 0.013 0.017777777777777778
0 0.111 0.6853333333333333 0.0095 0.017777777777777778
0 0.389 0.28755555555555556 0.00775 0.015555555555555555
0 0.5935 0.12755555555555556 0.00575 0.014666666666666666
0 0.1095 0.5395555555555556 0.012 0.013333333333333334
0 0.693 0.18133333333333335 0.01 0.02666666666666667
0 0.68 0.8586666666666667 0.007 0.019555555555555555
0 0.91325 0.6071111111111112 0.00775 0.018666666666666668
0 0.10575 0.8897777777777778 0.0095 0.024
0 0.14425 0.8182222222222222 0.01125 0.025333333333333333
0 0.51275 0.43644444444444447 0.00675 0.028444444444444446
0 0.81725 0.6226666666666667 0.00725 0.023555555555555555
0 0.2535 0.9764444444444444 0.01025 0.017777777777777778
0 0.857 0.9226666666666666 0.011 0.02711111111111111
0 0.87225 0.9297777777777778 0.01275 0.035555555555555556
0 0.89275 0.9044444444444445 0.00725 0.02711111111111111
0 0.9635 0.8928888888888888 0.01075 0.029777777777777778
0 0.94575 0.9075555555555556 0.012 0.016888888888888887
0 0.853 0.716 0.01025 0.025333333333333333
0 0.9765 0.7151111111111111 0.00875 0.03155555555555556
0 0.97725 0.5137777777777778 0.0175 0.017777777777777778
0 0.8675 0.5124444444444445 0.01175 0.028
0 0.8615 0.4791111111111111 0.0125 0.01911111111111111
0 0.884 0.4053333333333333 0.014 0.014666666666666666
0 0.93775 0.4528888888888889 0.0095 0.02666666666666667
0 0.89775 0.3342222222222222 0.0155 0.017333333333333333
0 0.80425 0.41555555555555557 0.01 0.029777777777777778
0 0.98275 0.37822222222222224 0.01125 0.029333333333333333
0 0.9675 0.27555555555555555 0.01125 0.018222222222222223
0 0.94625 0.28355555555555556 0.00925 0.028444444444444446
0 0.917 0.2 0.013 0.029777777777777778
0 0.93725 0.17022222222222222 0.009 0.024888888888888887
0 0.9825 0.19111111111111112 0.012 0.024444444444444446
0 0.80875 0.13466666666666666 0.01175 0.026222222222222223
0 0.74525 0.014666666666666666 0.0075 0.024
0 0.733 0.016888888888888887 0.007 0.030666666666666665
0 0.7335 0.44755555555555554 0.01075 0.028
0 0.74975 0.4777777777777778 0.0155 0.015555555555555555
0 0.60225 0.44355555555555554 0.00975 0.03288888888888889
0 0.5035 0.4271111111111111 0.00725 0.024
0 0.5855 0.34355555555555556 0.0095 0.028
0 0.50475 0.7795555555555556 0.007 0.02
0 0.635 0.9706666666666667 0.00775 0.016888888888888887
0 0.67225 0.6577777777777778 0.00775 0.028
0 0.671 0.6208888888888889 0.00725 0.02711111111111111
0 0.653 0.2088888888888889 0.0085 0.028444444444444446
0 0.58875 0.13466666666666666 0.01375 0.013777777777777778
0 0.5785 0.11644444444444445 0.0065 0.02311111111111111
0 0.6105 0.012444444444444444 0.0145 0.02
0 0.60425 0.1288888888888889 0.0115 0.028
0 0.489 0.052 0.00975 0.029333333333333333
0 0.3315 0.10577777777777778 0.00775 0.026222222222222223
0 0.4525 0.004 0.0145 0.007555555555555556
0 0.33075 0.35777777777777775 0.00575 0.024444444444444446
0 0.451 0.5364444444444444 0.012 0.02311111111111111
0 0.472 0.5755555555555556 0.01375 0.012
0 0.34525 0.6253333333333333 0.01025 0.02266666666666667
0 0.44475 0.7706666666666667 0.00625 0.025333333333333333
0 0.37425 0.8102222222222222 0.006 0.030222222222222223
0 0.36525 0.7968888888888889 0.00825 0.032
0 0.4035 0.952 0.007 0.025333333333333333
0 0.494 0.9644444444444444 0.0135 0.014222222222222223
0 0.48775 0.6773333333333333 0.009 0.013777777777777778
0 0.31225 0.8884444444444445 0.0065 0.02666666666666667
0 0.2985 0.9217777777777778 0.00925 0.018222222222222223
0 0.19025 0.8991111111111111 0.007 0.024888888888888887
0 0.046 0.7213333333333334 0.008 0.023555555555555555
0 0.2075 0.6773333333333333 0.0095 0.025777777777777778
0 0.2115 0.25422222222222224 0.00925 0.03333333333333333
0 0.2085 0.26355555555555554 0.00775 0.028
0 0.308 0.08488888888888889 0.008 0.02711111111111111
0 0.27225 0.08666666666666667 0.017 0.021777777777777778
0 0.2615 0.035555555555555556 0.0065 0.02666666666666667
0 0.221 0.04666666666666667 0.009 0.028444444444444446
0 0.0215 0.19066666666666668 0.01175 0.03111111111111111
0 0.2525 0.9915555555555555 0.00775 0.016888888888888887
0 0.75925 0.8524444444444444 0.01075 0.02711111111111111
0 0.76675 0.9146666666666666 0.02075 0.016
0 0.59225 0.7017777777777777 0.0075 0.02311111111111111
0 0.5755 0.7102222222222222 0.01475 0.014222222222222223
0 0.40725 0.7928888888888889 0.01425 0.02
0 0.36075 0.6675555555555556 0.01175 0.021333333333333333
0 0.262 0.708 0.01525 0.014222222222222223
0 0.86925 0.6715555555555556 0.00875 0.02311111111111111
0 0.95425 0.3426666666666667 0.01025 0.02
0 0.7965 0.39955555555555555 0.007 0.02711111111111111
0 0.717 0.4728888888888889 0.00975 0.026222222222222223
0 0.64 0.4911111111111111 0.00875 0.025333333333333333
0 0.64375 0.5848888888888889 0.01225 0.02311111111111111
0 0.54475 0.5671111111111111 0.00925 0.032
0 0.5085 0.36844444444444446 0.0075 0.025333333333333333
0 0.4455 0.5591111111111111 0.00875 0.022222222222222223
0 0.9815 0.8097777777777778 0.00875 0.024
0 0.99425 0.7973333333333333 0.01075 0.01911111111111111
0 0.84825 0.9502222222222222 0.01525 0.01911111111111111
0 0.84 0.37644444444444447 0.00975 0.02711111111111111
0 0.47025 0.24355555555555555 0.01125 0.02711111111111111
0 0.74 0.19111111111111112 0.01775 0.014222222222222223
0 0.1785 0.6213333333333333 0.01125 0.02311111111111111
0 0.0515 0.47155555555555556 0.01625 0.018222222222222223
0 0.057 0.4271111111111111 0.01425 0.015111111111111112
0 0.01325 0.08755555555555555 0.01375 0.02311111111111111
0 0.185 0.288 0.01125 0.02311111111111111