0 0.0725 0.2088888888888889 0.0095 0.020444444444444446
0 0.20025 0.16133333333333333 0.01075 0.02
0 0.35275 0.4142222222222222 0.01025 0.021777777777777778
0 0.3535 0.3973333333333333 0.01125 0.016888888888888887
0 0.41675 0.4493333333333333 0.01075 0.015111111111111112
0 0.496 0.48133333333333334 0.00825 0.024888888888888887
0 0.1745 0.78 0.007 0.030222222222222223
0 0.43925 0.8933333333333333 0.00875 0.023555555555555555
0 0.503 0.4728888888888889 0.00725 0.03244444444444444
0 0.63875 0.424 0.01025 0.024444444444444446
0 0.65 0.31333333333333335 0.01325 0.012888888888888889
0 0.63475 0.32755555555555554 0.00975 0.008888888888888889
0 0.66875 0.34844444444444445 0.006 0.026222222222222223
0 0.6735 0.36444444444444446 0.01 0.015111111111111112
0 0.6135 0.376 0.0055 0.019555555555555555
0 0.67175 0.2817777777777778 0.006 0.026222222222222223
0 0.55625 0.15955555555555556 0.00925 0.019555555555555555
0 0.56575 0.15955555555555556 0.01075 0.010222222222222223
0 0.58575 0.12222222222222222 0.00925 0.016444444444444446
0 0.5755 0.11511111111111111 0.0115 0.009333333333333334
0 0.667 0.13111111111111112 0.005 0.02
0 0.65375 0.10177777777777777 0.008 0.019555555555555555
0 0.66375 0.09333333333333334 0.00825 0.021777777777777778
0 0.66 0.09777777777777778 0.00925 0.021333333333333333
0 0.62825 0.12 0.00575 0.02711111111111111
0 0.66125 0.24888888888888888 0.01125 0.011111111111111112
0 0.6575 0.7031111111111111 0.00525 0.01911111111111111
0 0.66775 0.6933333333333334 0.0105 0.011111111111111112
0 0.5415 0.8453333333333334 0.00725 0.025333333333333333
0 0.60125 0.9666666666666667 0.007 0.020444444444444446
0 0.6045 0.9724444444444444 0.0075 0.026222222222222223
0 0.024 0.2431111111111111 0.00825 0.015555555555555555
0 0.25475 0.3711111111111111 0.011 0.012888888888888889
0 0.72425 0.9835555555555555 0.0115 0.03288888888888889
0 0.26425 0.36844444444444446 0.00825 0.010666666666666666
0 0.54775 0.6955555555555556 0.0065 0.024
0 0.57275 0.7057777777777777 0.012 0.012888888888888889
0 0.49525 0.7275555555555555 0.008 0.011111111111111112
0 0.0215 0.24222222222222223 0.014 0.01911111111111111
0 0.603 0.972 0.0105 0.035111111111111114
0 0.25875 0.37022222222222223 0.0195 0.016888888888888887
0 0.502 0.864 0.01075 0.020888888888888887
0 0.41725 0.5728888888888889 0.00975 0.025333333333333333
0 0.2325 0.45155555555555554 0.0075 0.025777777777777778
0 0.3865 0.6133333333333333 0.01175 0.014666666666666666
0 0.08575 0.8186666666666667 0.00825 0.024
0 0.43675 0.18622222222222223 0.013 0.012444444444444444
0 0.19 0.8084444444444444 0.00725 0.021777777777777778
0 0.08275 0.7248888888888889 0.0075 0.021777777777777778
0 0.27125 0.9231111111111111 0.0075 0.024888888888888887
0 0.0125 0.18 0.01025 0.025777777777777778
0 0.045 0.8075555555555556 0.008 0.02
0 0.41575 0.8653333333333333 0.008 0.02
0 0.394 0.9453333333333334 0.0105 0.016444444444444446
0 0.35925 0.9346666666666666 0.008 0.026222222222222223
0 0.334 0.8342222222222222 0.01075 0.021333333333333333
0 0.4725 0.5057777777777778 0.0145 0.015111111111111112
0 0.16825 0.8142222222222222 0.011 0.018222222222222223
0 0.2235 0.9568888888888889 0.0075 0.02266666666666667
0 0.56875 0.8373333333333334 0.012 0.021777777777777778
0 0.321 0.07733333333333334 0.00675 0.02266666666666667
0 0.59725 0.46844444444444444 0.0105 0.01911111111111111
0 0.15275 0.8564444444444445 0.0065 0.02311111111111111
0 0.308 0.35777777777777775 0.0085 0.015111111111111112
0 0.37525 0.124 0.00725 0.017777777777777778
0 0.1485 0.5328888888888889 0.009 0.017333333333333333
0 0.53225 0.7191111111111111 0.0095 0.018666666666666668
0 0.2705 0.9617777777777777 0.008 0.01911111111111111
0 0.1125 0.39911111111111114 0.01325 0.018666666666666668
0 0.2395 0.8204444444444444 0.00675 0.02
0 0.08075 0.76 0.008 0.022222222222222223
0 0.1365 0.5706666666666667 0.01025 0.01911111111111111
0 0.4685 0.688 0.00725 0.026222222222222223
0 0.3395 0.8742222222222222 0.00775 0.017333333333333333
0 0.2005 0.44622222222222224 0.01075 0.02311111111111111
0 0.05025 0.26666666666666666 0.01175 0.02
0 0.1135 0.7946666666666666 0.01225 0.013333333333333334
0 0.4545 0.116 0.0115 0.020444444444444446
0 0.09375 0.48533333333333334 0.00975 0.029777777777777778
0 0.641 0.49777777777777776 0.015 0.016888888888888887
0 0.3705 0.744 0.00825 0.016444444444444446
0 0.22575 0.9853333333333333 0.00725 0.028
0 0.25875 0.6306666666666667 0.00775 0.021777777777777778
0 0.42975 0.36 0.007 0.028888888888888888
0 0.304 0.736 0.0065 0.020444444444444446
0 0.22175 0.5484444444444444 0.008 0.023555555555555555
0 0.11775 0.27066666666666667 0.00775 0.02266666666666667
0 0.093 0.4008888888888889 0.011 0.012444444444444444
0 0.6665 0.5955555555555555 0.01325 0.016444444444444446
0 0.12875 0.10088888888888889 0.00925 0.02311111111111111
0 0.687 0.5706666666666667 0.00625 0.02666666666666667
0 0.12 0.5253333333333333 0.009 0.012888888888888889
0 0.2845 0.02711111111111111 0.00875 0.020888888888888887
0 0.5365 0.21244444444444444 0.00725 0.02711111111111111
0 0.30475 0.9911111111111112 0.00725 0.017777777777777778
0 0.057 0.41155555555555556 0.00975 0.024444444444444446
0 0.00575 0.7177777777777777 0.01125 0.024
0 0.67925 0.9835555555555555 0.00875 0.020444444444444446
0 0.335 0.6817777777777778 0.0085 0.019555555555555555
0 0.3345 0.6391111111111111 0.01175 0.016
0 0.57775 0.24977777777777777 0.0135 0.015111111111111112
0 0.0665 0.9857777777777778 0.0095 0.028
0 0.79925 0.4288888888888889 0.01375 0.014222222222222223
0 0.67925 0.6484444444444445 0.013 0.017333333333333333
0 0.277 0.27466666666666667 0.00825 0.012444444444444444
0 0.8145 0.5226666666666666 0.01475 0.013333333333333334
0 0.6615 0.4408888888888889 0.0155 0.017777777777777778
0 0.8795 0.29733333333333334 0.0125 0.016888888888888887
0 0.787 0.9337777777777778 0.01125 0.017333333333333333
0 0.3665 0.5053333333333333 0.00675 0.020444444444444446
0 0.7545 0.3591111111111111 0.0115 0.017333333333333333
0 0.80175 0.48088888888888887 0.01475 0.016
0 0.3645 0.31466666666666665 0.01175 0.016444444444444446
0 0.01125 0.9675555555555555 0.00925 0.03111111111111111
0 0.8905 0.7017777777777777 0.00775 0.030666666666666665
0 0.812 0.612 0.00625 0.02
0 0.834 0.5733333333333334 0.01375 0.013333333333333334
0 0.509 0.8217777777777778 0.011 0.018666666666666668
0 0.78575 0.8422222222222222 0.01125 0.017333333333333333
0 0.81425 0.8284444444444444 0.0145 0.015111111111111112
0 0.7965 0.7075555555555556 0.0135 0.013777777777777778
0 0.757 0.636 0.007 0.014666666666666666
0 0.7595 0.3848888888888889 0.00525 0.028444444444444446
0 0.726 0.31155555555555553 0.01125 0.012
0 0.8925 0.26844444444444443 0.01025 0.010666666666666666
0 0.72825 0.216 0.008 0.016444444444444446
0 0.8405 0.34844444444444445 0.01075 0.010222222222222223
0 0.8135 0.364 0.01125 0.010666666666666666
0 0.96025 0.26711111111111113 0.0145 0.010666666666666666
0 0.94325 0.36533333333333334 0.00875 0.018222222222222223
0 0.049 0.020888888888888887 0.0145 0.030222222222222223
0 0.059 0.09288888888888888 0.00875 0.028
0 0.069 0.10888888888888888 0.01325 0.021333333333333333
0 0.18125 0.1431111111111111 0.01175 0.016
0 0.18625 0.1288888888888889 0.009 0.022222222222222223
0 0.2745 0.18844444444444444 0.01175 0.012444444444444444
0 0.2495 0.2591111111111111 0.00975 0.027555555555555555
0 0.35375 0.24133333333333334 0.0125 0.029333333333333333
0 0.393 0.10266666666666667 0.0105 0.017333333333333333
0 0.34575 0.14444444444444443 0.01225 0.012444444444444444
0 0.376 0.023555555555555555 0.009 0.028
0 0.38825 0.033777777777777775 0.01425 0.016
0 0.401 0.025777777777777778 0.0115 0.037333333333333336
0 0.41525 0.02711111111111111 0.01525 0.027555555555555555
0 0.44275 0.09066666666666667 0.015 0.02266666666666667
0 0.459 0.088 0.01125 0.025333333333333333
0 0.47675 0.028888888888888888 0.0155 0.017777777777777778
0 0.48675 0.07333333333333333 0.0165 0.01911111111111111
0 0.49925 0.14133333333333334 0.0095 0.03333333333333333
0 0.50175 0.0044444444444444444 0.00775 0.008888888888888889
0 0.52925 0.15422222222222223 0.0145 0.01911111111111111
0 0.42975 0.30444444444444446 0.01175 0.01911111111111111
0 0.23425 0.3297777777777778 0.00775 0.02266666666666667
0 0.25275 0.33155555555555555 0.013 0.021333333333333333
0 0.27375 0.5111111111111111 0.0135 0.018666666666666668
0 0.27225 0.4951111111111111 0.0135 0.010666666666666666
0 0.2645 0.5191111111111111 0.01 0.020444444444444446
0 0.25575 0.5911111111111111 0.01275 0.022222222222222223
0 0.23175 0.5342222222222223 0.014 0.014666666666666666
0 0.1265 0.48 0.01475 0.012888888888888889
0 0.107 0.8217777777777778 0.0145 0.019555555555555555
0 0.26525 0.5955555555555555 0.00975 0.02711111111111111
0 0.3385 0.5906666666666667 0.01475 0.017333333333333333
0 0.34725 0.6066666666666667 0.016 0.017333333333333333
0 0.65275 0.7048888888888889 0.00575 0.030666666666666665
0 0.95 0.06755555555555555 0.00875 0.02311111111111111
0 0.95 0.048 0.0115 0.02266666666666667
0 0.90825 0.012888888888888889 0.01625 0.013777777777777778
0 0.83475 0.08222222222222222 0.01 0.025333333333333333
0 0.75225 0.03955555555555555 0.014 0.024
0 0.71725 0.03333333333333333 0.00625 0.028
0 0.75675 0.09333333333333334 0.013 0.016888888888888887
0 0.76475 0.13555555555555557 0.00625 0.029333333333333333
0 0.77075 0.13555555555555557 0.00675 0.020888888888888887
0 0.7355 0.10622222222222222 0.006 0.02
0 0.73825 0.21555555555555556 0.00875 0.023555555555555555
0 0.7465 0.32711111111111113 0.01125 0.02311111111111111
0 0.75925 0.3164444444444444 0.009 0.027555555555555555
0 0.8555 0.30133333333333334 0.0155 0.016888888888888887
0 0.993 0.36088888888888887 0.014 0.017777777777777778
0 0.99325 0.2822222222222222 0.0135 0.025333333333333333
0 0.99125 0.252 0.00975 0.023555555555555555
0 0.853 0.5968888888888889 0.0185 0.020444444444444446
0 0.86475 0.6177777777777778 0.014 0.012888888888888889
0 0.89525 0.6768888888888889 0.015 0.016444444444444446
0 0.971 0.7044444444444444 0.01875 0.020888888888888887
0 0.99525 0.7231111111111111 0.0095 0.018666666666666668
0 0.956 0.7368888888888889 0.015 0.017333333333333333
0 0.93775 0.7413333333333333 0.00775 0.028888888888888888
0 0.9305 0.736 0.0115 0.025333333333333333
0 0.8105 0.7151111111111111 0.0085 0.021777777777777778
0 0.8735 0.7915555555555556 0.01275 0.020888888888888887
0 0.8385 0.8426666666666667 0.0095 0.028888888888888888
0 0.748 0.9168888888888889 0.0115 0.028444444444444446
0 0.7375 0.9275555555555556 0.01325 0.019555555555555555
0 0.666 0.9577777777777777 0.01225 0.025777777777777778
0 0.76275 0.936 0.0135 0.025333333333333333
0 0.95325 0.9151111111111111 0.01225 0.015555555555555555
0 0.96325 0.8791111111111111 0.01275 0.017333333333333333
0 0.96775 0.9013333333333333 0.0105 0.024888888888888887
0 0.98825 0.8662222222222222 0.01025 0.018222222222222223
0 0.94725 0.9764444444444444 0.015 0.020444444444444446
0 0.9585 0.9711111111111111 0.013 0.012888888888888889
0 0.94525 0.9426666666666667 0.0165 0.02
0 0.7455 0.0035555555555555557 0.0145 0.0071111111111111115
0 0.53625 0.4782222222222222 0.01575 0.018666666666666668
0 0.45775 0.9262222222222222 0.0125 0.016888888888888887
0 0.6515 0.8457777777777777 0.0085 0.023555555555555555
0 0.7875 0.7444444444444445 0.00775 0.018666666666666668
0 0.79075 0.7551111111111111 0.0065 0.021333333333333333
0 0.9345 0.49333333333333335 0.0125 0.017777777777777778
0 0.862 0.4968888888888889 0.013 0.014222222222222223
0 0.92725 0.43733333333333335 0.01175 0.012888888888888889
0 0.74225 0.7946666666666666 0.01075 0.019555555555555555
0 0.48075 0.6631111111111111 0.01575 0.017333333333333333
0 0.58725 0.8017777777777778 0.00925 0.028444444444444446