0 0.58075 0.6422222222222222 0.013 0.022222222222222223
0 0.5495 0.8626666666666667 0.0055 0.024888888888888887
0 0.83325 0.484 0.0065 0.018666666666666668
0 0.82825 0.4688888888888889 0.008 0.016
0 0.54475 0.8493333333333334 0.012 0.013777777777777778
0 0.5545 0.8115555555555556 0.01025 0.013777777777777778
0 0.59 0.8084444444444444 0.00825 0.022222222222222223
0 0.16025 0.392 0.0085 0.024888888888888887
0 0.18475 0.37777777777777777 0.007 0.021777777777777778
0 0.183 0.36044444444444446 0.0065 0.02311111111111111
0 0.15 0.38755555555555554 0.01025 0.012888888888888889
0 0.186 0.4235555555555556 0.0085 0.017777777777777778
0 0.23925 0.5026666666666667 0.007 0.018666666666666668
0 0.26675 0.49955555555555553 0.011 0.014222222222222223
0 0.267 0.4777777777777778 0.00925 0.009777777777777778
0 0.3625 0.43066666666666664 0.01375 0.013333333333333334
0 0.40525 0.3728888888888889 0.01025 0.020888888888888887
0 0.4115 0.45644444444444443 0.00875 0.022222222222222223
0 0.3825 0.6137777777777778 0.01225 0.015111111111111112
0 0.37775 0.6093333333333333 0.00625 0.024888888888888887
0 0.40675 0.6031111111111112 0.006 0.02311111111111111
0 0.42975 0.6057777777777777 0.00775 0.024
0 0.1355 0.5226666666666666 0.01025 0.012444444444444444
0 0.3035 0.5035555555555555 0.00975 0.017777777777777778
0 0.301 0.4737777777777778 0.00925 0.014222222222222223
0 0.2355 0.6475555555555556 0.00675 0.023555555555555555
0 0.4705 0.5528888888888889 0.008 0.020444444444444446
0 0.48625 0.6302222222222222 0.0115 0.017777777777777778
0 0.4505 0.6364444444444445 0.01125 0.012
0 0.3575 0.5982222222222222 0.00775 0.025333333333333333
0 0.293 0.7555555555555555 0.01075 0.016444444444444446
0 0.32 0.7608888888888888 0.00575 0.02711111111111111
0 0.228 0.7862222222222223 0.01175 0.010666666666666666
0 0.2305 0.7968888888888889 0.005 0.019555555555555555
0 0.33225 0.9164444444444444 0.012 0.020888888888888887
0 0.346 0.8897777777777778 0.009 0.022222222222222223
0 0.36075 0.8933333333333333 0.009 0.016
0 0.37375 0.8928888888888888 0.00975 0.028444444444444446
0 0.37775 0.8613333333333333 0.01225 0.017333333333333333
0 0.32175 0.9137777777777778 0.009 0.018222222222222223
0 0.2555 0.988 0.00875 0.024
0 0.378 0.7644444444444445 0.00825 0.021333333333333333
0 0.36 0.9697777777777777 0.0085 0.02311111111111111
0 0.387 0.9884444444444445 0.01075 0.016
0 0.54525 0.9831111111111112 0.00575 0.025333333333333333
0 0.5755 0.9617777777777777 0.01075 0.015555555555555555
0 0.634 0.8782222222222222 0.01025 0.017777777777777778
0 0.52675 0.7746666666666666 0.01025 0.011555555555555555
0 0.564 0.5875555555555556 0.0105 0.020888888888888887
0 0.414 0.9648888888888889 0.00625 0.021333333333333333
0 0.65125 0.5715555555555556 0.0105 0.016888888888888887
0 0.65825 0.668 0.01 0.02
0 0.47225 0.7271111111111112 0.00575 0.024
0 0.583 0.49733333333333335 0.00775 0.019555555555555555
0 0.1495 0.8577777777777778 0.014 0.011111111111111112
0 0.14575 0.8155555555555556 0.005 0.016444444444444446
0 0.14975 0.8244444444444444 0.00375 0.014222222222222223
0 0.1525 0.8124444444444444 0.00575 0.02266666666666667
0 0.3805 0.12977777777777777 0.00575 0.026222222222222223
0 0.444 0.2777777777777778 0.015 0.009777777777777778
0 0.4445 0.26844444444444443 0.0105 0.013333333333333334
0 0.45575 0.268 0.00575 0.028444444444444446
0 0.83025 0.47688888888888886 0.0125 0.03333333333333333
0 0.4345 0.6537777777777778 0.00975 0.02311111111111111
0 0.7375 0.62 0.0095 0.021777777777777778
0 0.75425 0.9866666666666667 0.00825 0.026222222222222223
0 0.7115 0.8724444444444445 0.00925 0.015111111111111112
0 0.67075 0.6671111111111111 0.01225 0.012888888888888889
0 0.5175 0.9097777777777778 0.00975 0.025333333333333333
0 0.682 0.588 0.0075 0.017333333333333333
0 0.595 0.8702222222222222 0.0065 0.023555555555555555
0 0.548 0.19066666666666668 0.00775 0.028
0 0.5785 0.14 0.013 0.020888888888888887
0 0.70525 0.8137777777777778 0.0065 0.024444444444444446
0 0.72925 0.784 0.0095 0.026222222222222223
0 0.915 0.6675555555555556 0.01175 0.012444444444444444
0 0.22 0.5382222222222223 0.0125 0.013777777777777778
0 0.50075 0.5004444444444445 0.0115 0.015555555555555555
0 0.841 0.6155555555555555 0.01075 0.022222222222222223
0 0.78725 0.5671111111111111 0.0075 0.028888888888888888
0 0.53625 0.22266666666666668 0.00725 0.024444444444444446
0 0.53975 0.19111111111111112 0.0085 0.02266666666666667
0 0.57075 0.1942222222222222 0.011 0.020888888888888887
0 0.204 0.6244444444444445 0.009 0.015111111111111112
0 0.71825 0.9693333333333334 0.006 0.027555555555555555
0 0.83225 0.20222222222222222 0.0095 0.02266666666666667
0 0.9265 0.7906666666666666 0.00625 0.020444444444444446
0 0.74325 0.48088888888888887 0.0075 0.03422222222222222
0 0.68625 0.4817777777777778 0.01425 0.013777777777777778
0 0.987 0.45911111111111114 0.014 0.014666666666666666
0 0.06925 0.6235555555555555 0.00825 0.01911111111111111
0 0.7515 0.148 0.01025 0.014222222222222223
0 0.2425 0.9048888888888889 0.00425 0.020444444444444446
0 0.25825 0.8768888888888889 0.00725 0.02666666666666667
0 0.869 0.5444444444444444 0.0125 0.02
0 0.7645 0.042222222222222223 0.0125 0.016
0 0.732 0.224 0.0055 0.018222222222222223
0 0.716 0.2137777777777778 0.00625 0.022222222222222223
0 0.7365 0.1968888888888889 0.012 0.023555555555555555
0 0.16075 0.9231111111111111 0.0095 0.02266666666666667
0 0.06 0.9404444444444444 0.00975 0.026222222222222223
0 0.87875 0.5035555555555555 0.0065 0.028444444444444446
0 0.9285 0.03866666666666667 0.00975 0.021333333333333333
0 0.90575 0.588 0.01425 0.012888888888888889
0 0.886 0.9751111111111112 0.00625 0.028
0 0.2525 0.31244444444444447 0.0055 0.018666666666666668
0 0.2665 0.31422222222222224 0.00625 0.02711111111111111
0 0.09275 0.28933333333333333 0.0075 0.02666666666666667
0 0.19625 0.112 0.0085 0.025333333333333333
0 0.198 0.05377777777777778 0.013 0.016444444444444446
0 0.3575 0.10222222222222223 0.0115 0.016
0 0.0725 0.8266666666666667 0.00675 0.025333333333333333
0 0.09 0.8297777777777777 0.00525 0.016888888888888887
0 0.11825 0.8444444444444444 0.005 0.022222222222222223
0 0.1085 0.8288888888888889 0.00825 0.010222222222222223
0 0.12325 0.8497777777777777 0.00375 0.016888888888888887
0 0.001 0.010222222222222223 0.002 0.020444444444444446
0 0.0925 0.21022222222222223 0.005 0.024888888888888887
0 0.1275 0.10666666666666667 0.0055 0.023555555555555555
0 0.14725 0.1902222222222222 0.01025 0.013333333333333334
0 0.1295 0.2564444444444444 0.00475 0.018666666666666668
0 0.24775 0.051111111111111114 0.013 0.012888888888888889
0 0.20625 0.02666666666666667 0.00625 0.024
0 0.153 0.2742222222222222 0.0055 0.025777777777777778
0 0.156 0.2391111111111111 0.008 0.014222222222222223
0 0.25325 0.09822222222222222 0.0095 0.015111111111111112
0 0.00375 0.264 0.0045 0.016444444444444446
0 0.0055 0.3671111111111111 0.00575 0.024444444444444446
0 0.0095 0.6622222222222223 0.01225 0.013777777777777778
0 0.1795 0.9906666666666667 0.007 0.018666666666666668
0 0.1855 0.9911111111111112 0.007 0.017777777777777778
0 0.14675 0.5177777777777778 0.00775 0.011555555555555555
0 0.1775 0.26711111111111113 0.009 0.01911111111111111
0 0.3005 0.17733333333333334 0.00475 0.016
0 0.30275 0.14844444444444443 0.0055 0.019555555555555555
0 0.29725 0.224 0.0065 0.023555555555555555
0 0.38175 0.08577777777777777 0.0095 0.013333333333333334
0 0.38525 0.20666666666666667 0.00725 0.019555555555555555
0 0.36125 0.28 0.01575 0.012444444444444444
0 0.4095 0.2617777777777778 0.00625 0.02311111111111111
0 0.445 0.11022222222222222 0.00675 0.019555555555555555
0 0.49275 0.2768888888888889 0.0145 0.011555555555555555
0 0.50475 0.2733333333333333 0.0105 0.009777777777777778
0 0.50975 0.28 0.0105 0.011555555555555555
0 0.519 0.27466666666666667 0.00575 0.02
0 0.54775 0.050666666666666665 0.0075 0.02266666666666667
0 0.653 0.14533333333333334 0.01175 0.011111111111111112
0 0.58925 0.19244444444444445 0.0085 0.02
0 0.601 0.18755555555555556 0.00775 0.017777777777777778
0 0.61025 0.25022222222222223 0.00625 0.024
0 0.5395 0.32844444444444443 0.00975 0.014222222222222223
0 0.5195 0.08888888888888889 0.0065 0.012888888888888889
0 0.556 0.003111111111111111 0.006 0.006222222222222222
0 0.65175 0.024888888888888887 0.00725 0.019555555555555555
0 0.52975 0.24755555555555556 0.0105 0.012
0 0.66875 0.35155555555555557 0.00625 0.024444444444444446
0 0.6565 0.4471111111111111 0.008 0.02311111111111111
0 0.6625 0.408 0.0105 0.009777777777777778
0 0.4565 0.39244444444444443 0.00575 0.02
0 0.443 0.42933333333333334 0.0055 0.018666666666666668
0 0.64825 0.4928888888888889 0.00975 0.013333333333333334
0 0.59675 0.3635555555555556 0.0135 0.013777777777777778
0 0.529 0.3857777777777778 0.0065 0.02
0 0.572 0.5822222222222222 0.00575 0.011111111111111112
0 0.508 0.7248888888888889 0.013 0.010222222222222223
0 0.5085 0.7164444444444444 0.01175 0.012888888888888889
0 0.52225 0.8168888888888889 0.0075 0.019555555555555555
0 0.47675 0.7444444444444445 0.0075 0.01911111111111111
0 0.6415 0.8191111111111111 0.0045 0.01911111111111111
0 0.6205 0.9373333333333334 0.0075 0.011555555555555555
0 0.292 0.9097777777777778 0.009 0.013333333333333334
0 0.347 0.7613333333333333 0.0095 0.016444444444444446
0 0.2365 0.9133333333333333 0.0115 0.015555555555555555
0 0.15275 0.7728888888888888 0.01175 0.012
0 0.11625 0.7631111111111111 0.0095 0.010222222222222223
0 0.14325 0.98 0.00525 0.017777777777777778
0 0.12775 0.844 0.00525 0.011111111111111112
0 0.3205 0.6644444444444444 0.0065 0.016888888888888887
0 0.1915 0.22044444444444444 0.011 0.013777777777777778
0 0.392 0.3288888888888889 0.00875 0.01911111111111111
0 0.70425 0.26266666666666666 0.00825 0.025333333333333333
0 0.5435 0.10355555555555555 0.00875 0.021333333333333333
0 0.511 0.06222222222222222 0.0075 0.02
0 0.4725 0.076 0.008 0.012888888888888889
0 0.595 0.006666666666666667 0.01125 0.012
0 0.88 0.2288888888888889 0.0095 0.015111111111111112
0 0.9015 0.20177777777777778 0.00875 0.016
0 0.90625 0.17733333333333334 0.00675 0.02
0 0.908 0.15288888888888888 0.00925 0.017333333333333333
0 0.92075 0.018666666666666668 0.01275 0.012444444444444444
0 0.996 0.26666666666666666 0.00775 0.01911111111111111
0 0.86225 0.21066666666666667 0.0075 0.02
0 0.84025 0.2857777777777778 0.0085 0.014666666666666666
0 0.85075 0.25333333333333335 0.0115 0.012888888888888889
0 0.87625 0.2693333333333333 0.008 0.014222222222222223
0 0.94075 0.37377777777777776 0.01175 0.014666666666666666
0 0.92525 0.42844444444444446 0.00775 0.014222222222222223
0 0.91525 0.4791111111111111 0.01 0.015111111111111112
0 0.9025 0.5386666666666666 0.008 0.013333333333333334
0 0.92775 0.5035555555555555 0.00925 0.022222222222222223
0 0.6825 0.208 0.014 0.014222222222222223
0 0.8155 0.29555555555555557 0.0075 0.013777777777777778
0 0.82 0.30177777777777776 0.0075 0.011555555555555555
0 0.82325 0.3075555555555556 0.00725 0.013777777777777778
0 0.8295 0.30666666666666664 0.00525 0.023555555555555555
0 0.81575 0.27955555555555556 0.00825 0.010666666666666666
0 0.76925 0.36977777777777776 0.006 0.015111111111111112
0 0.77475 0.348 0.00675 0.03155555555555556
0 0.787 0.3582222222222222 0.007 0.02
0 0.75 0.36 0.01025 0.020888888888888887
0 0.76975 0.3333333333333333 0.008 0.014222222222222223
0 0.82475 0.030222222222222223 0.0095 0.02266666666666667
0 0.8215 0.008444444444444444 0.00825 0.016444444444444446
0 0.69375 0.008444444444444444 0.01075 0.009777777777777778
0 0.7035 0.012 0.00625 0.024
0 0.75875 0.3088888888888889 0.0055 0.019555555555555555
0 0.73575 0.2986666666666667 0.00625 0.020444444444444446
0 0.83875 0.4266666666666667 0.0055 0.01911111111111111
0 0.788 0.6573333333333333 0.01325 0.017777777777777778
0 0.7225 0.7351111111111112 0.0135 0.013333333333333334
0 0.7175 0.716 0.0055 0.024888888888888887
0 0.73475 0.72 0.009 0.012888888888888889
0 0.99275 0.628 0.00625 0.018666666666666668
0 0.94425 0.5493333333333333 0.00975 0.014666666666666666
0 0.93875 0.48355555555555557 0.00575 0.020444444444444446
0 0.94425 0.5151111111111111 0.00875 0.02
0 0.9985 0.6013333333333334 0.003 0.019555555555555555
0 0.8025 0.7351111111111112 0.01125 0.014222222222222223
0 0.92625 0.7404444444444445 0.00625 0.026222222222222223
0 0.965 0.808 0.00775 0.015111111111111112
0 0.98325 0.7515555555555555 0.005 0.021777777777777778
0 0.99625 0.10666666666666667 0.0075 0.015555555555555555
0 0.889 0.172 0.01075 0.009777777777777778
0 0.91675 0.6004444444444444 0.0055 0.018666666666666668
0 0.85325 0.7208888888888889 0.01225 0.013777777777777778
0 0.897 0.8204444444444444 0.0075 0.016
0 0.9075 0.8297777777777777 0.0075 0.02311111111111111
0 0.8975 0.9622222222222222 0.0055 0.018666666666666668
0 0.912 0.9506666666666667 0.01025 0.017777777777777778
0 0.9965 0.868 0.007 0.020444444444444446
0 0.85375 0.08666666666666667 0.007 0.01911111111111111
0 0.744 0.23244444444444445 0.00625 0.01911111111111111
0 0.74625 0.8137777777777778 0.0055 0.017777777777777778
0 0.046 0.2048888888888889 0.013 0.027555555555555555