0 0.06875 0.20177777777777778 0.0095 0.020888888888888887
0 0.198 0.1537777777777778 0.011 0.020444444444444446
0 0.352 0.4088888888888889 0.0105 0.022222222222222223
0 0.35275 0.392 0.0115 0.017333333333333333
0 0.41675 0.4444444444444444 0.011 0.015555555555555555
0 0.49675 0.47688888888888886 0.00825 0.025333333333333333
0 0.172 0.7786666666666666 0.00725 0.030222222222222223
0 0.43925 0.8933333333333333 0.009 0.024
0 0.50375 0.468 0.0075 0.03244444444444444
0 0.641 0.4191111111111111 0.0105 0.024444444444444446
0 0.65225 0.3071111111111111 0.0135 0.012888888888888889
0 0.637 0.32133333333333336 0.00975 0.008888888888888889
0 0.67125 0.3422222222222222 0.00625 0.026222222222222223
0 0.676 0.3586666666666667 0.01 0.015555555555555555
0 0.6155 0.37066666666666664 0.0055 0.02
0 0.67425 0.27555555555555555 0.006 0.02666666666666667
0 0.55775 0.15155555555555555 0.0095 0.02
0 0.56725 0.152 0.01075 0.010666666666666666
0 0.5875 0.11377777777777778 0.0095 0.016444444444444446
0 0.577 0.10666666666666667 0.0115 0.009333333333333334
0 0.6695 0.12311111111111112 0.005 0.02
0 0.65625 0.09333333333333334 0.00825 0.019555555555555555
0 0.66625 0.08488888888888889 0.00825 0.021777777777777778
0 0.6625 0.08933333333333333 0.00925 0.021333333333333333
0 0.6305 0.11155555555555556 0.006 0.027555555555555555
0 0.6635 0.24177777777777779 0.01125 0.011111111111111112
0 0.65975 0.7008888888888889 0.00525 0.019555555555555555
0 0.67025 0.6906666666666667 0.01075 0.011111111111111112
0 0.54275 0.8444444444444444 0.00725 0.025333333333333333
0 0.603 0.9671111111111111 0.007 0.020444444444444446
0 0.60625 0.9728888888888889 0.0075 0.026222222222222223
0 0.02 0.23644444444444446 0.00825 0.015555555555555555
0 0.25325 0.36577777777777776 0.011 0.012888888888888889
0 0.7275 0.984 0.0115 0.032
0 0.26275 0.3626666666666667 0.00825 0.010666666666666666
0 0.549 0.6933333333333334 0.0065 0.024
0 0.5745 0.7035555555555556 0.01225 0.012888888888888889
0 0.496 0.7253333333333334 0.00825 0.011111111111111112
0 0.0175 0.23555555555555555 0.01425 0.01911111111111111
0 0.60475 0.9724444444444444 0.01075 0.035555555555555556
0 0.257 0.36444444444444446 0.01975 0.016888888888888887
0 0.50275 0.8635555555555555 0.011 0.020888888888888887
0 0.41725 0.5693333333333334 0.00975 0.025333333333333333
0 0.2305 0.44666666666666666 0.00775 0.026222222222222223
0 0.386 0.6102222222222222 0.01175 0.015111111111111112
0 0.08225 0.8177777777777778 0.00825 0.024444444444444446
0 0.437 0.1791111111111111 0.013 0.012444444444444444
0 0.18775 0.8071111111111111 0.00725 0.022222222222222223
0 0.07925 0.7226666666666667 0.00775 0.022222222222222223
0 0.26975 0.9231111111111111 0.0075 0.024888888888888887
0 0.00825 0.17244444444444446 0.0105 0.026222222222222223
0 0.04125 0.8062222222222222 0.00825 0.020444444444444446
0 0.41575 0.8644444444444445 0.008 0.020444444444444446
0 0.39375 0.9457777777777778 0.0105 0.016444444444444446
0 0.3585 0.9351111111111111 0.008 0.02666666666666667
0 0.333 0.8333333333333334 0.01075 0.021333333333333333
0 0.473 0.5017777777777778 0.0145 0.015111111111111112
0 0.16575 0.8133333333333334 0.011 0.018222222222222223
0 0.22125 0.9573333333333334 0.00775 0.02311111111111111
0 0.57025 0.8364444444444444 0.01225 0.021777777777777778
0 0.32 0.06844444444444445 0.007 0.02311111111111111
0 0.599 0.46355555555555555 0.0105 0.01911111111111111
0 0.15 0.8555555555555555 0.0065 0.02311111111111111
0 0.307 0.352 0.0085 0.015111111111111112
0 0.37475 0.11555555555555555 0.00725 0.017777777777777778
0 0.1455 0.5288888888888889 0.009 0.017777777777777778
0 0.53325 0.7168888888888889 0.0095 0.018666666666666668
0 0.269 0.9622222222222222 0.00825 0.019555555555555555
0 0.1095 0.3937777777777778 0.01325 0.01911111111111111
0 0.2375 0.8195555555555556 0.007 0.020444444444444446
0 0.077 0.7582222222222222 0.008 0.022222222222222223
0 0.13375 0.5671111111111111 0.01025 0.019555555555555555
0 0.469 0.6853333333333333 0.00725 0.02666666666666667
0 0.33875 0.8737777777777778 0.00775 0.017333333333333333
0 0.19825 0.44133333333333336 0.01075 0.02311111111111111
0 0.0465 0.26 0.01175 0.020444444444444446
0 0.11025 0.7933333333333333 0.0125 0.013333333333333334
0 0.455 0.108 0.0115 0.020888888888888887
0 0.09025 0.48088888888888887 0.00975 0.030222222222222223
0 0.64325 0.49333333333333335 0.015 0.016888888888888887
0 0.37 0.7422222222222222 0.0085 0.016888888888888887
0 0.22375 0.9857777777777778 0.00725 0.028444444444444446
0 0.257 0.628 0.008 0.022222222222222223
0 0.42975 0.3546666666666667 0.007 0.029333333333333333
0 0.30275 0.7337777777777778 0.0065 0.020888888888888887
0 0.2195 0.5448888888888889 0.008 0.024
0 0.11475 0.264 0.00775 0.02266666666666667
0 0.08975 0.39555555555555555 0.01125 0.012888888888888889
0 0.669 0.592 0.0135 0.016444444444444446
0 0.12575 0.09244444444444444 0.00925 0.02311111111111111
0 0.68975 0.5671111111111111 0.00625 0.02666666666666667
0 0.117 0.5213333333333333 0.009 0.013333333333333334
0 0.283 0.017777777777777778 0.00875 0.021333333333333333
0 0.53775 0.2048888888888889 0.00725 0.027555555555555555
0 0.30325 0.9911111111111112 0.0075 0.017777777777777778
0 0.05325 0.4062222222222222 0.01 0.024444444444444446
0 0.0035 0.7155555555555555 0.007 0.024444444444444446
0 0.68175 0.9844444444444445 0.009 0.020888888888888887
0 0.334 0.6791111111111111 0.0085 0.019555555555555555
0 0.3335 0.636 0.01175 0.016
0 0.57925 0.2431111111111111 0.01375 0.015111111111111112
0 0.06275 0.9857777777777778 0.0095 0.028
0 0.80325 0.4235555555555556 0.014 0.014666666666666666
0 0.68175 0.6453333333333333 0.013 0.017333333333333333
0 0.2755 0.268 0.00825 0.012444444444444444
0 0.8185 0.5186666666666667 0.015 0.013333333333333334
0 0.664 0.436 0.0155 0.017777777777777778
0 0.884 0.2906666666666667 0.01275 0.017333333333333333
0 0.79075 0.9337777777777778 0.01125 0.017333333333333333
0 0.366 0.5013333333333333 0.00675 0.020444444444444446
0 0.75775 0.35333333333333333 0.01175 0.017777777777777778
0 0.80575 0.47644444444444445 0.015 0.016
0 0.364 0.30844444444444447 0.012 0.016444444444444446
0 0.007 0.968 0.00925 0.03155555555555556
0 0.8955 0.6995555555555556 0.00775 0.03111111111111111
0 0.816 0.6088888888888889 0.00625 0.02
0 0.83825 0.5697777777777778 0.01375 0.013333333333333334
0 0.50975 0.8208888888888889 0.011 0.01911111111111111
0 0.78925 0.8417777777777777 0.01125 0.017777777777777778
0 0.81825 0.8275555555555556 0.01475 0.015555555555555555
0 0.80025 0.7053333333333334 0.0135 0.013777777777777778
0 0.7605 0.6328888888888888 0.007 0.014666666666666666
0 0.763 0.37955555555555553 0.0055 0.028888888888888888
0 0.72925 0.30533333333333335 0.0115 0.012
0 0.8975 0.2617777777777778 0.01025 0.010666666666666666
0 0.73125 0.20844444444444443 0.00825 0.016888888888888887
0 0.845 0.3422222222222222 0.01075 0.010222222222222223
0 0.8175 0.3586666666666667 0.0115 0.010666666666666666
0 0.96575 0.2604444444444444 0.0145 0.010666666666666666
0 0.9485 0.3595555555555556 0.009 0.018666666666666668
0 0.04525 0.013333333333333334 0.0145 0.02666666666666667
0 0.05525 0.08444444444444445 0.00875 0.028444444444444446
0 0.06525 0.10044444444444445 0.0135 0.021333333333333333
0 0.17875 0.1351111111111111 0.012 0.016
0 0.18375 0.12088888888888889 0.009 0.022222222222222223
0 0.27275 0.18088888888888888 0.01175 0.012444444444444444
0 0.24775 0.25244444444444447 0.00975 0.027555555555555555
0 0.353 0.23466666666666666 0.01275 0.029777777777777778
0 0.39275 0.09422222222222222 0.01075 0.017333333333333333
0 0.345 0.13644444444444445 0.0125 0.012444444444444444
0 0.3755 0.014666666666666666 0.009 0.028444444444444446
0 0.388 0.024444444444444446 0.01425 0.016444444444444446
0 0.40075 0.017777777777777778 0.0115 0.035111111111111114
0 0.41525 0.018222222222222223 0.0155 0.028
0 0.443 0.08222222222222222 0.01525 0.02266666666666667
0 0.45925 0.07955555555555556 0.01125 0.025777777777777778
0 0.47725 0.019555555555555555 0.01575 0.018222222222222223
0 0.48725 0.06488888888888888 0.01675 0.01911111111111111
0 0.5 0.13333333333333333 0.0095 0.033777777777777775
0 0.53025 0.14666666666666667 0.01475 0.01911111111111111
0 0.42975 0.2982222222222222 0.01175 0.01911111111111111
0 0.23225 0.32355555555555554 0.00775 0.02311111111111111
0 0.251 0.3257777777777778 0.013 0.021777777777777778
0 0.27225 0.5066666666666667 0.01375 0.018666666666666668
0 0.27075 0.49066666666666664 0.0135 0.010666666666666666
0 0.26275 0.5151111111111111 0.01025 0.020888888888888887
0 0.254 0.5875555555555556 0.013 0.022222222222222223
0 0.22975 0.5302222222222223 0.014 0.014666666666666666
0 0.1235 0.47555555555555556 0.015 0.012888888888888889
0 0.10375 0.8208888888888889 0.01475 0.019555555555555555
0 0.26375 0.5924444444444444 0.00975 0.027555555555555555
0 0.3375 0.5871111111111111 0.015 0.017777777777777778
0 0.3465 0.6031111111111112 0.01625 0.017777777777777778
0 0.655 0.7026666666666667 0.00575 0.03111111111111111
0 0.95525 0.058666666666666666 0.00875 0.023555555555555555
0 0.9555 0.03911111111111111 0.01175 0.02266666666666667
0 0.91325 0.004888888888888889 0.0165 0.009777777777777778
0 0.839 0.07377777777777778 0.01 0.025777777777777778
0 0.75575 0.030666666666666665 0.01425 0.024444444444444446
0 0.7205 0.024 0.0065 0.028444444444444446
0 0.76 0.08488888888888889 0.013 0.016888888888888887
0 0.76825 0.12755555555555556 0.00625 0.029777777777777778
0 0.77425 0.12755555555555556 0.00675 0.021333333333333333
0 0.73875 0.09777777777777778 0.006 0.02
0 0.7415 0.20844444444444443 0.00875 0.023555555555555555
0 0.74975 0.32133333333333336 0.01125 0.02311111111111111
0 0.76275 0.31022222222222223 0.00925 0.028
0 0.86 0.2946666666666667 0.01575 0.016888888888888887
0 0.996 0.35555555555555557 0.008 0.017777777777777778
0 0.996 0.2751111111111111 0.008 0.025777777777777778
0 0.996 0.24444444444444444 0.008 0.024444444444444446
0 0.85725 0.5933333333333334 0.01875 0.020444444444444446
0 0.8695 0.6146666666666667 0.01425 0.012888888888888889
0 0.9 0.6746666666666666 0.01525 0.016444444444444446
0 0.9765 0.7022222222222222 0.019 0.021333333333333333
0 0.998 0.7204444444444444 0.004 0.018666666666666668
0 0.9615 0.7351111111111112 0.01525 0.017777777777777778
0 0.943 0.7395555555555555 0.008 0.028888888888888888
0 0.93575 0.7337777777777778 0.0115 0.025777777777777778
0 0.8145 0.7133333333333334 0.0085 0.022222222222222223
0 0.87825 0.7902222222222223 0.013 0.020888888888888887
0 0.84275 0.8417777777777777 0.00975 0.029333333333333333
0 0.75125 0.9164444444444444 0.01175 0.028444444444444446
0 0.7405 0.9275555555555556 0.01325 0.019555555555555555
0 0.6685 0.9582222222222222 0.01225 0.025777777777777778
0 0.76625 0.936 0.0135 0.025777777777777778
0 0.9585 0.9151111111111111 0.01225 0.015555555555555555
0 0.96875 0.8786666666666667 0.013 0.017777777777777778
0 0.97325 0.9008888888888889 0.01075 0.024888888888888887
0 0.994 0.8653333333333333 0.01025 0.018222222222222223
0 0.95275 0.9768888888888889 0.01525 0.020444444444444446
0 0.964 0.9715555555555555 0.013 0.012888888888888889
0 0.95075 0.9431111111111111 0.01675 0.020444444444444446
0 0.53725 0.4737777777777778 0.016 0.01911111111111111
0 0.458 0.9262222222222222 0.0125 0.017333333333333333
0 0.65375 0.8448888888888889 0.00875 0.024
0 0.791 0.7422222222222222 0.00775 0.018666666666666668
0 0.7945 0.7533333333333333 0.0065 0.021777777777777778
0 0.93975 0.4888888888888889 0.0125 0.017777777777777778
0 0.8665 0.49244444444444446 0.013 0.014666666666666666
0 0.9325 0.432 0.01175 0.012888888888888889
0 0.7455 0.7933333333333333 0.011 0.02
0 0.4815 0.6604444444444444 0.016 0.017777777777777778
0 0.58875 0.8004444444444444 0.0095 0.028888888888888888