0 0.015333333333333332 0.02027027027027027 0.01 0.029054054054054056
0 0.03233333333333333 0.13243243243243244 0.013666666666666667 0.021621621621621623
0 0.050666666666666665 0.12364864864864865 0.008 0.030405405405405407
0 0.077 0.13716216216216215 0.005333333333333333 0.01756756756756757
0 0.084 0.1304054054054054 0.008 0.021621621621621623
0 0.12633333333333333 0.10067567567567567 0.014 0.015540540540540541
0 0.13066666666666665 0.08716216216216216 0.01 0.02027027027027027
0 0.165 0.08783783783783784 0.012666666666666666 0.025675675675675677
0 0.139 0.19324324324324324 0.010333333333333333 0.021621621621621623
0 0.10866666666666666 0.23581081081081082 0.013333333333333334 0.025
0 0.084 0.20608108108108109 0.006666666666666667 0.024324324324324326
0 0.057666666666666665 0.20608108108108109 0.012 0.01418918918918919
0 0.04133333333333333 0.21081081081081082 0.015666666666666666 0.016216216216216217
0 0.06166666666666667 0.2587837837837838 0.011666666666666667 0.01891891891891892
0 0.09633333333333334 0.2702702702702703 0.008333333333333333 0.022972972972972974
0 0.07833333333333334 0.3364864864864865 0.008666666666666666 0.030405405405405407
0 0.07766666666666666 0.3655405405405405 0.015 0.022972972972972974
0 0.041 0.3493243243243243 0.010333333333333333 0.018243243243243244
0 0.17866666666666667 0.1885135135135135 0.008333333333333333 0.025675675675675677
0 0.20733333333333334 0.28175675675675677 0.01 0.021621621621621623
0 0.22066666666666668 0.2168918918918919 0.007666666666666666 0.024324324324324326
0 0.23033333333333333 0.20540540540540542 0.011666666666666667 0.02837837837837838
0 0.251 0.15743243243243243 0.015666666666666666 0.016216216216216217
0 0.26466666666666666 0.1972972972972973 0.006333333333333333 0.024324324324324326
0 0.21766666666666667 0.0918918918918919 0.012333333333333333 0.0222972972972973
0 0.21733333333333332 0.007432432432432433 0.007666666666666666 0.014864864864864866
0 0.265 0.075 0.01 0.02702702702702703
0 0.23333333333333334 0.06756756756756757 0.01 0.02027027027027027
0 0.23766666666666666 0.28783783783783784 0.013333333333333334 0.02027027027027027
0 0.19266666666666668 0.3222972972972973 0.008333333333333333 0.02972972972972973
0 0.18 0.3290540540540541 0.011333333333333334 0.020945945945945947
0 0.13766666666666666 0.3364864864864865 0.005666666666666667 0.0222972972972973
0 0.16666666666666666 0.4047297297297297 0.009 0.030405405405405407
0 0.09733333333333333 0.4141891891891892 0.007 0.0222972972972973
0 0.07666666666666666 0.4391891891891892 0.007666666666666666 0.024324324324324326
0 0.05433333333333333 0.4581081081081081 0.009 0.030405405405405407
0 0.014333333333333333 0.42027027027027025 0.013666666666666667 0.015540540540540541
0 0.025666666666666667 0.4966216216216216 0.012666666666666666 0.01891891891891892
0 0.0033333333333333335 0.5087837837837837 0.005333333333333333 0.025
0 0.059 0.5932432432432433 0.008333333333333333 0.03648648648648649
0 0.12433333333333334 0.6074324324324324 0.008 0.02837837837837838
0 0.126 0.581081081081081 0.015 0.016891891891891893
0 0.10566666666666667 0.6344594594594595 0.007666666666666666 0.018243243243243244
0 0.11133333333333334 0.6236486486486487 0.011333333333333334 0.015540540540540541
0 0.09133333333333334 0.6195945945945946 0.007666666666666666 0.03445945945945946
0 0.042333333333333334 0.6283783783783784 0.009 0.02702702702702703
0 0.051666666666666666 0.6222972972972973 0.013333333333333334 0.016216216216216217
0 0.065 0.643918918918919 0.011333333333333334 0.016216216216216217
0 0.047 0.65 0.013 0.015540540540540541
0 0.007666666666666666 0.6385135135135135 0.009 0.0222972972972973
0 0.018666666666666668 0.6310810810810811 0.012666666666666666 0.016216216216216217
0 0.009333333333333334 0.6195945945945946 0.014333333333333333 0.013513513513513514
0 0.024 0.6972972972972973 0.009666666666666667 0.031081081081081083
0 0.034 0.7222972972972973 0.013666666666666667 0.01891891891891892
0 0.048666666666666664 0.7114864864864865 0.012666666666666666 0.025
0 0.03266666666666666 0.7472972972972973 0.011333333333333334 0.016216216216216217
0 0.04766666666666667 0.7358108108108108 0.011666666666666667 0.019594594594594596
0 0.07566666666666666 0.6898648648648649 0.013666666666666667 0.022972972972972974
0 0.06866666666666667 0.7635135135135135 0.012 0.016216216216216217
0 0.07766666666666666 0.8114864864864865 0.01 0.02702702702702703
0 0.07766666666666666 0.7878378378378378 0.011333333333333334 0.021621621621621623
0 0.029666666666666668 0.8331081081081081 0.012333333333333333 0.026351351351351353
0 0.014 0.8716216216216216 0.006666666666666667 0.026351351351351353
0 0.02266666666666667 0.8912162162162162 0.011666666666666667 0.016891891891891893
0 0.034666666666666665 0.9054054054054054 0.011666666666666667 0.012837837837837839
0 0.105 0.8385135135135136 0.014666666666666666 0.0222972972972973
0 0.14333333333333334 0.7594594594594595 0.008333333333333333 0.02027027027027027
0 0.019666666666666666 0.9594594594594594 0.009333333333333334 0.016216216216216217
0 0.029666666666666668 0.9506756756756757 0.014333333333333333 0.013513513513513514
0 0.065 0.9337837837837838 0.010333333333333333 0.020945945945945947
0 0.062 0.9939189189189189 0.008333333333333333 0.012162162162162163
0 0.01 0.995945945945946 0.01 0.008108108108108109
0 0.019 0.9939189189189189 0.007333333333333333 0.012162162162162163
0 0.13433333333333333 0.9425675675675675 0.011333333333333334 0.021621621621621623
0 0.123 0.9777027027027027 0.014 0.01756756756756757
0 0.132 0.9885135135135135 0.009 0.0222972972972973
0 0.166 0.9864864864864865 0.006666666666666667 0.02702702702702703
0 0.18 0.9621621621621622 0.012666666666666666 0.021621621621621623
0 0.18666666666666668 0.9574324324324325 0.007333333333333333 0.024324324324324326
0 0.183 0.9168918918918919 0.007 0.0222972972972973
0 0.188 0.9351351351351351 0.007333333333333333 0.02364864864864865
0 0.205 0.970945945945946 0.008 0.020945945945945947
0 0.21366666666666667 0.8763513513513513 0.007333333333333333 0.0222972972972973
0 0.17833333333333334 0.8608108108108108 0.016666666666666666 0.02364864864864865
0 0.245 0.9344594594594594 0.01 0.026351351351351353
0 0.244 0.9094594594594595 0.009 0.01756756756756757
0 0.25633333333333336 0.9344594594594594 0.008666666666666666 0.024324324324324326
0 0.245 0.9702702702702702 0.009 0.0222972972972973
0 0.275 0.9871621621621621 0.013666666666666667 0.012837837837837839
0 0.25633333333333336 0.8216216216216217 0.007 0.020945945945945947
0 0.24833333333333332 0.8013513513513514 0.009 0.025
0 0.183 0.7256756756756757 0.014666666666666666 0.021621621621621623
0 0.20166666666666666 0.7087837837837838 0.008 0.027702702702702704
0 0.216 0.6628378378378378 0.017333333333333333 0.01891891891891892
0 0.22233333333333333 0.6466216216216216 0.006666666666666667 0.03175675675675676
0 0.238 0.6918918918918919 0.013333333333333334 0.011486486486486487
0 0.2703333333333333 0.697972972972973 0.012333333333333333 0.018243243243243244
0 0.2703333333333333 0.6851351351351351 0.01 0.021621621621621623
0 0.27666666666666667 0.7202702702702702 0.012666666666666666 0.01756756756756757
0 0.289 0.7243243243243244 0.014333333333333333 0.016216216216216217
0 0.2976666666666667 0.7189189189189189 0.009 0.01891891891891892
0 0.2996666666666667 0.7527027027027027 0.009666666666666667 0.022972972972972974
0 0.2663333333333333 0.772972972972973 0.011666666666666667 0.029054054054054056
0 0.31133333333333335 0.6304054054054054 0.012333333333333333 0.021621621621621623
0 0.244 0.5344594594594595 0.007333333333333333 0.02837837837837838
0 0.23 0.5283783783783784 0.006666666666666667 0.024324324324324326
0 0.207 0.497972972972973 0.009 0.026351351351351353
0 0.20533333333333334 0.5837837837837838 0.013333333333333334 0.01756756756756757
0 0.213 0.4486486486486487 0.012666666666666666 0.015540540540540541
0 0.21533333333333332 0.41621621621621624 0.013666666666666667 0.029054054054054056
0 0.18733333333333332 0.41824324324324325 0.014 0.010135135135135136
0 0.22 0.38716216216216215 0.010333333333333333 0.019594594594594596
0 0.23733333333333334 0.41216216216216217 0.012666666666666666 0.01756756756756757
0 0.22366666666666668 0.3506756756756757 0.008666666666666666 0.03310810810810811
0 0.207 0.34256756756756757 0.010333333333333333 0.016216216216216217
0 0.26866666666666666 0.011486486486486487 0.006333333333333333 0.022972972972972974
0 0.33766666666666667 0.03581081081081081 0.014666666666666666 0.018243243243243244
0 0.326 0.19054054054054054 0.008 0.02364864864864865
0 0.33366666666666667 0.28783783783783784 0.013 0.016891891891891893
0 0.32666666666666666 0.2608108108108108 0.007333333333333333 0.0222972972972973
0 0.30266666666666664 0.4141891891891892 0.012666666666666666 0.018243243243243244
0 0.315 0.41621621621621624 0.011666666666666667 0.025675675675675677
0 0.35133333333333333 0.4047297297297297 0.009 0.03310810810810811
0 0.398 0.4175675675675676 0.008666666666666666 0.022972972972972974
0 0.32566666666666666 0.4756756756756757 0.012666666666666666 0.01756756756756757
0 0.32166666666666666 0.46283783783783783 0.011666666666666667 0.00945945945945946
0 0.31866666666666665 0.5074324324324324 0.015333333333333332 0.02364864864864865
0 0.30566666666666664 0.5263513513513514 0.014333333333333333 0.019594594594594596
0 0.3393333333333333 0.5378378378378378 0.007666666666666666 0.014864864864864866
0 0.347 0.5432432432432432 0.011 0.014864864864864866
0 0.3466666666666667 0.5168918918918919 0.013 0.01891891891891892
0 0.3566666666666667 0.4817567567567568 0.012 0.026351351351351353
0 0.363 0.5006756756756757 0.014 0.018243243243243244
0 0.37833333333333335 0.5324324324324324 0.014333333333333333 0.02027027027027027
0 0.3893333333333333 0.5385135135135135 0.007666666666666666 0.024324324324324326
0 0.32133333333333336 0.5675675675675675 0.01 0.024324324324324326
0 0.364 0.6189189189189189 0.012333333333333333 0.02364864864864865
0 0.37466666666666665 0.6472972972972973 0.01 0.021621621621621623
0 0.387 0.6472972972972973 0.012666666666666666 0.016216216216216217
0 0.37433333333333335 0.6912162162162162 0.013666666666666667 0.012162162162162163
0 0.36133333333333334 0.7168918918918918 0.009666666666666667 0.021621621621621623
0 0.36466666666666664 0.7189189189189189 0.009 0.016216216216216217
0 0.372 0.7513513513513513 0.013333333333333334 0.02027027027027027
0 0.39066666666666666 0.7574324324324324 0.013 0.016216216216216217
0 0.406 0.706081081081081 0.015 0.02837837837837838
0 0.3933333333333333 0.7885135135135135 0.014666666666666666 0.01756756756756757
0 0.37133333333333335 0.8074324324324325 0.012333333333333333 0.01891891891891892
0 0.328 0.827027027027027 0.015 0.018243243243243244
0 0.378 0.8527027027027027 0.014666666666666666 0.016216216216216217
0 0.3606666666666667 0.8682432432432432 0.012 0.01891891891891892
0 0.30966666666666665 0.9094594594594595 0.009333333333333334 0.02364864864864865
0 0.3263333333333333 0.9114864864864864 0.007 0.026351351351351353
0 0.3293333333333333 0.9837837837837838 0.007666666666666666 0.02972972972972973
0 0.3566666666666667 0.9945945945945946 0.009333333333333334 0.010810810810810811
0 0.3606666666666667 0.9844594594594595 0.010333333333333333 0.018243243243243244
0 0.3586666666666667 0.9722972972972973 0.013666666666666667 0.011486486486486487
0 0.37666666666666665 0.9763513513513513 0.011 0.013513513513513514
0 0.36333333333333334 0.9952702702702703 0.006666666666666667 0.008783783783783784
0 0.42133333333333334 0.956081081081081 0.017333333333333333 0.014864864864864866
0 0.43233333333333335 0.9405405405405406 0.013666666666666667 0.016891891891891893
0 0.44 0.9493243243243243 0.006666666666666667 0.02972972972972973
0 0.44133333333333336 0.9263513513513514 0.008333333333333333 0.0222972972972973
0 0.4083333333333333 0.8864864864864865 0.015 0.01891891891891892
0 0.41133333333333333 0.8432432432432433 0.012333333333333333 0.018243243243243244
0 0.43433333333333335 0.8182432432432433 0.011333333333333334 0.018243243243243244
0 0.434 0.8506756756756757 0.006666666666666667 0.02837837837837838
0 0.43833333333333335 0.8412162162162162 0.010666666666666666 0.016891891891891893
0 0.48333333333333334 0.8905405405405405 0.007 0.031081081081081083
0 0.4646666666666667 0.9310810810810811 0.015 0.031081081081081083
0 0.5266666666666666 0.9790540540540541 0.013666666666666667 0.026351351351351353
0 0.5133333333333333 0.9425675675675675 0.013 0.016891891891891893
0 0.5043333333333333 0.9182432432432432 0.011333333333333334 0.01756756756756757
0 0.49533333333333335 0.897972972972973 0.006666666666666667 0.027702702702702704
0 0.5056666666666667 0.9067567567567567 0.012666666666666666 0.01418918918918919
0 0.501 0.879054054054054 0.005333333333333333 0.024324324324324326
0 0.5076666666666667 0.8635135135135135 0.008 0.0222972972972973
0 0.5163333333333333 0.8831081081081081 0.009333333333333334 0.0222972972972973
0 0.5216666666666666 0.8358108108108108 0.009666666666666667 0.014864864864864866
0 0.5273333333333333 0.8283783783783784 0.006666666666666667 0.03310810810810811
0 0.4846666666666667 0.8412162162162162 0.014 0.016891891891891893
0 0.5016666666666667 0.7722972972972973 0.01 0.015540540540540541
0 0.47533333333333333 0.7932432432432432 0.007666666666666666 0.025675675675675677
0 0.45166666666666666 0.7452702702702703 0.009333333333333334 0.021621621621621623
0 0.5153333333333333 0.7114864864864865 0.012666666666666666 0.016216216216216217
0 0.49 0.7614864864864865 0.011333333333333334 0.012162162162162163
0 0.5526666666666666 0.7837837837837838 0.015666666666666666 0.016891891891891893
0 0.5593333333333333 0.7763513513513514 0.009 0.020945945945945947
0 0.5573333333333333 0.9074324324324324 0.009 0.02972972972972973
0 0.5403333333333333 0.9655405405405405 0.012666666666666666 0.020945945945945947
0 0.5763333333333334 0.9506756756756757 0.013666666666666667 0.016216216216216217
0 0.499 0.5993243243243244 0.015 0.020945945945945947
0 0.43966666666666665 0.6189189189189189 0.008666666666666666 0.025675675675675677
0 0.5186666666666667 0.6195945945945946 0.011 0.021621621621621623
0 0.5206666666666667 0.5175675675675676 0.01 0.02364864864864865
0 0.48133333333333334 0.4972972972972973 0.012 0.024324324324324326
0 0.438 0.45472972972972975 0.015333333333333332 0.018243243243243244
0 0.4543333333333333 0.40202702702702703 0.010333333333333333 0.026351351351351353
0 0.49966666666666665 0.4195945945945946 0.01 0.02364864864864865
0 0.487 0.4331081081081081 0.014666666666666666 0.018243243243243244
0 0.475 0.43716216216216214 0.007666666666666666 0.024324324324324326
0 0.548 0.372972972972973 0.015 0.018243243243243244
0 0.43366666666666664 0.27635135135135136 0.016666666666666666 0.02364864864864865
0 0.43466666666666665 0.2527027027027027 0.012666666666666666 0.024324324324324326
0 0.442 0.2560810810810811 0.007666666666666666 0.0222972972972973
0 0.4103333333333333 0.20067567567567568 0.009 0.022972972972972974
0 0.3983333333333333 0.2614864864864865 0.013333333333333334 0.026351351351351353
0 0.4136666666666667 0.16418918918918918 0.009333333333333334 0.026351351351351353
0 0.3893333333333333 0.12567567567567567 0.007666666666666666 0.02837837837837838
0 0.45366666666666666 0.16824324324324325 0.013666666666666667 0.025675675675675677
0 0.5043333333333333 0.14324324324324325 0.01 0.02027027027027027
0 0.49433333333333335 0.18445945945945946 0.013666666666666667 0.024324324324324326
0 0.552 0.18986486486486487 0.01633333333333333 0.01756756756756757
0 0.5546666666666666 0.14391891891891892 0.013666666666666667 0.024324324324324326
0 0.5776666666666667 0.20472972972972972 0.015333333333333332 0.018243243243243244
0 0.5533333333333333 0.2445945945945946 0.014666666666666666 0.02027027027027027
0 0.542 0.275 0.012333333333333333 0.02027027027027027
0 0.514 0.10067567567567567 0.010666666666666666 0.02837837837837838
0 0.464 0.09932432432432432 0.015 0.016216216216216217
0 0.4653333333333333 0.05675675675675676 0.009 0.024324324324324326
0 0.412 0.00945945945945946 0.015333333333333332 0.01418918918918919
0 0.4856666666666667 0.013513513513513514 0.015 0.015540540540540541
0 0.48533333333333334 0.0033783783783783786 0.01633333333333333 0.006756756756756757
0 0.506 0.05 0.007 0.03581081081081081
0 0.529 0.038513513513513516 0.016 0.018243243243243244
0 0.5266666666666666 0.007432432432432433 0.011333333333333334 0.01418918918918919
0 0.54 0.0722972972972973 0.008 0.032432432432432434
0 0.5466666666666666 0.06554054054054054 0.009 0.01891891891891892
0 0.576 0.006081081081081081 0.014666666666666666 0.012162162162162163
0 0.2683333333333333 0.8831081081081081 0.012666666666666666 0.018243243243243244
0 0.583 0.7831081081081082 0.008666666666666666 0.0222972972972973
0 0.5893333333333334 0.7918918918918919 0.010333333333333333 0.02027027027027027
0 0.6013333333333334 0.7817567567567567 0.013666666666666667 0.012837837837837839
0 0.566 0.8493243243243244 0.006 0.0222972972972973
0 0.6056666666666667 0.8486486486486486 0.018 0.01418918918918919
0 0.625 0.8810810810810811 0.011333333333333334 0.0222972972972973
0 0.6323333333333333 0.8567567567567568 0.012666666666666666 0.0222972972972973
0 0.6543333333333333 0.9013513513513514 0.017 0.018243243243243244
0 0.6446666666666667 0.981081081081081 0.009 0.032432432432432434
0 0.7003333333333334 0.8993243243243243 0.012333333333333333 0.022972972972972974
0 0.6863333333333334 0.9297297297297298 0.015 0.01891891891891892
0 0.6923333333333334 0.8783783783783784 0.012333333333333333 0.014864864864864866
0 0.6756666666666666 0.870945945945946 0.009 0.0222972972972973
0 0.6666666666666666 0.8601351351351352 0.009 0.021621621621621623
0 0.643 0.7648648648648648 0.012333333333333333 0.014864864864864866
0 0.632 0.7087837837837838 0.013333333333333334 0.01756756756756757
0 0.6046666666666667 0.697972972972973 0.01 0.022972972972972974
0 0.595 0.7385135135135135 0.016 0.019594594594594596
0 0.5993333333333334 0.6554054054054054 0.005333333333333333 0.021621621621621623
0 0.673 0.7094594594594594 0.01 0.02702702702702703
0 0.6906666666666667 0.7256756756756757 0.009 0.02837837837837838
0 0.747 0.7925675675675675 0.010333333333333333 0.026351351351351353
0 0.746 0.8770270270270271 0.011333333333333334 0.02837837837837838
0 0.787 0.8871621621621621 0.012666666666666666 0.0222972972972973
0 0.7903333333333333 0.8324324324324325 0.009333333333333334 0.025
0 0.8076666666666666 0.8155405405405406 0.010333333333333333 0.02837837837837838
0 0.8183333333333334 0.845945945945946 0.011333333333333334 0.02364864864864865
0 0.5696666666666667 0.4905405405405405 0.01 0.03581081081081081
0 0.586 0.5398648648648648 0.01 0.026351351351351353
0 0.576 0.5527027027027027 0.015 0.01891891891891892
0 0.6136666666666667 0.6006756756756757 0.014666666666666666 0.016216216216216217
0 0.698 0.6344594594594595 0.010333333333333333 0.02837837837837838
0 0.73 0.643918918918919 0.012666666666666666 0.02702702702702703
0 0.7183333333333334 0.6648648648648648 0.013666666666666667 0.02364864864864865
0 0.6146666666666667 0.44594594594594594 0.012 0.025
0 0.6233333333333333 0.43513513513513513 0.012 0.015540540540540541
0 0.628 0.42567567567567566 0.009666666666666667 0.011486486486486487
0 0.6346666666666667 0.43648648648648647 0.011333333333333334 0.016216216216216217
0 0.6356666666666667 0.4222972972972973 0.012333333333333333 0.015540540540540541
0 0.6476666666666666 0.43513513513513513 0.006666666666666667 0.020945945945945947
0 0.6446666666666667 0.47635135135135137 0.013 0.013513513513513514
0 0.653 0.4635135135135135 0.01 0.015540540540540541
0 0.679 0.40135135135135136 0.011666666666666667 0.016216216216216217
0 0.6953333333333334 0.43445945945945946 0.013 0.018243243243243244
0 0.6526666666666666 0.4175675675675676 0.009333333333333334 0.018243243243243244
0 0.7146666666666667 0.4858108108108108 0.014 0.016891891891891893
0 0.7236666666666667 0.43648648648648647 0.005333333333333333 0.02027027027027027
0 0.743 0.425 0.007 0.0222972972972973
0 0.753 0.42567567567567566 0.006666666666666667 0.026351351351351353
0 0.73 0.3898648648648649 0.012333333333333333 0.016891891891891893
0 0.7036666666666667 0.31216216216216214 0.012333333333333333 0.01891891891891892
0 0.6226666666666667 0.2445945945945946 0.011333333333333334 0.018243243243243244
0 0.6226666666666667 0.1939189189189189 0.008666666666666666 0.03175675675675676
0 0.5916666666666667 0.2939189189189189 0.011 0.029054054054054056
0 0.609 0.30202702702702705 0.009333333333333334 0.02837837837837838
0 0.6803333333333333 0.19797297297297298 0.013666666666666667 0.019594594594594596
0 0.024 0.3695945945945946 0.008 0.016216216216216217
0 0.6093333333333333 0.02702702702702703 0.015333333333333332 0.0222972972972973
0 0.6683333333333333 0.07567567567567568 0.015666666666666666 0.019594594594594596
0 0.6443333333333333 0.05337837837837838 0.009 0.016891891891891893
0 0.673 0.01891891891891892 0.013333333333333334 0.016216216216216217
0 0.6783333333333333 0.03918918918918919 0.010333333333333333 0.024324324324324326
0 0.7293333333333333 0.08986486486486486 0.010666666666666666 0.02027027027027027
0 0.7336666666666667 0.07027027027027027 0.011333333333333334 0.02364864864864865
0 0.7526666666666667 0.05810810810810811 0.009 0.01891891891891892
0 0.762 0.06013513513513514 0.009333333333333334 0.030405405405405407
0 0.6893333333333334 0.775 0.010666666666666666 0.016216216216216217
0 0.781 0.606081081081081 0.009 0.03310810810810811
0 0.7856666666666666 0.5202702702702703 0.011333333333333334 0.0222972972972973
0 0.724 0.2587837837837838 0.01 0.030405405405405407
0 0.7393333333333333 0.3054054054054054 0.010666666666666666 0.031081081081081083
0 0.7936666666666666 0.16891891891891891 0.019 0.014864864864864866
0 0.8046666666666666 0.14256756756756755 0.013 0.026351351351351353
0 0.804 0.08783783783783784 0.008 0.022972972972972974
0 0.8126666666666666 0.08445945945945946 0.013 0.03175675675675676
0 0.825 0.037162162162162164 0.012333333333333333 0.026351351351351353
0 0.8516666666666667 0.04256756756756757 0.008 0.030405405405405407
0 0.851 0.19864864864864865 0.011333333333333334 0.03581081081081081
0 0.8293333333333334 0.2743243243243243 0.01 0.0222972972972973
0 0.81 0.37432432432432433 0.016666666666666666 0.019594594594594596
0 0.8273333333333334 0.3662162162162162 0.012333333333333333 0.019594594594594596
0 0.8443333333333334 0.3527027027027027 0.008666666666666666 0.03310810810810811
0 0.788 0.3493243243243243 0.009 0.022972972972972974
0 0.835 0.4135135135135135 0.015333333333333332 0.019594594594594596
0 0.835 0.47297297297297297 0.009 0.04054054054054054
0 0.49566666666666664 0.03648648648648649 0.011333333333333334 0.016216216216216217
0 0.815 0.6777027027027027 0.008666666666666666 0.025
0 0.843 0.6513513513513514 0.013 0.031081081081081083
0 0.843 0.6101351351351352 0.008666666666666666 0.025
0 0.8306666666666667 0.7439189189189189 0.013666666666666667 0.019594594594594596
0 0.834 0.7945945945945946 0.013 0.019594594594594596
0 0.844 0.7858108108108108 0.011666666666666667 0.03445945945945946
0 0.8476666666666667 0.7614864864864865 0.013666666666666667 0.016891891891891893
0 0.8593333333333333 0.7405405405405405 0.01633333333333333 0.02027027027027027
0 0.9256666666666666 0.7304054054054054 0.012666666666666666 0.02364864864864865
0 0.9383333333333334 0.7027027027027027 0.009 0.02837837837837838
0 0.909 0.706081081081081 0.018 0.026351351351351353
0 0.918 0.6797297297297298 0.01 0.041891891891891894
0 0.8733333333333333 0.6162162162162163 0.010666666666666666 0.02364864864864865
0 0.9103333333333333 0.581081081081081 0.009 0.030405405405405407
0 0.9223333333333333 0.5871621621621622 0.015 0.016216216216216217
0 0.9473333333333334 0.6709459459459459 0.01 0.031081081081081083
0 0.9696666666666667 0.7216216216216216 0.007333333333333333 0.02364864864864865
0 0.9773333333333334 0.7081081081081081 0.007333333333333333 0.02364864864864865
0 0.9833333333333333 0.7067567567567568 0.010333333333333333 0.016216216216216217
0 0.9893333333333333 0.5547297297297298 0.010666666666666666 0.026351351351351353
0 0.827 0.5364864864864864 0.014 0.015540540540540541
0 0.835 0.5445945945945946 0.012333333333333333 0.014864864864864866
0 0.887 0.47364864864864864 0.007 0.02702702702702703
0 0.8876666666666667 0.4608108108108108 0.01 0.01891891891891892
0 0.8953333333333333 0.5236486486486487 0.007 0.02837837837837838
0 0.9136666666666666 0.5486486486486486 0.006666666666666667 0.016216216216216217
0 0.9576666666666667 0.5135135135135135 0.007666666666666666 0.019594594594594596
0 0.974 0.47905405405405405 0.012 0.021621621621621623
0 0.9946666666666667 0.47162162162162163 0.010666666666666666 0.01891891891891892
0 0.9643333333333334 0.41824324324324325 0.015666666666666666 0.012837837837837839
0 0.994 0.3858108108108108 0.009666666666666667 0.01756756756756757
0 0.878 0.3601351351351351 0.008333333333333333 0.02837837837837838
0 0.9093333333333333 0.30608108108108106 0.009333333333333334 0.02702702702702703
0 0.9556666666666667 0.3290540540540541 0.01 0.031081081081081083
0 0.9666666666666667 0.2533783783783784 0.008666666666666666 0.026351351351351353
0 0.9203333333333333 0.2574324324324324 0.011333333333333334 0.013513513513513514
0 0.9166666666666666 0.2472972972972973 0.011666666666666667 0.01418918918918919
0 0.911 0.27364864864864863 0.014333333333333333 0.015540540540540541
0 0.8776666666666667 0.2682432432432432 0.014666666666666666 0.024324324324324326
0 0.873 0.21891891891891893 0.007666666666666666 0.0222972972972973
0 0.9406666666666667 0.19324324324324324 0.012 0.026351351351351353
0 0.9316666666666666 0.1783783783783784 0.007666666666666666 0.02837837837837838
0 0.938 0.17094594594594595 0.011333333333333334 0.0222972972972973
0 0.9473333333333334 0.15743243243243243 0.006 0.01756756756756757
0 0.9223333333333333 0.15337837837837837 0.015666666666666666 0.014864864864864866
0 0.904 0.10743243243243243 0.014 0.016891891891891893
0 0.9446666666666667 0.046621621621621624 0.009666666666666667 0.024324324324324326
0 0.9716666666666667 0.04527027027027027 0.008333333333333333 0.022972972972972974
0 0.7496666666666667 0.1858108108108108 0.01 0.011486486486486487
0 0.745 0.21621621621621623 0.008 0.020945945945945947
0 0.758 0.5932432432432433 0.010666666666666666 0.020945945945945947
0 0.21566666666666667 0.35135135135135137 0.010666666666666666 0.01418918918918919
0 0.44233333333333336 0.65 0.009666666666666667 0.031081081081081083
0 0.43266666666666664 0.6168918918918919 0.010333333333333333 0.020945945945945947
0 0.41633333333333333 0.6777027027027027 0.010666666666666666 0.01891891891891892
0 0.276 0.7317567567567568 0.011666666666666667 0.012162162162162163
0 0.0033333333333333335 0.8148648648648649 0.006666666666666667 0.0222972972972973
0 0.013 0.8891891891891892 0.010333333333333333 0.02027027027027027
0 0.3596666666666667 0.5837837837837838 0.008 0.016891891891891893
0 0.43833333333333335 0.5898648648648649 0.014 0.01756756756756757
0 0.546 0.43716216216216214 0.010666666666666666 0.012837837837837839