0 0.079 0.9368888888888889 0.011 0.025777777777777778
0 0.125 0.9648888888888889 0.00925 0.028444444444444446
0 0.0545 0.9306666666666666 0.01725 0.015555555555555555
0 0.017 0.9506666666666667 0.01175 0.014666666666666666
0 0.03175 0.9195555555555556 0.00875 0.019555555555555555
0 0.0335 0.8995555555555556 0.00975 0.022222222222222223
0 0.01625 0.8902222222222222 0.0135 0.01911111111111111
0 0.0075 0.9097777777777778 0.011 0.018222222222222223
0 0.13725 0.892 0.00875 0.028
0 0.035 0.8697777777777778 0.0135 0.02311111111111111
0 0.043 0.8644444444444445 0.0125 0.015111111111111112
0 0.053 0.8382222222222222 0.01625 0.020444444444444446
0 0.04575 0.82 0.01075 0.02
0 0.0345 0.8355555555555556 0.0115 0.024444444444444446
0 0.0715 0.7964444444444444 0.012 0.022222222222222223
0 0.04175 0.7884444444444444 0.01425 0.015555555555555555
0 0.06425 0.752 0.01375 0.025777777777777778
0 0.096 0.7426666666666667 0.0125 0.02
0 0.04475 0.7431111111111111 0.00875 0.029333333333333333
0 0.01425 0.736 0.00925 0.02311111111111111
0 0.019 0.72 0.00775 0.028444444444444446
0 0.02775 0.696 0.00925 0.028888888888888888
0 0.04925 0.6768888888888889 0.00775 0.026222222222222223
0 0.057 0.6813333333333333 0.01225 0.015555555555555555
0 0.089 0.704 0.011 0.015111111111111112
0 0.1445 0.7386666666666667 0.013 0.015555555555555555
0 0.15625 0.7377777777777778 0.008 0.021777777777777778
0 0.16175 0.7791111111111111 0.01125 0.02266666666666667
0 0.1635 0.7408888888888889 0.01175 0.015111111111111112
0 0.153 0.6951111111111111 0.00975 0.016888888888888887
0 0.1465 0.6822222222222222 0.012 0.013777777777777778
0 0.16725 0.6733333333333333 0.00775 0.027555555555555555
0 0.18975 0.8035555555555556 0.01175 0.024444444444444446
0 0.1885 0.776 0.008 0.02311111111111111
0 0.181 0.7102222222222222 0.0115 0.020888888888888887
0 0.1845 0.6862222222222222 0.0125 0.015555555555555555
0 0.20075 0.9648888888888889 0.0075 0.028444444444444446
0 0.2265 0.98 0.01975 0.014666666666666666
0 0.238 0.9586666666666667 0.0145 0.017333333333333333
0 0.25225 0.9746666666666667 0.0095 0.026222222222222223
0 0.267 0.9875555555555555 0.008 0.024444444444444446
0 0.282 0.9377777777777778 0.014 0.016
0 0.2065 0.9031111111111111 0.008 0.029333333333333333
0 0.2675 0.836 0.016 0.017333333333333333
0 0.31775 0.904 0.01475 0.016
0 0.229 0.7511111111111111 0.0085 0.03111111111111111
0 0.2795 0.8008888888888889 0.01375 0.015555555555555555
0 0.3005 0.7977777777777778 0.0065 0.025777777777777778
0 0.30875 0.8173333333333334 0.013 0.012888888888888889
0 0.31975 0.7911111111111111 0.0075 0.02711111111111111
0 0.31275 0.7515555555555555 0.00675 0.02666666666666667
0 0.277 0.74 0.00975 0.021333333333333333
0 0.26975 0.7382222222222222 0.00975 0.024444444444444446
0 0.2565 0.7266666666666667 0.0105 0.012888888888888889
0 0.2395 0.7226666666666667 0.01325 0.018222222222222223
0 0.26675 0.7226666666666667 0.01075 0.018222222222222223
0 0.26225 0.7053333333333334 0.0145 0.016444444444444446
0 0.2795 0.7008888888888889 0.012 0.017333333333333333
0 0.23375 0.6791111111111111 0.01325 0.022222222222222223
0 0.20575 0.664 0.0145 0.011555555555555555
0 0.282 0.6635555555555556 0.0085 0.032
0 0.29325 0.6448888888888888 0.0135 0.012888888888888889
0 0.21475 0.6324444444444445 0.0165 0.013777777777777778
0 0.2715 0.6075555555555555 0.00925 0.021777777777777778
0 0.30475 0.624 0.011 0.013777777777777778
0 0.338 0.6533333333333333 0.01325 0.016444444444444446
0 0.371 0.7728888888888888 0.00725 0.028444444444444446
0 0.3715 0.7964444444444444 0.0125 0.013777777777777778
0 0.38675 0.7977777777777778 0.011 0.019555555555555555
0 0.38825 0.8124444444444444 0.0115 0.02311111111111111
0 0.377 0.8702222222222222 0.01275 0.013777777777777778
0 0.369 0.9017777777777778 0.01275 0.016444444444444446
0 0.36275 0.984 0.00825 0.023555555555555555
0 0.40875 0.9102222222222223 0.01775 0.013777777777777778
0 0.4005 0.8822222222222222 0.01325 0.014666666666666666
0 0.41225 0.8906666666666667 0.01025 0.013777777777777778
0 0.41325 0.8786666666666667 0.0105 0.012888888888888889
0 0.4085 0.8684444444444445 0.017 0.013333333333333334
0 0.44575 0.8942222222222223 0.00775 0.03111111111111111
0 0.42775 0.9724444444444444 0.01125 0.022222222222222223
0 0.42675 0.9942222222222222 0.01025 0.011555555555555555
0 0.44775 0.9906666666666667 0.0095 0.018222222222222223
0 0.4605 0.836 0.008 0.030666666666666665
0 0.48975 0.8515555555555555 0.0105 0.020444444444444446
0 0.49875 0.8124444444444444 0.013 0.027555555555555555
0 0.49275 0.7555555555555555 0.008 0.030222222222222223
0 0.45025 0.7173333333333334 0.00675 0.025333333333333333
0 0.48675 0.7044444444444444 0.01525 0.016
0 0.406 0.6871111111111111 0.013 0.014222222222222223
0 0.40725 0.6733333333333333 0.0105 0.017333333333333333
0 0.43375 0.6871111111111111 0.01225 0.016888888888888887
0 0.44375 0.6871111111111111 0.00675 0.024
0 0.3665 0.6724444444444444 0.0145 0.017333333333333333
0 0.40575 0.6422222222222222 0.00775 0.02666666666666667
0 0.41275 0.6404444444444445 0.0115 0.015555555555555555
0 0.44825 0.6591111111111111 0.016 0.019555555555555555
0 0.466 0.66 0.01125 0.02
0 0.4945 0.6591111111111111 0.01175 0.02311111111111111
0 0.023 0.6022222222222222 0.01175 0.016
0 0.08175 0.6488888888888888 0.00725 0.020888888888888887
0 0.08575 0.6391111111111111 0.0135 0.012444444444444444
0 0.103 0.6324444444444445 0.0105 0.023555555555555555
0 0.11525 0.6133333333333333 0.00875 0.018666666666666668
0 0.135 0.6591111111111111 0.011 0.016888888888888887
0 0.13775 0.5915555555555555 0.0135 0.015555555555555555
0 0.1215 0.5764444444444444 0.01525 0.012888888888888889
0 0.091 0.6 0.0135 0.014666666666666666
0 0.07625 0.5666666666666667 0.0075 0.026222222222222223
0 0.0245 0.5768888888888889 0.0135 0.014222222222222223
0 0.03475 0.556 0.01125 0.024888888888888887
0 0.05975 0.5564444444444444 0.0165 0.016
0 0.05525 0.5395555555555556 0.01 0.021333333333333333
0 0.01 0.5431111111111111 0.01 0.02666666666666667
0 0.013 0.488 0.01175 0.02
0 0.098 0.4862222222222222 0.00925 0.027555555555555555
0 0.08525 0.45155555555555554 0.01225 0.021777777777777778
0 0.169 0.5595555555555556 0.0065 0.022222222222222223
0 0.16575 0.5488888888888889 0.011 0.02311111111111111
0 0.1605 0.516 0.0085 0.021333333333333333
0 0.15175 0.4737777777777778 0.00725 0.025777777777777778
0 0.1805 0.4484444444444444 0.01125 0.01911111111111111
0 0.18925 0.43866666666666665 0.00875 0.025333333333333333
0 0.22725 0.5115555555555555 0.011 0.028
0 0.276 0.5586666666666666 0.01 0.025333333333333333
0 0.2425 0.4866666666666667 0.00725 0.028444444444444446
0 0.3085 0.492 0.0145 0.017777777777777778
0 0.3 0.46044444444444443 0.01375 0.015555555555555555
0 0.31625 0.4582222222222222 0.011 0.018666666666666668
0 0.32625 0.44 0.0115 0.015555555555555555
0 0.24775 0.5577777777777778 0.00975 0.015111111111111112
0 0.028 0.4097777777777778 0.0115 0.019555555555555555
0 0.0125 0.37777777777777777 0.00875 0.03422222222222222
0 0.05675 0.384 0.0135 0.017777777777777778
0 0.06675 0.3595555555555556 0.0135 0.012888888888888889
0 0.06225 0.3502222222222222 0.00775 0.023555555555555555
0 0.05725 0.3426666666666667 0.01175 0.016444444444444446
0 0.09475 0.35733333333333334 0.00725 0.024444444444444446
0 0.14675 0.528 0.0065 0.021333333333333333
0 0.15725 0.4008888888888889 0.00725 0.020444444444444446
0 0.18 0.3804444444444444 0.0085 0.022222222222222223
0 0.172 0.372 0.01525 0.012888888888888889
0 0.18175 0.36133333333333334 0.01 0.016
0 0.22225 0.38711111111111113 0.00725 0.021777777777777778
0 0.2415 0.39911111111111114 0.0105 0.016444444444444446
0 0.27575 0.4062222222222222 0.0105 0.02
0 0.31475 0.3982222222222222 0.01 0.02
0 0.313 0.3511111111111111 0.0135 0.013777777777777778
0 0.34175 0.36177777777777775 0.0085 0.017333333333333333
0 0.33975 0.4697777777777778 0.0125 0.017777777777777778
0 0.33775 0.4862222222222222 0.00925 0.021333333333333333
0 0.356 0.5786666666666667 0.01375 0.012888888888888889
0 0.35925 0.5848888888888889 0.0145 0.014222222222222223
0 0.37125 0.5795555555555556 0.00675 0.027555555555555555
0 0.37725 0.5777777777777777 0.00825 0.030666666666666665
0 0.3855 0.6053333333333333 0.0135 0.020444444444444446
0 0.42775 0.5791111111111111 0.00825 0.030222222222222223
0 0.441 0.592 0.00975 0.02666666666666667
0 0.452 0.6115555555555555 0.0095 0.028
0 0.466 0.5586666666666666 0.01 0.021777777777777778
0 0.42375 0.5453333333333333 0.01125 0.021777777777777778
0 0.4415 0.5377777777777778 0.00825 0.024444444444444446
0 0.4475 0.48355555555555557 0.00725 0.02711111111111111
0 0.39425 0.5137777777777778 0.0085 0.023555555555555555
0 0.403 0.5328888888888889 0.011 0.017777777777777778
0 0.41775 0.49422222222222223 0.0145 0.017777777777777778
0 0.37075 0.43866666666666665 0.012 0.016
0 0.414 0.44533333333333336 0.00775 0.022222222222222223
0 0.48575 0.5573333333333333 0.0135 0.009777777777777778
0 0.49675 0.5502222222222222 0.01025 0.016444444444444446
0 0.48775 0.548 0.01225 0.015111111111111112
0 0.48675 0.5048888888888889 0.00525 0.020888888888888887
0 0.506 0.4928888888888889 0.0065 0.03288888888888889
0 0.49975 0.6217777777777778 0.00825 0.018666666666666668
0 0.5075 0.6217777777777778 0.01325 0.024
0 0.37475 0.39866666666666667 0.00925 0.02711111111111111
0 0.38575 0.3502222222222222 0.01075 0.015555555555555555
0 0.4105 0.3595555555555556 0.007 0.025777777777777778
0 0.42775 0.3453333333333333 0.014 0.017333333333333333
0 0.43975 0.3191111111111111 0.015 0.015111111111111112
0 0.48775 0.37822222222222224 0.0105 0.025333333333333333
0 0.48825 0.41644444444444445 0.01225 0.02666666666666667
0 0.02325 0.31377777777777777 0.01525 0.014666666666666666
0 0.0845 0.31466666666666665 0.00975 0.02311111111111111
0 0.091 0.28 0.011 0.021777777777777778
0 0.05175 0.2608888888888889 0.0075 0.024888888888888887
0 0.0455 0.24977777777777777 0.01025 0.016
0 0.08475 0.2604444444444444 0.0145 0.015555555555555555
0 0.08375 0.23244444444444445 0.00925 0.022222222222222223
0 0.061 0.212 0.00825 0.022222222222222223
0 0.08375 0.19244444444444445 0.0125 0.016888888888888887
0 0.09025 0.17244444444444446 0.01325 0.011555555555555555
0 0.10525 0.17022222222222222 0.011 0.012
0 0.028 0.20266666666666666 0.00775 0.02266666666666667
0 0.0195 0.19955555555555557 0.0115 0.012888888888888889
0 0.014 0.19155555555555556 0.01375 0.012
0 0.0115 0.17733333333333334 0.00975 0.014222222222222223
0 0.06425 0.13155555555555556 0.0145 0.011555555555555555
0 0.09575 0.10977777777777778 0.012 0.013777777777777778
0 0.14125 0.20044444444444445 0.0095 0.021333333333333333
0 0.1405 0.23955555555555555 0.01375 0.016444444444444446
0 0.15025 0.29555555555555557 0.0125 0.016888888888888887
0 0.17725 0.2791111111111111 0.00775 0.025333333333333333
0 0.16725 0.22044444444444444 0.00925 0.022222222222222223
0 0.18025 0.2 0.01175 0.015555555555555555
0 0.20275 0.188 0.00925 0.025777777777777778
0 0.2285 0.19511111111111112 0.01175 0.015555555555555555
0 0.22675 0.216 0.012 0.013777777777777778
0 0.22325 0.3 0.0115 0.02
0 0.272 0.31733333333333336 0.01 0.016444444444444446
0 0.27725 0.28755555555555556 0.0135 0.017777777777777778
0 0.22275 0.02 0.016 0.013777777777777778
0 0.1595 0.025777777777777778 0.015 0.012444444444444444
0 0.00925 0.02311111111111111 0.0085 0.021777777777777778
0 0.30825 0.049777777777777775 0.006 0.028
0 0.31125 0.035111111111111114 0.014 0.016444444444444446
0 0.35025 0.12711111111111112 0.00925 0.028444444444444446
0 0.3735 0.09244444444444444 0.0135 0.016444444444444446
0 0.35775 0.007555555555555556 0.0085 0.014666666666666666
0 0.349 0.16666666666666666 0.01 0.014666666666666666
0 0.3735 0.16444444444444445 0.01125 0.015111111111111112
0 0.3625 0.3 0.00975 0.017777777777777778
0 0.38125 0.30044444444444446 0.00675 0.02711111111111111
0 0.3995 0.2648888888888889 0.00825 0.024888888888888887
0 0.4545 0.19066666666666668 0.008 0.02
0 0.47325 0.20755555555555555 0.00975 0.014666666666666666
0 0.4785 0.23644444444444446 0.014 0.020444444444444446
0 0.4885 0.2791111111111111 0.0125 0.016888888888888887
0 0.49225 0.25822222222222224 0.01525 0.014222222222222223
0 0.4345 0.11822222222222223 0.0135 0.015555555555555555
0 0.4145 0.016 0.017 0.013777777777777778
0 0.44025 0.043555555555555556 0.012 0.02
0 0.468 0.05688888888888889 0.013 0.017777777777777778
0 0.4595 0.017333333333333333 0.014 0.021333333333333333
0 0.31 0.25244444444444447 0.01225 0.015111111111111112
0 0.57625 0.9871111111111112 0.008 0.025333333333333333
0 0.59175 0.916 0.00875 0.028444444444444446
0 0.564 0.9084444444444445 0.01475 0.013333333333333334
0 0.621 0.9684444444444444 0.00975 0.013777777777777778
0 0.63 0.9088888888888889 0.00675 0.03244444444444444
0 0.646 0.9124444444444444 0.0145 0.015111111111111112
0 0.67525 0.888 0.0085 0.029777777777777778
0 0.7025 0.9133333333333333 0.00875 0.03155555555555556
0 0.70125 0.9657777777777777 0.012 0.021333333333333333
0 0.76675 0.9737777777777777 0.0155 0.015111111111111112
0 0.79975 0.972 0.00975 0.01911111111111111
0 0.79475 0.9533333333333334 0.0065 0.02311111111111111
0 0.8025 0.9577777777777777 0.00875 0.02266666666666667
0 0.8015 0.9382222222222222 0.013 0.014666666666666666
0 0.8075 0.9493333333333334 0.00725 0.025333333333333333
0 0.81675 0.9235555555555556 0.0125 0.012888888888888889
0 0.75625 0.8631111111111112 0.01025 0.019555555555555555
0 0.8115 0.8635555555555555 0.015 0.015111111111111112
0 0.82425 0.876 0.01425 0.014222222222222223
0 0.83875 0.8928888888888888 0.01325 0.013333333333333334
0 0.84625 0.9151111111111111 0.01475 0.013777777777777778
0 0.856 0.8893333333333333 0.01525 0.02266666666666667
0 0.86475 0.8573333333333333 0.00875 0.032
0 0.85275 0.9755555555555555 0.008 0.032
0 0.8815 0.9351111111111111 0.01275 0.014666666666666666
0 0.89775 0.8995555555555556 0.00725 0.020444444444444446
0 0.91725 0.8844444444444445 0.00975 0.014222222222222223
0 0.8965 0.9595555555555556 0.0085 0.02311111111111111
0 0.901 0.9653333333333334 0.0085 0.028
0 0.95925 0.9728888888888889 0.01425 0.015111111111111112
0 0.978 0.9693333333333334 0.01325 0.020444444444444446
0 0.989 0.9911111111111112 0.01 0.017777777777777778
0 0.9675 0.956 0.00975 0.015555555555555555
0 0.846 0.8448888888888889 0.0125 0.011111111111111112
0 0.5175 0.8364444444444444 0.00825 0.016444444444444446
0 0.55125 0.8488888888888889 0.00825 0.017333333333333333
0 0.56425 0.8488888888888889 0.01125 0.013777777777777778
0 0.55325 0.8377777777777777 0.0065 0.019555555555555555
0 0.55025 0.8191111111111111 0.00725 0.02
0 0.5335 0.7911111111111111 0.006 0.02266666666666667
0 0.535 0.7777777777777778 0.00925 0.012444444444444444
0 0.5455 0.7777777777777778 0.00775 0.02711111111111111
0 0.54225 0.7671111111111111 0.0075 0.021777777777777778
0 0.5655 0.7702222222222223 0.0065 0.028
0 0.57025 0.7888888888888889 0.008 0.021333333333333333
0 0.5925 0.78 0.012 0.014666666666666666
0 0.51675 0.6857777777777778 0.01375 0.014666666666666666
0 0.53075 0.6591111111111111 0.01275 0.018666666666666668
0 0.5235 0.6324444444444445 0.00825 0.032
0 0.563 0.7053333333333334 0.00975 0.020888888888888887
0 0.56275 0.6777777777777778 0.008 0.03111111111111111
0 0.602 0.7222222222222222 0.01125 0.015555555555555555
0 0.65325 0.6706666666666666 0.007 0.022222222222222223
0 0.76925 0.6222222222222222 0.00725 0.017777777777777778
0 0.73375 0.6093333333333333 0.00875 0.016888888888888887
0 0.8935 0.6333333333333333 0.01375 0.013777777777777778
0 0.89575 0.5986666666666667 0.015 0.015111111111111112
0 0.91525 0.5555555555555556 0.012 0.015555555555555555
0 0.9635 0.6302222222222222 0.00875 0.017777777777777778
0 0.59 0.6266666666666667 0.013 0.014222222222222223
0 0.62575 0.6368888888888888 0.01325 0.016444444444444446
0 0.6475 0.6417777777777778 0.0165 0.02311111111111111
0 0.56275 0.5217777777777778 0.012 0.023555555555555555
0 0.60375 0.5684444444444444 0.0115 0.020444444444444446
0 0.57025 0.49466666666666664 0.00575 0.024888888888888887
0 0.55075 0.45911111111111114 0.00925 0.03688888888888889
0 0.53225 0.4448888888888889 0.0125 0.016444444444444446
0 0.5425 0.39644444444444443 0.00875 0.027555555555555555
0 0.601 0.408 0.01025 0.016444444444444446
0 0.6085 0.4497777777777778 0.008 0.02311111111111111
0 0.66125 0.5595555555555556 0.00875 0.025777777777777778
0 0.70475 0.5182222222222223 0.013 0.014666666666666666
0 0.704 0.5022222222222222 0.01375 0.013777777777777778
0 0.73 0.5275555555555556 0.01025 0.020444444444444446
0 0.79525 0.4928888888888889 0.00775 0.028888888888888888
0 0.843 0.4955555555555556 0.01375 0.015111111111111112
0 0.84075 0.42977777777777776 0.00875 0.028
0 0.899 0.416 0.01475 0.014666666666666666
0 0.90425 0.43377777777777776 0.00825 0.025777777777777778
0 0.9235 0.4262222222222222 0.0125 0.018666666666666668
0 0.9235 0.40355555555555556 0.00925 0.020888888888888887
0 0.9075 0.3888888888888889 0.01375 0.014222222222222223
0 0.87225 0.36933333333333335 0.00775 0.028888888888888888
0 0.891 0.332 0.01475 0.016888888888888887
0 0.9005 0.29777777777777775 0.01575 0.014666666666666666
0 0.9495 0.24844444444444444 0.011 0.01911111111111111
0 0.9855 0.21155555555555555 0.0125 0.01911111111111111
0 0.728 0.45466666666666666 0.015 0.013333333333333334
0 0.742 0.4111111111111111 0.008 0.030666666666666665
0 0.788 0.356 0.0115 0.024
0 0.808 0.3422222222222222 0.008 0.011111111111111112
0 0.82275 0.31022222222222223 0.00925 0.017777777777777778
0 0.86075 0.31377777777777777 0.01375 0.014666666666666666
0 0.70925 0.40444444444444444 0.012 0.022222222222222223
0 0.71525 0.4102222222222222 0.01075 0.017777777777777778
0 0.6675 0.404 0.01325 0.018222222222222223
0 0.51375 0.33066666666666666 0.008 0.020444444444444446
0 0.50725 0.332 0.00775 0.019555555555555555
0 0.5755 0.3204444444444444 0.00875 0.028
0 0.57025 0.30577777777777776 0.008 0.024888888888888887
0 0.65175 0.27644444444444444 0.01275 0.024444444444444446
0 0.70625 0.3257777777777778 0.014 0.015555555555555555
0 0.73525 0.3164444444444444 0.01075 0.016
0 0.51825 0.16266666666666665 0.01375 0.012888888888888889
0 0.53125 0.08844444444444445 0.0055 0.034666666666666665
0 0.53825 0.09688888888888889 0.0085 0.015555555555555555
0 0.565 0.10044444444444445 0.0115 0.016444444444444446
0 0.57525 0.09777777777777778 0.00775 0.022222222222222223
0 0.58675 0.11911111111111111 0.01075 0.020444444444444446
0 0.63 0.13466666666666666 0.0105 0.017777777777777778
0 0.6375 0.08933333333333333 0.00975 0.022222222222222223
0 0.612 0.07733333333333334 0.011 0.020444444444444446
0 0.5865 0.05333333333333334 0.00925 0.020444444444444446
0 0.59125 0.04488888888888889 0.0065 0.019555555555555555
0 0.601 0.05511111111111111 0.01425 0.010666666666666666
0 0.57575 0.020444444444444446 0.0145 0.016444444444444446
0 0.73175 0.24666666666666667 0.0075 0.016
0 0.73675 0.24355555555555555 0.0065 0.028888888888888888
0 0.765 0.23555555555555555 0.0105 0.02
0 0.8645 0.23333333333333334 0.013 0.014222222222222223
0 0.8685 0.21733333333333332 0.01425 0.014222222222222223
0 0.88275 0.21422222222222223 0.0075 0.013333333333333334
0 0.7265 0.19511111111111112 0.01 0.017333333333333333
0 0.73725 0.1942222222222222 0.01075 0.020888888888888887
0 0.70525 0.1302222222222222 0.01425 0.013777777777777778
0 0.642 0.04622222222222222 0.0105 0.018666666666666668
0 0.6395 0.028888888888888888 0.0075 0.018666666666666668
0 0.6445 0.019555555555555555 0.00725 0.02311111111111111
0 0.64975 0.021333333333333333 0.007 0.019555555555555555
0 0.658 0.004 0.016 0.008
0 0.6765 0.052444444444444446 0.00825 0.02666666666666667
0 0.7295 0.09733333333333333 0.008 0.024888888888888887
0 0.73 0.08 0.01725 0.016444444444444446
0 0.761 0.10977777777777778 0.015 0.020444444444444446
0 0.78075 0.08177777777777778 0.00925 0.027555555555555555
0 0.75425 0.04088888888888889 0.00825 0.027555555555555555
0 0.84825 0.10666666666666667 0.012 0.020444444444444446
0 0.8935 0.11466666666666667 0.016 0.018666666666666668
0 0.92725 0.05422222222222222 0.0075 0.029777777777777778
0 0.989 0.024888888888888887 0.0085 0.022222222222222223
0 0.883 0.06711111111111111 0.008 0.026222222222222223
0 0.89725 0.04755555555555555 0.01325 0.016444444444444446
0 0.909 0.037333333333333336 0.00925 0.022222222222222223
0 0.88625 0.03288888888888889 0.01125 0.012444444444444444
0 0.83175 0.021777777777777778 0.013 0.014222222222222223
0 0.83675 0.015555555555555555 0.00875 0.016444444444444446
0 0.9085 0.005333333333333333 0.01475 0.010666666666666666
0 0.72925 0.508 0.009 0.018666666666666668
0 0.42 0.9564444444444444 0.0085 0.017777777777777778
0 0.5825 0.8528888888888889 0.0085 0.024888888888888887