0 0.43475 0.7773333333333333 0.00875 0.013333333333333334
0 0.672 0.014666666666666666 0.01125 0.016444444444444446
0 0.828 0.10133333333333333 0.013 0.014222222222222223
0 0.2665 0.7155555555555555 0.013 0.014666666666666666
0 0.189 0.7413333333333333 0.01325 0.01911111111111111
0 0.52325 0.009333333333333334 0.01025 0.018666666666666668
0 0.752 0.09155555555555556 0.01325 0.015555555555555555
0 0.9135 0.008 0.01275 0.015555555555555555
0 0.832 0.24711111111111111 0.0115 0.014222222222222223
0 0.136 0.544 0.01125 0.017333333333333333
0 0.22025 0.12311111111111112 0.013 0.016444444444444446
0 0.24175 0.014666666666666666 0.01175 0.01911111111111111
0 0.59775 0.5506666666666666 0.01075 0.016444444444444446
0 0.02275 0.9497777777777778 0.01125 0.017333333333333333
0 0.722 0.21955555555555556 0.01375 0.02
0 0.11675 0.13777777777777778 0.0115 0.015555555555555555
0 0.199 0.8093333333333333 0.01075 0.016888888888888887
0 0.82675 0.05688888888888889 0.01075 0.02266666666666667
0 0.863 0.7831111111111111 0.0115 0.013333333333333334
0 0.354 0.6511111111111111 0.01025 0.017333333333333333
0 0.92725 0.27955555555555556 0.01 0.014666666666666666
0 0.32775 0.9506666666666667 0.01 0.012888888888888889
0 0.468 0.6937777777777778 0.0105 0.015555555555555555
0 0.08225 0.9764444444444444 0.0115 0.015111111111111112
0 0.35775 0.732 0.0145 0.018666666666666668
0 0.4755 0.8848888888888888 0.0155 0.013777777777777778
0 0.42375 0.07288888888888889 0.01075 0.018222222222222223
0 0.4815 0.6435555555555555 0.013 0.019555555555555555
0 0.41275 0.5142222222222222 0.013 0.018666666666666668
0 0.458 0.5746666666666667 0.0105 0.015111111111111112
0 0.48375 0.9924444444444445 0.0115 0.012444444444444444
0 0.19425 0.9506666666666667 0.0125 0.01911111111111111
0 0.99275 0.09066666666666667 0.011 0.020888888888888887
0 0.26075 0.01911111111111111 0.013 0.016888888888888887
0 0.3925 0.6595555555555556 0.01 0.014222222222222223
0 0.9105 0.09022222222222222 0.011 0.016888888888888887
0 0.27575 0.20755555555555555 0.00825 0.016444444444444446
0 0.18225 0.2906666666666667 0.01175 0.016
0 0.443 0.7071111111111111 0.009 0.017777777777777778
0 0.7595 0.21822222222222223 0.01425 0.016888888888888887
0 0.29975 0.76 0.00925 0.01911111111111111
0 0.0915 0.616 0.01425 0.018222222222222223
0 0.332 0.010222222222222223 0.0115 0.020444444444444446
0 0.76675 0.042222222222222223 0.01125 0.018222222222222223
0 0.4815 0.4288888888888889 0.00875 0.017777777777777778
0 0.576 0.736 0.01125 0.021777777777777778
0 0.8105 0.5835555555555556 0.00975 0.018222222222222223
0 0.7335 0.6035555555555555 0.0105 0.018222222222222223
0 0.722 0.13244444444444445 0.0075 0.017777777777777778
0 0.19125 0.14755555555555555 0.01225 0.014666666666666666
0 0.60475 0.392 0.01375 0.016888888888888887
0 0.55575 0.44177777777777777 0.009 0.021777777777777778
0 0.86575 0.2408888888888889 0.01075 0.015111111111111112
0 0.35525 0.4568888888888889 0.012 0.016444444444444446
0 0.3845 0.28355555555555556 0.01225 0.014222222222222223
0 0.417 0.43822222222222224 0.01575 0.015111111111111112
0 0.52675 0.4871111111111111 0.0105 0.016
0 0.69 0.017333333333333333 0.01 0.016888888888888887
0 0.6615 0.39644444444444443 0.01025 0.020444444444444446
0 0.51125 0.3333333333333333 0.01475 0.012444444444444444
0 0.43925 0.748 0.00875 0.015111111111111112
0 0.05725 0.8631111111111112 0.01225 0.016888888888888887
0 0.5315 0.6502222222222223 0.01375 0.017333333333333333
0 0.425 0.6146666666666667 0.01425 0.015111111111111112
0 0.60525 0.24755555555555556 0.01425 0.016888888888888887
0 0.41175 0.3048888888888889 0.01275 0.014222222222222223
0 0.89475 0.9115555555555556 0.015 0.015111111111111112
0 0.2825 0.9368888888888889 0.01 0.01911111111111111
0 0.9705 0.5155555555555555 0.01075 0.017333333333333333
0 0.42525 0.5288888888888889 0.01125 0.017777777777777778
0 0.263 0.6604444444444444 0.01475 0.015111111111111112
0 0.32625 0.31333333333333335 0.00975 0.015111111111111112
0 0.957 0.848 0.01425 0.016444444444444446
0 0.38225 0.6173333333333333 0.01175 0.015111111111111112
0 0.818 0.732 0.0165 0.016444444444444446
0 0.25675 0.18088888888888888 0.00975 0.017333333333333333
0 0.28075 0.14177777777777778 0.0135 0.018666666666666668
0 0.6 0.8804444444444445 0.01225 0.016
0 0.86625 0.5137777777777778 0.007 0.015555555555555555
0 0.63225 0.4271111111111111 0.01225 0.019555555555555555
0 0.83575 0.488 0.0125 0.016888888888888887
0 0.078 0.5262222222222223 0.01525 0.013333333333333334
0 0.4595 0.8315555555555556 0.008 0.030222222222222223
0 0.52525 0.8142222222222222 0.00825 0.02711111111111111
0 0.58825 0.2071111111111111 0.012 0.022222222222222223
0 0.00675 0.058666666666666666 0.0115 0.020444444444444446
0 0.75975 0.6435555555555555 0.01075 0.020888888888888887
0 0.24025 0.4902222222222222 0.015 0.015555555555555555
0 0.29825 0.3426666666666667 0.014 0.014666666666666666
0 0.44975 0.8484444444444444 0.01475 0.015111111111111112
0 0.866 0.6026666666666667 0.0125 0.016888888888888887
0 0.449 0.884 0.01575 0.012
0 0.3095 0.972 0.01625 0.013777777777777778
0 0.166 0.604 0.00975 0.016888888888888887
0 0.77225 0.5764444444444444 0.0135 0.016444444444444446
0 0.512 0.6168888888888889 0.00825 0.015555555555555555
0 0.3085 0.6182222222222222 0.01275 0.020888888888888887
0 0.48325 0.5177777777777778 0.011 0.01911111111111111
0 0.526 0.07866666666666666 0.00925 0.013777777777777778
0 0.28225 0.6466666666666666 0.01475 0.016
0 0.8665 0.9711111111111111 0.0155 0.017333333333333333
0 0.94875 0.8746666666666667 0.00825 0.018222222222222223
0 0.69125 0.6604444444444444 0.01475 0.014666666666666666
0 0.85975 0.108 0.0165 0.015111111111111112
0 0.42525 0.7573333333333333 0.01125 0.014666666666666666
0 0.9575 0.508 0.01525 0.014666666666666666
0 0.541 0.033777777777777775 0.00625 0.014666666666666666
0 0.3245 0.26266666666666666 0.01525 0.014666666666666666
0 0.04575 0.18222222222222223 0.009 0.01911111111111111
0 0.82325 0.9648888888888889 0.012 0.015111111111111112
0 0.24225 0.188 0.0145 0.014222222222222223
0 0.0195 0.12 0.0095 0.02666666666666667
0 0.66275 0.31244444444444447 0.011 0.015111111111111112
0 0.768 0.9422222222222222 0.017 0.016
0 0.928 0.8204444444444444 0.01275 0.015555555555555555
0 0.47175 0.43244444444444446 0.008 0.020888888888888887
0 0.821 0.356 0.00975 0.01911111111111111
0 0.55675 0.8177777777777778 0.016 0.014666666666666666
0 0.9935 0.1288888888888889 0.01225 0.016888888888888887
0 0.854 0.5746666666666667 0.01125 0.021333333333333333
0 0.8665 0.6484444444444445 0.013 0.012444444444444444
0 0.63025 0.6884444444444444 0.011 0.016444444444444446
0 0.42875 0.6755555555555556 0.01225 0.014666666666666666
0 0.39 0.444 0.00825 0.014666666666666666
0 0.71725 0.5342222222222223 0.012 0.013777777777777778
0 0.48775 0.20977777777777779 0.0135 0.021777777777777778
0 0.201 0.4786666666666667 0.01225 0.02666666666666667
0 0.16625 0.8826666666666667 0.00825 0.015555555555555555
0 0.72475 0.20177777777777778 0.01325 0.014666666666666666
0 0.8275 0.8262222222222222 0.0155 0.014666666666666666
0 0.40675 0.3164444444444444 0.01475 0.015111111111111112
0 0.455 0.34044444444444444 0.00925 0.013777777777777778
0 0.61825 0.6951111111111111 0.0135 0.014666666666666666
0 0.64975 0.16622222222222222 0.014 0.014666666666666666
0 0.30775 0.5817777777777777 0.009 0.020444444444444446
0 0.55975 0.5848888888888889 0.01725 0.013333333333333334
0 0.411 0.25066666666666665 0.01225 0.012444444444444444
0 0.109 0.9511111111111111 0.01175 0.016444444444444446
0 0.4615 0.9488888888888889 0.01325 0.013777777777777778
0 0.63325 0.8777777777777778 0.0145 0.015555555555555555
0 0.866 0.38266666666666665 0.011 0.016
0 0.98125 0.5751111111111111 0.008 0.017777777777777778
0 0.0615 0.9791111111111112 0.00875 0.01911111111111111
0 0.81725 0.9195555555555556 0.01325 0.02
0 0.90875 0.8368888888888889 0.0115 0.016444444444444446
0 0.90725 0.06888888888888889 0.00875 0.02266666666666667
0 0.7655 0.6608888888888889 0.01 0.014666666666666666
0 0.41525 0.18933333333333333 0.00825 0.02
0 0.40925 0.5382222222222223 0.01175 0.016888888888888887
0 0.36575 0.08488888888888889 0.01 0.019555555555555555
0 0.53275 0.2995555555555556 0.009 0.023555555555555555
0 0.1915 0.9066666666666666 0.00875 0.022222222222222223
0 0.37075 0.1751111111111111 0.0125 0.01911111111111111
0 0.3665 0.3937777777777778 0.01 0.016
0 0.2025 0.050666666666666665 0.01475 0.014666666666666666
0 0.0795 0.9528888888888889 0.015 0.015111111111111112
0 0.0855 0.8044444444444444 0.0085 0.015555555555555555
0 0.247 0.9693333333333334 0.0145 0.016444444444444446
0 0.6005 0.11555555555555555 0.0095 0.021333333333333333
0 0.44125 0.5244444444444445 0.01125 0.021333333333333333
0 0.07775 0.6475555555555556 0.01275 0.013777777777777778
0 0.703 0.3342222222222222 0.0105 0.017777777777777778
0 0.35075 0.9248888888888889 0.0115 0.014666666666666666
0 0.69175 0.208 0.01575 0.014666666666666666
0 0.8335 0.7688888888888888 0.00875 0.013333333333333334
0 0.1065 0.7457777777777778 0.0075 0.01911111111111111
0 0.15875 0.04844444444444444 0.01225 0.013333333333333334
0 0.354 0.43955555555555553 0.0105 0.02
0 0.8235 0.3075555555555556 0.01225 0.014666666666666666
0 0.6205 0.19777777777777777 0.0135 0.01911111111111111
0 0.7415 0.9533333333333334 0.013 0.018666666666666668
0 0.87525 0.06266666666666666 0.01575 0.014222222222222223
0 0.738 0.19333333333333333 0.01475 0.014222222222222223
0 0.88975 0.7457777777777778 0.01325 0.015111111111111112
0 0.54 0.4408888888888889 0.011 0.013333333333333334
0 0.04675 0.5155555555555555 0.01175 0.016888888888888887
0 0.99 0.43644444444444447 0.0145 0.01911111111111111
0 0.8805 0.7386666666666667 0.0125 0.014666666666666666
0 0.994 0.34044444444444444 0.01175 0.015555555555555555
0 0.7445 0.4826666666666667 0.00875 0.013777777777777778
0 0.4165 0.8364444444444444 0.012 0.018222222222222223
0 0.85275 0.33511111111111114 0.0115 0.015111111111111112
0 0.6575 0.6586666666666666 0.012 0.02
0 0.303 0.8137777777777778 0.01675 0.021777777777777778
0 0.1625 0.6173333333333333 0.0115 0.015111111111111112
0 0.9395 0.132 0.0095 0.021777777777777778
0 0.12475 0.06088888888888889 0.01175 0.016
0 0.19375 0.5417777777777778 0.0165 0.012444444444444444
0 0.8635 0.8777777777777778 0.00975 0.016888888888888887
0 0.8355 0.12533333333333332 0.01225 0.017777777777777778
0 0.4105 0.468 0.0145 0.015111111111111112
0 0.09825 0.428 0.015 0.018666666666666668
0 0.25125 0.8364444444444444 0.01275 0.017333333333333333
0 0.03 0.6715555555555556 0.014 0.016
0 0.306 0.52 0.01125 0.02
0 0.5415 0.704 0.011 0.016444444444444446
0 0.45725 0.5577777777777778 0.00925 0.021333333333333333
0 0.9045 0.39155555555555555 0.0095 0.016444444444444446
0 0.64825 0.6324444444444445 0.01225 0.01911111111111111
0 0.61 0.5991111111111111 0.01525 0.016444444444444446
0 0.18775 0.6422222222222222 0.01425 0.016
0 0.6265 0.2995555555555556 0.00825 0.019555555555555555
0 0.1515 0.7097777777777777 0.009 0.020444444444444446
0 0.94975 0.7844444444444445 0.01 0.020888888888888887
0 0.195 0.9235555555555556 0.01075 0.017333333333333333
0 0.13575 0.23555555555555555 0.011 0.017777777777777778
0 0.39675 0.704 0.00975 0.013777777777777778
0 0.08275 0.11377777777777778 0.0125 0.028444444444444446
0 0.72875 0.4484444444444444 0.01525 0.02666666666666667
0 0.1045 0.2813333333333333 0.01125 0.014222222222222223
0 0.79175 0.5715555555555556 0.01475 0.015555555555555555
0 0.75525 0.372 0.01325 0.014222222222222223
0 0.69225 0.944 0.01175 0.019555555555555555
0 0.82375 0.6275555555555555 0.0125 0.015555555555555555
0 0.17125 0.44177777777777777 0.0115 0.015555555555555555
0 0.06175 0.41244444444444445 0.00925 0.018222222222222223
0 0.691 0.9168888888888889 0.013 0.014666666666666666
0 0.79375 0.2831111111111111 0.01825 0.013333333333333334
0 0.8345 0.9053333333333333 0.0085 0.016
0 0.08725 0.184 0.011 0.013777777777777778
0 0.46875 0.11955555555555555 0.00975 0.021333333333333333
0 0.5325 0.6128888888888889 0.008 0.022222222222222223
0 0.591 0.7235555555555555 0.016 0.017333333333333333
0 0.74675 0.5017777777777778 0.0085 0.022222222222222223
0 0.91075 0.6946666666666667 0.0095 0.015555555555555555
0 0.52575 0.9204444444444444 0.00925 0.014666666666666666
0 0.034 0.336 0.0105 0.015555555555555555
0 0.23275 0.9871111111111112 0.01275 0.016
0 0.2345 0.844 0.009 0.03288888888888889
0 0.8935 0.9706666666666667 0.01225 0.013777777777777778
0 0.616 0.9711111111111111 0.01125 0.022222222222222223
0 0.61175 0.46844444444444444 0.01525 0.016
0 0.7475 0.9426666666666667 0.0095 0.019555555555555555
0 0.08225 0.4533333333333333 0.01025 0.013333333333333334
0 0.6515 0.38222222222222224 0.00625 0.016888888888888887
0 0.53525 0.8533333333333334 0.007 0.018666666666666668
0 0.93625 0.5991111111111111 0.00725 0.027555555555555555
0 0.1475 0.18 0.01025 0.012888888888888889
0 0.087 0.32266666666666666 0.0085 0.01911111111111111
0 0.71025 0.4022222222222222 0.0105 0.028888888888888888
0 0.74825 0.014666666666666666 0.0075 0.029333333333333333
0 0.263 0.9711111111111111 0.00825 0.025333333333333333
0 0.56075 0.005333333333333333 0.006 0.010666666666666666
0 0.2765 0.06311111111111112 0.014 0.014666666666666666
0 0.89775 0.8626666666666667 0.0145 0.018666666666666668
0 0.13225 0.6088888888888889 0.012 0.013777777777777778
0 0.54925 0.5155555555555555 0.00775 0.027555555555555555
0 0.88325 0.9688888888888889 0.01325 0.012888888888888889
0 0.35375 0.3151111111111111 0.01175 0.01911111111111111
0 0.30175 0.5275555555555556 0.0135 0.011111111111111112
0 0.35125 0.148 0.011 0.012888888888888889
0 0.98425 0.31866666666666665 0.00925 0.028444444444444446
0 0.8795 0.86 0.0165 0.018666666666666668
0 0.94225 0.6457777777777778 0.00625 0.020888888888888887
0 0.324 0.45555555555555555 0.01 0.015555555555555555
0 0.7505 0.6573333333333333 0.01225 0.015555555555555555
0 0.51275 0.6284444444444445 0.00725 0.013777777777777778
0 0.6255 0.9515555555555556 0.01675 0.013333333333333334
0 0.0565 0.6933333333333334 0.009 0.01911111111111111
0 0.307 0.7457777777777778 0.01175 0.014666666666666666
0 0.972 0.10222222222222223 0.01375 0.016
0 0.93925 0.9946666666666667 0.00925 0.010666666666666666
0 0.68925 0.9653333333333334 0.008 0.016888888888888887
0 0.35075 0.5506666666666666 0.008 0.016444444444444446
0 0.207 0.824 0.0115 0.018222222222222223
0 0.672 0.6413333333333333 0.0075 0.016444444444444446
0 0.8645 0.9515555555555556 0.01675 0.018222222222222223
0 0.39125 0.4288888888888889 0.01075 0.019555555555555555
0 0.53975 0.5968888888888889 0.0155 0.012888888888888889
0 0.93725 0.808 0.01225 0.014222222222222223
0 0.96075 0.007555555555555556 0.0075 0.015111111111111112
0 0.1615 0.39555555555555555 0.0065 0.024
0 0.69 0.32755555555555554 0.01075 0.020444444444444446
0 0.70125 0.7786666666666666 0.0135 0.015111111111111112
0 0.58975 0.5995555555555555 0.01375 0.018222222222222223
0 0.81875 0.5737777777777778 0.01625 0.012888888888888889
0 0.16425 0.09911111111111111 0.01175 0.015111111111111112
0 0.09225 0.792 0.00725 0.020444444444444446
0 0.94925 0.6857777777777778 0.01325 0.019555555555555555
0 0.65 0.22444444444444445 0.00875 0.016888888888888887
0 0.0595 0.5848888888888889 0.01025 0.02311111111111111
0 0.8495 0.7337777777777778 0.01375 0.020888888888888887
0 0.31925 0.06977777777777777 0.0095 0.026222222222222223
0 0.56275 0.8813333333333333 0.007 0.017777777777777778
0 0.22 0.24 0.01775 0.012888888888888889
0 0.8705 0.09466666666666666 0.01 0.020444444444444446
0 0.121 0.25733333333333336 0.01075 0.014222222222222223
0 0.21475 0.044444444444444446 0.015 0.009777777777777778
0 0.602 0.824 0.01025 0.016444444444444446
0 0.059 0.9017777777777778 0.015 0.012888888888888889
0 0.0875 0.34044444444444444 0.015 0.013333333333333334
0 0.469 0.052444444444444446 0.00675 0.019555555555555555
0 0.12325 0.08755555555555555 0.011 0.019555555555555555
0 0.932 0.8791111111111111 0.009 0.023555555555555555
0 0.28 0.8568888888888889 0.00925 0.028888888888888888
0 0.101 0.45155555555555554 0.0085 0.013777777777777778
0 0.1045 0.4613333333333333 0.0125 0.013777777777777778
0 0.32425 0.18666666666666668 0.00925 0.024444444444444446
0 0.6345 0.21466666666666667 0.00825 0.014222222222222223
0 0.33525 0.15688888888888888 0.01275 0.019555555555555555
0 0.39275 0.11022222222222222 0.00925 0.024444444444444446
0 0.35075 0.7955555555555556 0.007 0.017777777777777778
0 0.65925 0.7306666666666667 0.00875 0.016888888888888887
0 0.83475 0.9426666666666667 0.00825 0.016444444444444446
0 0.80025 0.528 0.009 0.012
0 0.0435 0.8906666666666667 0.0135 0.010666666666666666
0 0.9955 0.7733333333333333 0.00875 0.015111111111111112
0 0.176 0.8497777777777777 0.0075 0.012
0 0.87475 0.7031111111111111 0.01025 0.013777777777777778
0 0.6395 0.2813333333333333 0.0125 0.02311111111111111
0 0.66725 0.8702222222222222 0.00875 0.030222222222222223
0 0.8175 0.3253333333333333 0.0125 0.012888888888888889
0 0.136 0.9377777777777778 0.01225 0.014222222222222223
0 0.5675 0.3502222222222222 0.00725 0.019555555555555555
0 0.1185 0.208 0.01775 0.015111111111111112
0 0.19675 0.7173333333333334 0.011 0.014222222222222223
0 0.80425 0.8675555555555555 0.01325 0.014222222222222223
0 0.98675 0.6453333333333333 0.00875 0.020444444444444446
0 0.34875 0.04088888888888889 0.006 0.011555555555555555
0 0.66975 0.732 0.00975 0.021777777777777778
0 0.203 0.2408888888888889 0.01075 0.028
0 0.25175 0.17822222222222223 0.00675 0.015111111111111112
0 0.39125 0.05422222222222222 0.01025 0.020444444444444446
0 0.51125 0.18044444444444444 0.00725 0.015555555555555555
0 0.59675 0.8355555555555556 0.0185 0.010666666666666666
0 0.73425 0.8004444444444444 0.0125 0.02311111111111111
0 0.048 0.07555555555555556 0.00725 0.017333333333333333
0 0.34625 0.3368888888888889 0.00625 0.020444444444444446
0 0.64575 0.23377777777777778 0.0115 0.018666666666666668
0 0.16525 0.2768888888888889 0.0125 0.016888888888888887
0 0.62125 0.3164444444444444 0.012 0.013777777777777778
0 0.2195 0.9853333333333333 0.013 0.013333333333333334
0 0.32575 0.4448888888888889 0.00875 0.012
0 0.21975 0.5253333333333333 0.00975 0.028888888888888888
0 0.3325 0.09644444444444444 0.01125 0.025333333333333333
0 0.36425 0.2751111111111111 0.01175 0.030666666666666665
0 0.14425 0.23022222222222222 0.013 0.024
0 0.12175 0.8146666666666667 0.008 0.030666666666666665
0 0.165 0.6662222222222223 0.00675 0.014222222222222223
0 0.062 0.3231111111111111 0.0125 0.012888888888888889
0 0.86025 0.6542222222222223 0.01125 0.03111111111111111
0 0.66325 0.1711111111111111 0.00925 0.01911111111111111
0 0.06375 0.7675555555555555 0.01275 0.019555555555555555
0 0.2815 0.11066666666666666 0.00875 0.024888888888888887
0 0.51375 0.2808888888888889 0.0085 0.010666666666666666
0 0.54125 0.02 0.00625 0.010222222222222223
0 0.993 0.16533333333333333 0.014 0.016
0 0.2425 0.8324444444444444 0.00825 0.02311111111111111
0 0.1395 0.2862222222222222 0.0075 0.028
0 0.108 0.31022222222222223 0.017 0.007555555555555556
0 0.8105 0.5302222222222223 0.0125 0.02311111111111111
0 0.287 0.38755555555555554 0.007 0.028444444444444446
0 0.53225 0.7035555555555556 0.0065 0.016444444444444446
0 0.29175 0.09466666666666666 0.00825 0.023555555555555555
0 0.1215 0.2866666666666667 0.01025 0.014666666666666666
0 0.96075 0.09244444444444444 0.01075 0.016888888888888887
0 0.07525 0.9364444444444444 0.008 0.01911111111111111
0 0.60925 0.40755555555555556 0.00925 0.018666666666666668
0 0.36975 0.7182222222222222 0.01225 0.012444444444444444
0 0.11825 0.432 0.00575 0.02666666666666667
0 0.31675 0.45155555555555554 0.00675 0.009333333333333334
0 0.73925 0.4617777777777778 0.00925 0.030666666666666665
0 0.746 0.6675555555555556 0.012 0.011111111111111112
0 0.00275 0.9128888888888889 0.0055 0.009777777777777778
0 0.892 0.9546666666666667 0.00775 0.019555555555555555
0 0.64375 0.18933333333333333 0.00725 0.017777777777777778
0 0.91875 0.716 0.00575 0.024888888888888887
0 0.96625 0.3 0.009 0.024888888888888887
0 0.8255 0.7084444444444444 0.008 0.020888888888888887
0 0.35775 0.6706666666666666 0.00675 0.017333333333333333
0 0.65775 0.6373333333333333 0.008 0.018666666666666668
0 0.44825 0.7382222222222222 0.01025 0.029777777777777778
0 0.622 0.5942222222222222 0.00975 0.024
0 0.41 0.9724444444444444 0.0085 0.012
0 0.49025 0.6257777777777778 0.00675 0.017777777777777778
0 0.56175 0.8711111111111111 0.0075 0.011555555555555555
0 0.9945 0.6315555555555555 0.01075 0.018666666666666668
0 0.54725 0.3973333333333333 0.00675 0.032
0 0.33775 0.4528888888888889 0.0075 0.013333333333333334
0 0.85125 0.30933333333333335 0.00825 0.022222222222222223
0 0.83925 0.7737777777777778 0.0105 0.020444444444444446
0 0.52025 0.37644444444444447 0.0105 0.024
0 0.6595 0.7502222222222222 0.00675 0.017333333333333333
0 0.023 0.01911111111111111 0.00925 0.028444444444444446
0 0.11325 0.08577777777777777 0.006 0.03244444444444444
0 0.119 0.08977777777777778 0.007 0.033777777777777775
0 0.059 0.2137777777777778 0.0105 0.036
0 0.16225 0.06488888888888888 0.0095 0.022222222222222223
0 0.14475 0.29644444444444445 0.00525 0.02711111111111111
0 0.0325 0.464 0.006 0.02666666666666667
0 0.03775 0.5168888888888888 0.0065 0.03111111111111111
0 0.08575 0.5 0.00725 0.028
0 0.0455 0.6644444444444444 0.00825 0.024
0 0.2295 0.6648888888888889 0.009 0.030666666666666665
0 0.33275 0.7364444444444445 0.00675 0.02666666666666667
0 0.479 0.8635555555555555 0.008 0.030222222222222223
0 0.41225 0.19111111111111112 0.006 0.030222222222222223
0 0.5515 0.1368888888888889 0.00725 0.03155555555555556
0 0.66975 0.17777777777777778 0.0065 0.011555555555555555
0 0.63475 0.23377777777777778 0.0075 0.021777777777777778
0 0.6875 0.7933333333333333 0.00775 0.029333333333333333
0 0.73925 0.9404444444444444 0.0065 0.02266666666666667
0 0.80675 0.532 0.0055 0.021333333333333333
0 0.7725 0.29777777777777775 0.01325 0.013333333333333334
0 0.78 0.30533333333333335 0.01075 0.010222222222222223
0 0.74475 0.32844444444444443 0.00625 0.02
0 0.8515 0.05511111111111111 0.00525 0.028888888888888888
0 0.91675 0.152 0.01075 0.024
0 0.925 0.17466666666666666 0.01525 0.013333333333333334
0 0.93375 0.28844444444444445 0.0085 0.020888888888888887
0 0.997 0.6426666666666667 0.00525 0.024888888888888887
0 0.997 0.9151111111111111 0.006 0.028
0 0.0385 0.8444444444444444 0.011 0.021777777777777778
0 0.04375 0.7031111111111111 0.0085 0.021777777777777778
0 0.96225 0.704 0.0115 0.025333333333333333
0 0.746 0.78 0.01075 0.021777777777777778
0 0.6685 0.7631111111111111 0.0055 0.024
0 0.61075 0.4444444444444444 0.00925 0.025333333333333333