0 0.01325 0.1 0.01425 0.022222222222222223
0 0.0325 0.09155555555555556 0.0085 0.03155555555555556
0 0.06 0.10577777777777778 0.00575 0.018222222222222223
0 0.06725 0.09866666666666667 0.0085 0.022222222222222223
0 0.1115 0.06755555555555555 0.01475 0.016
0 0.11575 0.05333333333333334 0.01025 0.020888888888888887
0 0.15175 0.05422222222222222 0.01325 0.02666666666666667
0 0.12475 0.164 0.01075 0.022222222222222223
0 0.09275 0.20844444444444443 0.01375 0.026222222222222223
0 0.0675 0.17733333333333334 0.007 0.025777777777777778
0 0.03975 0.17733333333333334 0.0125 0.015111111111111112
0 0.02275 0.18266666666666667 0.01625 0.016888888888888887
0 0.044 0.23244444444444445 0.01225 0.019555555555555555
0 0.08025 0.24444444444444444 0.00875 0.024
0 0.06125 0.31333333333333335 0.009 0.03155555555555556
0 0.06075 0.34355555555555556 0.0155 0.024
0 0.02225 0.32711111111111113 0.01075 0.018666666666666668
0 0.166 0.15911111111111112 0.00875 0.02666666666666667
0 0.196 0.2564444444444444 0.01025 0.022222222222222223
0 0.21 0.18844444444444444 0.008 0.025777777777777778
0 0.22 0.17644444444444443 0.01225 0.029333333333333333
0 0.24125 0.12622222222222224 0.01625 0.016888888888888887
0 0.25575 0.168 0.0065 0.025777777777777778
0 0.20675 0.058666666666666666 0.01275 0.023555555555555555
0 0.256 0.04044444444444444 0.01025 0.028444444444444446
0 0.223 0.03333333333333333 0.0105 0.020888888888888887
0 0.22775 0.26311111111111113 0.01375 0.020888888888888887
0 0.1805 0.2986666666666667 0.00875 0.03111111111111111
0 0.1675 0.30577777777777776 0.012 0.021777777777777778
0 0.1235 0.31377777777777777 0.006 0.02311111111111111
0 0.1535 0.3844444444444444 0.00925 0.03155555555555556
0 0.08125 0.3942222222222222 0.00725 0.02311111111111111
0 0.0595 0.42088888888888887 0.00825 0.025777777777777778
0 0.0365 0.44044444444444447 0.00925 0.03155555555555556
0 0.0065 0.48 0.013 0.01911111111111111
0 0.04125 0.5808888888888889 0.00875 0.03777777777777778
0 0.1095 0.596 0.0085 0.029333333333333333
0 0.111 0.5684444444444444 0.01575 0.017777777777777778
0 0.09 0.624 0.00825 0.01911111111111111
0 0.09575 0.6133333333333333 0.01175 0.016
0 0.075 0.6088888888888889 0.008 0.036
0 0.024 0.6177777777777778 0.00925 0.028444444444444446
0 0.0335 0.6115555555555555 0.01375 0.016888888888888887
0 0.04725 0.6342222222222222 0.012 0.016888888888888887
0 0.0285 0.6404444444444445 0.0135 0.016
0 0.00275 0.62 0.0055 0.016888888888888887
0 0.00475 0.6893333333333334 0.00925 0.03288888888888889
0 0.01525 0.7155555555555555 0.01425 0.019555555555555555
0 0.0305 0.7048888888888889 0.013 0.026222222222222223
0 0.01375 0.7422222222222222 0.012 0.016444444444444446
0 0.01975 0.7315555555555555 0.0065 0.011555555555555555
0 0.0295 0.7297777777777777 0.01225 0.020444444444444446
0 0.0585 0.6817777777777778 0.01425 0.024
0 0.0515 0.7591111111111111 0.0125 0.016444444444444446
0 0.0605 0.8084444444444444 0.01025 0.028444444444444446
0 0.0605 0.7844444444444445 0.01175 0.022222222222222223
0 0.01075 0.8315555555555556 0.01275 0.02711111111111111
0 0.0045 0.892 0.009 0.017777777777777778
0 0.016 0.9071111111111111 0.01225 0.013333333333333334
0 0.08925 0.8373333333333334 0.01525 0.023555555555555555
0 0.129 0.7546666666666667 0.00875 0.021333333333333333
0 0.0025 0.9626666666666667 0.005 0.016888888888888887
0 0.0105 0.9542222222222222 0.015 0.013777777777777778
0 0.0475 0.9368888888888889 0.01075 0.021777777777777778
0 0.04425 0.9964444444444445 0.0085 0.0071111111111111115
0 0.00175 0.9964444444444445 0.00325 0.0071111111111111115
0 0.11975 0.9457777777777778 0.012 0.022222222222222223
0 0.108 0.9826666666666667 0.01475 0.018222222222222223
0 0.11725 0.9906666666666667 0.00925 0.018222222222222223
0 0.1525 0.9888888888888889 0.007 0.022222222222222223
0 0.1675 0.9657777777777777 0.013 0.022222222222222223
0 0.1745 0.9608888888888889 0.0075 0.025333333333333333
0 0.1705 0.9191111111111111 0.00725 0.023555555555555555
0 0.1755 0.9382222222222222 0.0075 0.024444444444444446
0 0.1935 0.9751111111111112 0.0085 0.021777777777777778
0 0.2025 0.8768888888888889 0.0075 0.023555555555555555
0 0.16575 0.86 0.0175 0.024444444444444446
0 0.235 0.9373333333333334 0.01025 0.028
0 0.23425 0.9115555555555556 0.0095 0.018222222222222223
0 0.247 0.9373333333333334 0.009 0.025333333333333333
0 0.235 0.9746666666666667 0.00925 0.023555555555555555
0 0.2665 0.9924444444444445 0.0145 0.013333333333333334
0 0.24725 0.82 0.00725 0.021777777777777778
0 0.23875 0.7982222222222223 0.00925 0.026222222222222223
0 0.1705 0.7191111111111111 0.01525 0.022222222222222223
0 0.18975 0.7017777777777777 0.0085 0.028888888888888888
0 0.205 0.6537777777777778 0.01825 0.019555555555555555
0 0.2115 0.6368888888888888 0.00675 0.03333333333333333
0 0.228 0.6844444444444444 0.01375 0.011555555555555555
0 0.2615 0.6906666666666667 0.01275 0.01911111111111111
0 0.2615 0.6768888888888889 0.0105 0.022222222222222223
0 0.2675 0.7253333333333334 0.01225 0.012888888888888889
0 0.26825 0.7137777777777777 0.013 0.018222222222222223
0 0.28125 0.7177777777777777 0.015 0.016444444444444446
0 0.29025 0.7124444444444444 0.00925 0.019555555555555555
0 0.29225 0.7475555555555555 0.01 0.024
0 0.2575 0.7688888888888888 0.01225 0.030666666666666665
0 0.30425 0.6195555555555555 0.01275 0.022222222222222223
0 0.234 0.5195555555555555 0.0075 0.029777777777777778
0 0.2195 0.5137777777777778 0.00675 0.025333333333333333
0 0.1955 0.4822222222222222 0.00925 0.02711111111111111
0 0.19375 0.5715555555555556 0.01375 0.018222222222222223
0 0.20175 0.43066666666666664 0.013 0.016
0 0.204 0.39644444444444443 0.01425 0.030666666666666665
0 0.175 0.39911111111111114 0.01475 0.010666666666666666
0 0.20925 0.3662222222222222 0.01075 0.020444444444444446
0 0.22725 0.392 0.013 0.018222222222222223
0 0.20375 0.3288888888888889 0.0115 0.015555555555555555
0 0.213 0.328 0.009 0.034666666666666665
0 0.19575 0.31955555555555554 0.01075 0.016444444444444446
0 0.33175 0.0044444444444444444 0.0155 0.008888888888888889
0 0.31975 0.16133333333333333 0.0085 0.024444444444444446
0 0.32775 0.26311111111111113 0.0135 0.017777777777777778
0 0.3205 0.23466666666666666 0.0075 0.02311111111111111
0 0.29525 0.3942222222222222 0.01325 0.018666666666666668
0 0.30825 0.3968888888888889 0.01225 0.02666666666666667
0 0.346 0.3844444444444444 0.00925 0.03422222222222222
0 0.39475 0.3982222222222222 0.009 0.024
0 0.31925 0.4582222222222222 0.013 0.018222222222222223
0 0.31525 0.44533333333333336 0.01225 0.010222222222222223
0 0.31225 0.4915555555555556 0.016 0.024444444444444446
0 0.2985 0.5111111111111111 0.015 0.020444444444444446
0 0.3335 0.5235555555555556 0.008 0.015555555555555555
0 0.34175 0.5288888888888889 0.0115 0.015555555555555555
0 0.34125 0.5013333333333333 0.0135 0.019555555555555555
0 0.35175 0.4648888888888889 0.0125 0.02711111111111111
0 0.35825 0.48488888888888887 0.01475 0.018666666666666668
0 0.3745 0.5177777777777778 0.015 0.021333333333333333
0 0.38575 0.524 0.00825 0.025777777777777778
0 0.315 0.5546666666666666 0.01025 0.025777777777777778
0 0.3595 0.608 0.01275 0.024444444444444446
0 0.3705 0.6373333333333333 0.01025 0.022222222222222223
0 0.3835 0.6373333333333333 0.013 0.016888888888888887
0 0.37 0.684 0.0145 0.012888888888888889
0 0.3565 0.7097777777777777 0.01 0.022222222222222223
0 0.36 0.712 0.00925 0.016888888888888887
0 0.3675 0.7462222222222222 0.01375 0.020888888888888887
0 0.387 0.7524444444444445 0.0135 0.016444444444444446
0 0.40325 0.6986666666666667 0.0155 0.029777777777777778
0 0.39 0.7848888888888889 0.01525 0.018222222222222223
0 0.367 0.8048888888888889 0.01275 0.019555555555555555
0 0.32175 0.8253333333333334 0.0155 0.01911111111111111
0 0.374 0.852 0.01525 0.016888888888888887
0 0.35575 0.8684444444444445 0.0125 0.019555555555555555
0 0.3025 0.9115555555555556 0.00975 0.024444444444444446
0 0.32 0.9137777777777778 0.00725 0.028
0 0.32325 0.9862222222222222 0.00825 0.02711111111111111
0 0.3515 0.9973333333333333 0.009 0.005333333333333333
0 0.356 0.9893333333333333 0.01075 0.018666666666666668
0 0.35375 0.9764444444444444 0.0145 0.012444444444444444
0 0.3725 0.9808888888888889 0.0115 0.013777777777777778
0 0.3585 0.9977777777777778 0.007 0.004
0 0.41925 0.96 0.01825 0.015555555555555555
0 0.43075 0.9431111111111111 0.01425 0.017777777777777778
0 0.43875 0.9524444444444444 0.007 0.03111111111111111
0 0.44 0.9288888888888889 0.00875 0.023555555555555555
0 0.4055 0.8871111111111111 0.01575 0.019555555555555555
0 0.40875 0.8417777777777777 0.01275 0.01911111111111111
0 0.43275 0.816 0.01175 0.018666666666666668
0 0.43225 0.8493333333333334 0.00675 0.029777777777777778
0 0.437 0.84 0.01125 0.017777777777777778
0 0.484 0.8915555555555555 0.00725 0.03244444444444444
0 0.46425 0.9337777777777778 0.01575 0.03244444444444444
0 0.529 0.9835555555555555 0.0145 0.028
0 0.515 0.9453333333333334 0.0135 0.017777777777777778
0 0.50575 0.9204444444444444 0.01175 0.018222222222222223
0 0.4965 0.8991111111111111 0.00675 0.028888888888888888
0 0.50725 0.9084444444444445 0.01325 0.015111111111111112
0 0.5025 0.8795555555555555 0.00575 0.025333333333333333
0 0.50925 0.8635555555555555 0.0085 0.023555555555555555
0 0.51825 0.8835555555555555 0.00975 0.023555555555555555
0 0.52375 0.8342222222222222 0.01 0.015555555555555555
0 0.52975 0.8266666666666667 0.007 0.03422222222222222
0 0.48525 0.84 0.01475 0.017777777777777778
0 0.503 0.7684444444444445 0.01025 0.016
0 0.47525 0.7902222222222223 0.00825 0.02666666666666667
0 0.451 0.74 0.00975 0.022222222222222223
0 0.51725 0.7048888888888889 0.013 0.016444444444444446
0 0.49075 0.7568888888888889 0.01175 0.012888888888888889
0 0.556 0.7804444444444445 0.01625 0.017777777777777778
0 0.56325 0.7724444444444445 0.0095 0.021777777777777778
0 0.561 0.9093333333333333 0.00925 0.03111111111111111
0 0.54325 0.9697777777777777 0.01325 0.021777777777777778
0 0.581 0.9537777777777777 0.0145 0.016444444444444446
0 0.5 0.5875555555555556 0.01575 0.021777777777777778
0 0.43825 0.608 0.009 0.02666666666666667
0 0.52075 0.6084444444444445 0.0115 0.022222222222222223
0 0.52275 0.5026666666666667 0.01025 0.024444444444444446
0 0.4815 0.48088888888888887 0.0125 0.025333333333333333
0 0.43675 0.4368888888888889 0.016 0.01911111111111111
0 0.4535 0.38177777777777777 0.01075 0.02711111111111111
0 0.501 0.4 0.0105 0.024444444444444446
0 0.4875 0.4146666666666667 0.01525 0.01911111111111111
0 0.475 0.4182222222222222 0.00825 0.025777777777777778
0 0.5515 0.35155555555555557 0.01575 0.01911111111111111
0 0.43175 0.2511111111111111 0.0175 0.024444444444444446
0 0.433 0.22577777777777777 0.01325 0.025777777777777778
0 0.44075 0.22977777777777778 0.00825 0.02311111111111111
0 0.4075 0.17155555555555554 0.0095 0.024
0 0.39525 0.2351111111111111 0.01375 0.02711111111111111
0 0.41125 0.13333333333333333 0.00975 0.028
0 0.38575 0.09333333333333334 0.00825 0.029333333333333333
0 0.453 0.13777777777777778 0.0145 0.02666666666666667
0 0.50575 0.112 0.0105 0.021333333333333333
0 0.49525 0.15466666666666667 0.01425 0.025777777777777778
0 0.5555 0.16044444444444445 0.017 0.018222222222222223
0 0.5585 0.11244444444444444 0.0145 0.025333333333333333
0 0.58225 0.176 0.016 0.018666666666666668
0 0.557 0.21733333333333332 0.01525 0.021333333333333333
0 0.545 0.24888888888888888 0.01275 0.020888888888888887
0 0.51575 0.06755555555555555 0.01125 0.029777777777777778
0 0.46375 0.06622222222222222 0.0155 0.016888888888888887
0 0.46525 0.021777777777777778 0.0095 0.025777777777777778
0 0.50725 0.016444444444444446 0.00725 0.03288888888888889
0 0.5315 0.006222222222222222 0.017 0.012
0 0.543 0.037333333333333336 0.0085 0.033777777777777775
0 0.55 0.030666666666666665 0.0095 0.019555555555555555
0 0.2595 0.884 0.01325 0.018666666666666668
0 0.58775 0.7791111111111111 0.009 0.02311111111111111
0 0.5945 0.7884444444444444 0.01075 0.020888888888888887
0 0.60675 0.7782222222222223 0.0145 0.013333333333333334
0 0.57 0.8488888888888889 0.00625 0.02311111111111111
0 0.61 0.8608888888888889 0.0175 0.016888888888888887
0 0.6115 0.848 0.01875 0.015111111111111112
0 0.6315 0.8813333333333333 0.01175 0.02311111111111111
0 0.63925 0.856 0.013 0.023555555555555555
0 0.66225 0.9031111111111111 0.01775 0.01911111111111111
0 0.65225 0.9844444444444445 0.00925 0.03111111111111111
0 0.71 0.9004444444444445 0.01275 0.024
0 0.69575 0.932 0.01575 0.019555555555555555
0 0.702 0.8786666666666667 0.01275 0.015555555555555555
0 0.6845 0.8706666666666667 0.0095 0.023555555555555555
0 0.675 0.8595555555555555 0.0095 0.022222222222222223
0 0.6505 0.7604444444444445 0.01275 0.015555555555555555
0 0.63875 0.7017777777777777 0.01375 0.018222222222222223
0 0.6105 0.6906666666666667 0.0105 0.024
0 0.6005 0.7328888888888889 0.01675 0.020444444444444446
0 0.60475 0.6462222222222223 0.0055 0.022222222222222223
0 0.68175 0.7022222222222222 0.0105 0.028444444444444446
0 0.7 0.7191111111111111 0.00925 0.029777777777777778
0 0.75875 0.7888888888888889 0.01075 0.028
0 0.75775 0.8768888888888889 0.012 0.029333333333333333
0 0.80075 0.888 0.013 0.02311111111111111
0 0.80425 0.8311111111111111 0.00975 0.026222222222222223
0 0.82225 0.8133333333333334 0.01075 0.029777777777777778
0 0.83325 0.8444444444444444 0.01175 0.024444444444444446
0 0.574 0.4737777777777778 0.0105 0.037333333333333336
0 0.59075 0.5253333333333333 0.01025 0.02711111111111111
0 0.5805 0.5386666666666666 0.01575 0.019555555555555555
0 0.62 0.5888888888888889 0.01525 0.016444444444444446
0 0.70775 0.624 0.01075 0.029777777777777778
0 0.74125 0.6342222222222222 0.013 0.028444444444444446
0 0.729 0.656 0.0145 0.024444444444444446
0 0.62075 0.4275555555555556 0.0125 0.026222222222222223
0 0.63 0.416 0.0125 0.016
0 0.63475 0.4062222222222222 0.01 0.011555555555555555
0 0.64175 0.4177777777777778 0.012 0.016444444444444446
0 0.64275 0.4026666666666667 0.01275 0.016
0 0.6555 0.41644444444444445 0.00675 0.021777777777777778
0 0.65225 0.45955555555555555 0.0135 0.014222222222222223
0 0.66075 0.4457777777777778 0.01025 0.016
0 0.688 0.3808888888888889 0.01225 0.016888888888888887
0 0.705 0.416 0.0135 0.018666666666666668
0 0.6605 0.3982222222222222 0.00975 0.018666666666666668
0 0.72525 0.4693333333333333 0.01475 0.017777777777777778
0 0.7345 0.41733333333333333 0.00575 0.020888888888888887
0 0.755 0.4057777777777778 0.00725 0.02311111111111111
0 0.76525 0.4066666666666667 0.00675 0.02711111111111111
0 0.741 0.3688888888888889 0.01275 0.017777777777777778
0 0.71375 0.288 0.01275 0.019555555555555555
0 0.629 0.21733333333333332 0.01175 0.01911111111111111
0 0.629 0.16444444444444445 0.009 0.03333333333333333
0 0.59675 0.2693333333333333 0.0115 0.030666666666666665
0 0.615 0.2777777777777778 0.00975 0.029777777777777778
0 0.68925 0.16933333333333334 0.01425 0.020444444444444446
0 0.0045 0.348 0.0085 0.017333333333333333
0 0.677 0.04133333333333333 0.0165 0.020444444444444446
0 0.65175 0.017777777777777778 0.00925 0.017777777777777778
0 0.68675 0.007555555555555556 0.011 0.015111111111111112
0 0.7405 0.05644444444444444 0.011 0.021333333333333333
0 0.745 0.035555555555555556 0.01175 0.024444444444444446
0 0.76475 0.02266666666666667 0.00925 0.019555555555555555
0 0.7745 0.024888888888888887 0.0095 0.03155555555555556
0 0.69875 0.7711111111111111 0.01125 0.016444444444444446
0 0.79425 0.5946666666666667 0.0095 0.03422222222222222
0 0.79925 0.5053333333333333 0.01175 0.02311111111111111
0 0.735 0.23244444444444445 0.01025 0.03155555555555556
0 0.751 0.2813333333333333 0.01125 0.03244444444444444
0 0.765 0.26711111111111113 0.01 0.03422222222222222
0 0.8075 0.13866666666666666 0.01975 0.015555555555555555
0 0.819 0.11155555555555556 0.01375 0.027555555555555555
0 0.81825 0.05377777777777778 0.0085 0.024
0 0.8275 0.050222222222222224 0.01375 0.03333333333333333
0 0.84 0.0071111111111111115 0.01275 0.014222222222222223
0 0.868 0.011111111111111112 0.00825 0.022222222222222223
0 0.8675 0.16977777777777778 0.01175 0.03688888888888889
0 0.84475 0.24888888888888888 0.01025 0.02311111111111111
0 0.82475 0.35288888888888886 0.0175 0.020444444444444446
0 0.8425 0.34444444444444444 0.01275 0.020444444444444446
0 0.8605 0.3302222222222222 0.009 0.03422222222222222
0 0.80175 0.32711111111111113 0.0095 0.024
0 0.85075 0.3937777777777778 0.016 0.020444444444444446
0 0.85075 0.45555555555555555 0.0095 0.042666666666666665
0 0.4965 0.004 0.01175 0.008
0 0.82975 0.6693333333333333 0.009 0.025777777777777778
0 0.859 0.6422222222222222 0.01375 0.03244444444444444
0 0.859 0.5991111111111111 0.009 0.025777777777777778
0 0.846 0.7386666666666667 0.014 0.020444444444444446
0 0.8495 0.7915555555555556 0.01375 0.020444444444444446
0 0.86025 0.7817777777777778 0.01225 0.036
0 0.864 0.7568888888888889 0.014 0.017777777777777778
0 0.87625 0.7346666666666667 0.017 0.021333333333333333
0 0.9455 0.7244444444444444 0.01325 0.024888888888888887
0 0.9585 0.6951111111111111 0.0095 0.029777777777777778
0 0.928 0.6991111111111111 0.01875 0.027555555555555555
0 0.9375 0.6715555555555556 0.01025 0.043555555555555556
0 0.89075 0.6048888888888889 0.01125 0.024888888888888887
0 0.9295 0.5684444444444444 0.0095 0.03155555555555556
0 0.94175 0.5751111111111111 0.0155 0.016444444444444446
0 0.968 0.6622222222222223 0.01025 0.03244444444444444
0 0.991 0.7151111111111111 0.0075 0.024888888888888887
0 0.9975 0.7008888888888889 0.005 0.024888888888888887
0 0.84225 0.5217777777777778 0.01475 0.016444444444444446
0 0.85075 0.5302222222222223 0.01275 0.015555555555555555
0 0.905 0.45644444444444443 0.00725 0.028444444444444446
0 0.90575 0.4431111111111111 0.0105 0.019555555555555555
0 0.9135 0.5088888888888888 0.00725 0.029333333333333333
0 0.93275 0.5351111111111111 0.00675 0.016888888888888887
0 0.9785 0.49777777777777776 0.008 0.020444444444444446
0 0.99475 0.4613333333333333 0.0105 0.022222222222222223
0 0.9855 0.39866666666666667 0.0165 0.013333333333333334
0 0.8955 0.3377777777777778 0.0085 0.029333333333333333
0 0.928 0.2817777777777778 0.00975 0.028444444444444446
0 0.9765 0.30577777777777776 0.0105 0.03244444444444444
0 0.988 0.22666666666666666 0.00925 0.02711111111111111
0 0.9395 0.23066666666666666 0.01175 0.014222222222222223
0 0.936 0.22044444444444444 0.01225 0.015111111111111112
0 0.93 0.248 0.015 0.016
0 0.895 0.24177777777777779 0.01525 0.025777777777777778
0 0.8905 0.19066666666666668 0.008 0.02311111111111111
0 0.961 0.16444444444444445 0.0125 0.027555555555555555
0 0.9515 0.14844444444444443 0.00775 0.029777777777777778
0 0.95825 0.14044444444444446 0.01175 0.02311111111111111
0 0.968 0.12622222222222224 0.00625 0.018666666666666668
0 0.94175 0.12266666666666666 0.01625 0.015555555555555555
0 0.9225 0.07422222222222222 0.01475 0.017333333333333333
0 0.96525 0.011555555555555555 0.01025 0.02311111111111111
0 0.99275 0.010666666666666666 0.0085 0.021333333333333333
0 0.7615 0.156 0.0105 0.012444444444444444
0 0.75675 0.188 0.00825 0.022222222222222223
0 0.7705 0.5813333333333334 0.011 0.021777777777777778