0 0.724 0.008 0.0105 0.015555555555555555
0 0.9235 0.8853333333333333 0.0125 0.017777777777777778
0 0.422 0.21911111111111112 0.01525 0.019555555555555555
0 0.088 0.15733333333333333 0.01075 0.018222222222222223
0 0.547 0.007555555555555556 0.013 0.015111111111111112
0 0.16625 0.3711111111111111 0.014 0.018666666666666668
0 0.86125 0.11555555555555555 0.0135 0.019555555555555555
0 0.60775 0.042666666666666665 0.01375 0.01911111111111111
0 0.69375 0.24222222222222223 0.01425 0.01911111111111111
0 0.981 0.5124444444444445 0.01375 0.017333333333333333
0 0.709 0.32355555555555554 0.0135 0.020888888888888887
0 0.735 0.13422222222222221 0.01275 0.023555555555555555
0 0.94175 0.007555555555555556 0.0115 0.015111111111111112
0 0.59 0.8524444444444444 0.01475 0.02
0 0.95975 0.39555555555555555 0.01525 0.02
0 0.36025 0.49955555555555553 0.014 0.018222222222222223
0 0.9495 0.884 0.00925 0.02666666666666667
0 0.78025 0.4582222222222222 0.015 0.021333333333333333
0 0.70425 0.13955555555555554 0.01275 0.018222222222222223
0 0.24275 0.36977777777777776 0.014 0.024444444444444446
0 0.414 0.07733333333333334 0.0165 0.018222222222222223
0 0.6065 0.7302222222222222 0.017 0.017777777777777778
0 0.395 0.008444444444444444 0.009 0.016888888888888887
0 0.25225 0.26355555555555554 0.01 0.021333333333333333
0 0.58575 0.3973333333333333 0.01725 0.016888888888888887
0 0.76225 0.07955555555555556 0.013 0.021777777777777778
0 0.01825 0.8697777777777778 0.01475 0.01911111111111111
0 0.8755 0.09244444444444444 0.01125 0.021777777777777778
0 0.79525 0.4391111111111111 0.01575 0.020444444444444446
0 0.6455 0.432 0.01175 0.016444444444444446
0 0.07125 0.7946666666666666 0.016 0.016444444444444446
0 0.204 0.030222222222222223 0.01525 0.020444444444444446
0 0.5135 0.12977777777777777 0.01775 0.019555555555555555
0 0.3715 0.9902222222222222 0.01375 0.019555555555555555
0 0.74925 0.09644444444444444 0.01725 0.017333333333333333
0 0.17025 0.9435555555555556 0.017 0.02311111111111111
0 0.86575 0.7244444444444444 0.0145 0.020888888888888887
0 0.29225 0.6582222222222223 0.019 0.018222222222222223
0 0.5255 0.4951111111111111 0.01375 0.02
0 0.353 0.8231111111111111 0.0135 0.020888888888888887
0 0.8225 0.22533333333333333 0.0175 0.016444444444444446
0 0.608 0.008888888888888889 0.0115 0.017777777777777778
0 0.6335 0.42933333333333334 0.0155 0.017777777777777778
0 0.59225 0.4262222222222222 0.01475 0.01911111111111111
0 0.84775 0.4151111111111111 0.014 0.016
0 0.51975 0.216 0.01125 0.021333333333333333
0 0.67375 0.45644444444444443 0.0125 0.018666666666666668
0 0.25825 0.8115555555555556 0.01475 0.022222222222222223
0 0.4145 0.7257777777777777 0.0105 0.016888888888888887
0 0.96725 0.268 0.01175 0.02266666666666667
0 0.734 0.9457777777777778 0.0155 0.01911111111111111
0 0.308 0.2564444444444444 0.0135 0.019555555555555555
0 0.0795 0.15244444444444444 0.01275 0.014666666666666666
0 0.58325 0.10222222222222223 0.01 0.024
0 0.45725 0.8377777777777777 0.01525 0.01911111111111111
0 0.038 0.352 0.0135 0.02266666666666667
0 0.08075 0.6177777777777778 0.0135 0.024888888888888887
0 0.793 0.06666666666666667 0.008 0.021777777777777778
0 0.0215 0.46444444444444444 0.0135 0.018666666666666668
0 0.97275 0.9768888888888889 0.01425 0.016444444444444446
0 0.64975 0.10577777777777778 0.01075 0.022222222222222223
0 0.178 0.6582222222222223 0.01775 0.016888888888888887
0 0.49025 0.5853333333333334 0.015 0.016
0 0.2865 0.4315555555555556 0.0135 0.025333333333333333
0 0.64525 0.8884444444444445 0.0115 0.024888888888888887
0 0.60525 0.5506666666666666 0.01225 0.01911111111111111
0 0.10025 0.45066666666666666 0.0165 0.018222222222222223
0 0.71025 0.796 0.01475 0.024
0 0.68175 0.9462222222222222 0.01225 0.017777777777777778
0 0.696 0.4746666666666667 0.0165 0.016
0 0.7375 0.2702222222222222 0.0175 0.014666666666666666
0 0.1965 0.8346666666666667 0.017 0.02
0 0.2175 0.9693333333333334 0.0145 0.02
0 0.239 0.7617777777777778 0.0135 0.020444444444444446
0 0.264 0.704 0.01125 0.021777777777777778
0 0.07725 0.9231111111111111 0.01825 0.017777777777777778
0 0.90875 0.49377777777777776 0.009 0.028888888888888888
0 0.155 0.33866666666666667 0.0125 0.019555555555555555
0 0.91325 0.6035555555555555 0.01275 0.02
0 0.6485 0.04533333333333334 0.01025 0.02311111111111111
0 0.32475 0.4617777777777778 0.01125 0.024888888888888887
0 0.24 0.7435555555555555 0.01475 0.020444444444444446
0 0.06 0.7528888888888889 0.01675 0.018666666666666668
0 0.528 0.7408888888888889 0.0115 0.022222222222222223
0 0.1535 0.06711111111111111 0.01025 0.022222222222222223
0 0.2995 0.5755555555555556 0.0115 0.021777777777777778
0 0.89675 0.35777777777777775 0.01675 0.020444444444444446
0 0.06825 0.9822222222222222 0.013 0.020444444444444446
0 0.90825 0.11022222222222222 0.01075 0.013777777777777778
0 0.739 0.25466666666666665 0.01525 0.016
0 0.9795 0.8484444444444444 0.0105 0.025777777777777778
0 0.75575 0.8391111111111111 0.0065 0.02266666666666667
0 0.076 0.7204444444444444 0.01175 0.02
0 0.43225 0.008 0.01675 0.016
0 0.83725 0.6631111111111111 0.0135 0.018222222222222223
0 0.9815 0.9177777777777778 0.01025 0.019555555555555555
0 0.91825 0.3217777777777778 0.01125 0.023555555555555555
0 0.6775 0.04844444444444444 0.01625 0.015111111111111112
0 0.5 0.013333333333333334 0.01375 0.02311111111111111
0 0.73 0.9875555555555555 0.0155 0.016888888888888887
0 0.06575 0.4097777777777778 0.013 0.024444444444444446
0 0.74925 0.5373333333333333 0.0135 0.021777777777777778
0 0.10325 0.41155555555555556 0.01575 0.019555555555555555
0 0.74225 0.3857777777777778 0.009 0.021777777777777778
0 0.96875 0.8253333333333334 0.00925 0.024444444444444446
0 0.7445 0.652 0.0105 0.025333333333333333
0 0.956 0.332 0.0115 0.028444444444444446
0 0.052 0.264 0.00775 0.020888888888888887
0 0.157 0.5 0.0125 0.025777777777777778
0 0.86875 0.4146666666666667 0.009 0.020888888888888887
0 0.90275 0.332 0.0145 0.014222222222222223
0 0.34075 0.5288888888888889 0.013 0.018222222222222223
0 0.78925 0.38622222222222224 0.01175 0.015555555555555555
0 0.445 0.5582222222222222 0.01125 0.021777777777777778
0 0.1405 0.6044444444444445 0.01725 0.019555555555555555
0 0.2965 0.1302222222222222 0.0145 0.016
0 0.335 0.006222222222222222 0.01125 0.012444444444444444
0 0.373 0.10844444444444444 0.0095 0.021333333333333333
0 0.121 0.8657777777777778 0.0165 0.019555555555555555
0 0.04125 0.948 0.011 0.018222222222222223
0 0.01625 0.12977777777777777 0.01325 0.022222222222222223
0 0.1515 0.39866666666666667 0.01775 0.016
0 0.5695 0.058222222222222224 0.00875 0.029777777777777778
0 0.51075 0.016888888888888887 0.00775 0.029333333333333333
0 0.5055 0.050222222222222224 0.008 0.032
0 0.83425 0.012888888888888889 0.00925 0.025777777777777778
0 0.951 0.09866666666666667 0.00825 0.025777777777777778
0 0.9965 0.06311111111111112 0.007 0.02311111111111111
0 0.91675 0.108 0.0095 0.01911111111111111
0 0.919 0.21511111111111111 0.00625 0.027555555555555555
0 0.908 0.2111111111111111 0.00775 0.024888888888888887
0 0.9125 0.3342222222222222 0.01 0.022222222222222223
0 0.84675 0.32 0.00625 0.028444444444444446
0 0.83425 0.23022222222222222 0.0085 0.028888888888888888
0 0.75325 0.2991111111111111 0.01175 0.028
0 0.73775 0.29688888888888887 0.00975 0.024888888888888887
0 0.5325 0.32133333333333336 0.011 0.028
0 0.48925 0.24444444444444444 0.0105 0.027555555555555555
0 0.7185 0.3408888888888889 0.014 0.022222222222222223
0 0.8165 0.384 0.00825 0.025777777777777778
0 0.79275 0.40444444444444444 0.01225 0.019555555555555555
0 0.69375 0.4315555555555556 0.00775 0.02711111111111111
0 0.68375 0.4235555555555556 0.009 0.029777777777777778
0 0.681 0.4008888888888889 0.015 0.016
0 0.6395 0.3982222222222222 0.01325 0.016
0 0.6745 0.4888888888888889 0.00825 0.025333333333333333
0 0.7385 0.5004444444444445 0.00775 0.027555555555555555
0 0.5325 0.46266666666666667 0.00725 0.03111111111111111
0 0.915 0.5053333333333333 0.0085 0.02311111111111111
0 0.9085 0.5342222222222223 0.00725 0.03111111111111111
0 0.93775 0.5995555555555555 0.0095 0.024
0 0.931 0.5946666666666667 0.008 0.02266666666666667
0 0.92 0.5973333333333334 0.008 0.025333333333333333
0 0.8375 0.5622222222222222 0.00825 0.03244444444444444
0 0.7245 0.6057777777777777 0.011 0.021333333333333333
0 0.7185 0.6124444444444445 0.0095 0.026222222222222223
0 0.6655 0.6088888888888889 0.01275 0.017777777777777778
0 0.647 0.5866666666666667 0.00825 0.02711111111111111
0 0.6255 0.5404444444444444 0.01375 0.019555555555555555
0 0.59425 0.6217777777777778 0.00875 0.03288888888888889
0 0.548 0.5435555555555556 0.01025 0.029777777777777778
0 0.50525 0.5453333333333333 0.00975 0.029333333333333333
0 0.97075 0.7075555555555556 0.0085 0.027555555555555555
0 0.98275 0.8173333333333334 0.00725 0.024888888888888887
0 0.996 0.9604444444444444 0.0075 0.03155555555555556
0 0.74875 0.8395555555555556 0.00925 0.02311111111111111
0 0.8165 0.8288888888888889 0.008 0.02666666666666667
0 0.8045 0.956 0.0075 0.02711111111111111
0 0.768 0.9226666666666666 0.01 0.025777777777777778
0 0.717 0.9613333333333334 0.01425 0.014666666666666666
0 0.69125 0.9573333333333334 0.00825 0.024
0 0.70875 0.72 0.0085 0.025777777777777778
0 0.697 0.7306666666666667 0.01125 0.023555555555555555
0 0.70575 0.7035555555555556 0.012 0.013333333333333334
0 0.605 0.8808888888888889 0.00675 0.02711111111111111
0 0.586 0.8133333333333334 0.0085 0.032
0 0.567 0.72 0.0085 0.029777777777777778
0 0.52375 0.8853333333333333 0.01 0.025777777777777778
0 0.52925 0.8946666666666667 0.01275 0.010222222222222223
0 0.5275 0.9053333333333333 0.0095 0.011111111111111112
0 0.49075 0.928 0.01 0.02711111111111111
0 0.52925 0.9435555555555556 0.0075 0.025777777777777778
0 0.50575 0.9657777777777777 0.01 0.016
0 0.52925 0.9626666666666667 0.0085 0.021333333333333333
0 0.543 0.9666666666666667 0.008 0.03244444444444444
0 0.03375 0.025777777777777778 0.012 0.012888888888888889
0 0.0265 0.03244444444444444 0.0095 0.013333333333333334
0 0.0225 0.04488888888888889 0.00925 0.024888888888888887
0 0.00475 0.08755555555555555 0.00725 0.03244444444444444
0 0.047 0.043111111111111114 0.00925 0.02311111111111111
0 0.05575 0.04044444444444444 0.0085 0.02711111111111111
0 0.07925 0.023555555555555555 0.0145 0.016
0 0.10425 0.029333333333333333 0.00925 0.025777777777777778
0 0.12025 0.10711111111111112 0.01125 0.022222222222222223
0 0.205 0.09911111111111111 0.01025 0.024888888888888887
0 0.28175 0.034666666666666665 0.00625 0.029777777777777778
0 0.3365 0.06977777777777777 0.009 0.02711111111111111
0 0.33425 0.10488888888888889 0.00625 0.025333333333333333
0 0.32725 0.10977777777777778 0.006 0.024444444444444446
0 0.27725 0.12088888888888889 0.01025 0.016
0 0.1005 0.188 0.0075 0.025333333333333333
0 0.01125 0.18844444444444444 0.00825 0.028444444444444446
0 0.0595 0.2408888888888889 0.0075 0.025333333333333333
0 0.05125 0.23377777777777778 0.00925 0.02711111111111111
0 0.00325 0.28 0.00625 0.019555555555555555
0 0.1085 0.27644444444444444 0.0095 0.020444444444444446
0 0.077 0.3031111111111111 0.00725 0.02311111111111111
0 0.10425 0.3088888888888889 0.00925 0.030222222222222223
0 0.1515 0.2311111111111111 0.00925 0.017333333333333333
0 0.16075 0.2262222222222222 0.0095 0.03244444444444444
0 0.15375 0.32 0.0115 0.017333333333333333
0 0.1235 0.27555555555555555 0.01425 0.018222222222222223
0 0.11975 0.26266666666666666 0.01025 0.017333333333333333
0 0.00675 0.3831111111111111 0.0075 0.029777777777777778
0 0.18325 0.36666666666666664 0.01375 0.024444444444444446
0 0.35 0.26711111111111113 0.01175 0.025777777777777778
0 0.336 0.2728888888888889 0.0125 0.026222222222222223
0 0.3845 0.088 0.008 0.03155555555555556
0 0.409 0.057777777777777775 0.0095 0.028444444444444446
0 0.45925 0.04666666666666667 0.0085 0.028888888888888888
0 0.4635 0.13244444444444445 0.00775 0.029777777777777778
0 0.4655 0.22266666666666668 0.01425 0.016444444444444446
0 0.43575 0.3688888888888889 0.01075 0.028
0 0.41125 0.4191111111111111 0.012 0.030666666666666665
0 0.41125 0.46755555555555556 0.01325 0.017777777777777778
0 0.344 0.44 0.014 0.015111111111111112
0 0.34025 0.4582222222222222 0.00725 0.027555555555555555
0 0.3285 0.5546666666666666 0.00725 0.03288888888888889
0 0.30425 0.5351111111111111 0.00975 0.025777777777777778
0 0.385 0.5057777777777778 0.0115 0.016
0 0.3935 0.5177777777777778 0.0135 0.028444444444444446
0 0.3785 0.5328888888888889 0.01 0.026222222222222223
0 0.2005 0.48444444444444446 0.00775 0.03244444444444444
0 0.183 0.5053333333333333 0.01 0.029777777777777778
0 0.08025 0.5342222222222223 0.00825 0.021333333333333333
0 0.07275 0.5351111111111111 0.00675 0.028
0 0.06175 0.5262222222222223 0.0095 0.026222222222222223
0 0.0675 0.596 0.0085 0.028888888888888888
0 0.456 0.556 0.011 0.018666666666666668
0 0.43775 0.552 0.0115 0.024444444444444446
0 0.36175 0.6044444444444445 0.0085 0.02311111111111111
0 0.3655 0.6342222222222222 0.00975 0.02
0 0.354 0.6395555555555555 0.0055 0.017777777777777778
0 0.42725 0.6884444444444444 0.0075 0.025777777777777778
0 0.44575 0.6942222222222222 0.009 0.029333333333333333
0 0.4415 0.768 0.00875 0.03111111111111111
0 0.47925 0.8328888888888889 0.0065 0.024
0 0.36925 0.6817777777777778 0.01275 0.014666666666666666
0 0.368 0.6973333333333334 0.00825 0.027555555555555555
0 0.359 0.7008888888888889 0.00725 0.028444444444444446
0 0.34275 0.6866666666666666 0.008 0.024444444444444446
0 0.3395 0.7137777777777777 0.006 0.03333333333333333
0 0.25775 0.7271111111111112 0.0085 0.024444444444444446
0 0.30125 0.7577777777777778 0.01275 0.030222222222222223
0 0.266 0.6737777777777778 0.015 0.016888888888888887
0 0.20825 0.6595555555555556 0.009 0.02311111111111111
0 0.1905 0.6653333333333333 0.0095 0.034666666666666665
0 0.35975 0.7635555555555555 0.00925 0.03333333333333333
0 0.3535 0.7973333333333333 0.01425 0.016
0 0.36525 0.8377777777777777 0.00775 0.026222222222222223
0 0.354 0.8533333333333334 0.018 0.016888888888888887
0 0.14575 0.7835555555555556 0.00775 0.03111111111111111
0 0.1225 0.8088888888888889 0.0115 0.020888888888888887
0 0.0595 0.6955555555555556 0.00825 0.02311111111111111
0 0.03975 0.7168888888888889 0.008 0.030222222222222223
0 0.0655 0.7168888888888889 0.012 0.014666666666666666
0 0.07325 0.6884444444444444 0.007 0.014666666666666666
0 0.07675 0.7022222222222222 0.009 0.013777777777777778
0 0.063 0.8408888888888889 0.0055 0.021777777777777778
0 0.094 0.8746666666666667 0.00725 0.03155555555555556
0 0.14225 0.8902222222222222 0.0095 0.02711111111111111
0 0.10225 0.9671111111111111 0.0125 0.028
0 0.13475 0.9924444444444445 0.0115 0.015111111111111112
0 0.04425 0.9964444444444445 0.013 0.0071111111111111115
0 0.02025 0.9942222222222222 0.0065 0.011555555555555555
0 0.0955 0.996 0.00625 0.007555555555555556
0 0.2465 0.9084444444444445 0.0095 0.02666666666666667
0 0.289 0.9733333333333334 0.00775 0.03111111111111111
0 0.42375 0.9644444444444444 0.01675 0.017333333333333333
0 0.4405 0.9697777777777777 0.00675 0.02
0 0.21325 0.09022222222222222 0.00975 0.02
0 0.17325 0.24266666666666667 0.0125 0.020888888888888887
0 0.25775 0.3128888888888889 0.017 0.016888888888888887
0 0.6455 0.6217777777777778 0.01 0.024444444444444446
0 0.56675 0.6342222222222222 0.0085 0.024444444444444446
0 0.88325 0.6662222222222223 0.011 0.020444444444444446
0 0.47175 0.7724444444444445 0.015 0.018222222222222223
0 0.483 0.5982222222222222 0.01175 0.015555555555555555
0 0.47275 0.6004444444444444 0.0105 0.028
0 0.48575 0.5488888888888889 0.00975 0.012888888888888889
0 0.49775 0.5444444444444444 0.0085 0.017777777777777778