0 0.578 0.5662162162162162 0.012 0.016891891891891893
0 0.20533333333333334 0.3972972972972973 0.012 0.020945945945945947
0 0.22366666666666668 0.9182432432432432 0.014 0.01756756756756757
0 0.6953333333333334 0.17297297297297298 0.013666666666666667 0.016891891891891893
0 0.6923333333333334 0.28243243243243243 0.015 0.014864864864864866
0 0.19133333333333333 0.4418918918918919 0.013666666666666667 0.01756756756756757
0 0.08366666666666667 0.12837837837837837 0.014666666666666666 0.014864864864864866
0 0.197 0.23986486486486486 0.013666666666666667 0.018243243243243244
0 0.8673333333333333 0.7243243243243244 0.013333333333333334 0.015540540540540541
0 0.5826666666666667 0.2641891891891892 0.011333333333333334 0.01418918918918919
0 0.524 0.6304054054054054 0.009 0.016216216216216217
0 0.444 0.2668918918918919 0.010666666666666666 0.015540540540540541
0 0.2876666666666667 0.8466216216216216 0.011 0.021621621621621623
0 0.5316666666666666 0.3952702702702703 0.012333333333333333 0.015540540540540541
0 0.44333333333333336 0.05675675675675676 0.009333333333333334 0.018243243243243244
0 0.956 0.5087837837837837 0.016 0.016891891891891893
0 0.9933333333333333 0.8222972972972973 0.011 0.020945945945945947
0 0.034 0.8635135135135135 0.009666666666666667 0.016216216216216217
0 0.2796666666666667 0.7418918918918919 0.009666666666666667 0.018243243243243244
0 0.299 0.3439189189189189 0.011 0.01756756756756757
0 0.627 0.23108108108108108 0.008666666666666666 0.020945945945945947
0 0.321 0.4277027027027027 0.017333333333333333 0.015540540540540541
0 0.549 0.7074324324324325 0.011666666666666667 0.01756756756756757
0 0.7356666666666667 0.5175675675675676 0.013666666666666667 0.015540540540540541
0 0.24333333333333335 0.7655405405405405 0.01 0.02702702702702703
0 0.498 0.9837837837837838 0.009 0.016216216216216217
0 0.07266666666666667 0.17635135135135135 0.012666666666666666 0.016891891891891893
0 0.09933333333333333 0.006081081081081081 0.017333333333333333 0.012162162162162163
0 0.444 0.45472972972972975 0.009333333333333334 0.016216216216216217
0 0.033666666666666664 0.10337837837837838 0.014 0.015540540540540541
0 0.993 0.0891891891891892 0.012666666666666666 0.01891891891891892
0 0.08566666666666667 0.9236486486486486 0.015333333333333332 0.018243243243243244
0 0.16333333333333333 0.38513513513513514 0.014333333333333333 0.01418918918918919
0 0.27566666666666667 0.1445945945945946 0.010333333333333333 0.019594594594594596
0 0.29633333333333334 0.7858108108108108 0.014 0.019594594594594596
0 0.13866666666666666 0.9668918918918918 0.015 0.013513513513513514
0 0.2783333333333333 0.422972972972973 0.016 0.014864864864864866
0 0.38766666666666666 0.06148648648648649 0.014 0.01418918918918919
0 0.22166666666666668 0.13378378378378378 0.012333333333333333 0.016891891891891893
0 0.44966666666666666 0.17162162162162162 0.012 0.015540540540540541
0 0.27666666666666667 0.6162162162162163 0.015 0.01891891891891892
0 0.023333333333333334 0.8797297297297297 0.011666666666666667 0.01418918918918919
0 0.9143333333333333 0.10270270270270271 0.012666666666666666 0.02027027027027027
0 0.512 0.3601351351351351 0.015666666666666666 0.019594594594594596
0 0.981 0.7148648648648649 0.017333333333333333 0.016891891891891893
0 0.766 0.6277027027027027 0.012666666666666666 0.01891891891891892
0 0.006333333333333333 0.2304054054054054 0.012333333333333333 0.018243243243243244
0 0.796 0.4885135135135135 0.015666666666666666 0.013513513513513514
0 0.07633333333333334 0.1966216216216216 0.013 0.018243243243243244
0 0.9143333333333333 0.9385135135135135 0.017333333333333333 0.016891891891891893
0 0.076 0.40945945945945944 0.014666666666666666 0.015540540540540541
0 0.632 0.13108108108108107 0.012 0.019594594594594596
0 0.827 0.10067567567567567 0.016 0.01891891891891892
0 0.5563333333333333 0.3858108108108108 0.013 0.014864864864864866
0 0.5866666666666667 0.7783783783783784 0.014333333333333333 0.018243243243243244
0 0.8966666666666666 0.6371621621621621 0.012666666666666666 0.02027027027027027
0 0.758 0.27837837837837837 0.01 0.01891891891891892
0 0.56 0.9594594594594594 0.017 0.016216216216216217
0 0.37266666666666665 0.9641891891891892 0.013 0.019594594594594596
0 0.22633333333333333 0.6297297297297297 0.011666666666666667 0.021621621621621623
0 0.23366666666666666 0.9932432432432432 0.012666666666666666 0.013513513513513514
0 0.833 0.8337837837837838 0.014333333333333333 0.02027027027027027
0 0.12166666666666667 0.5385135135135135 0.013333333333333334 0.016216216216216217
0 0.4713333333333333 0.02027027027027027 0.012333333333333333 0.01756756756756757
0 0.488 0.033783783783783786 0.013333333333333334 0.01756756756756757
0 0.5383333333333333 0.28445945945945944 0.014666666666666666 0.014864864864864866
0 0.24966666666666668 0.18783783783783783 0.014 0.013513513513513514
0 0.3863333333333333 0.2905405405405405 0.011666666666666667 0.019594594594594596
0 0.3263333333333333 0.7641891891891892 0.010666666666666666 0.019594594594594596
0 0.706 0.11351351351351352 0.013666666666666667 0.016891891891891893
0 0.7986666666666666 0.15405405405405406 0.015 0.01756756756756757
0 0.367 0.060810810810810814 0.015 0.01756756756756757
0 0.22266666666666668 0.30743243243243246 0.009666666666666667 0.01418918918918919
0 0.10566666666666667 0.31216216216216214 0.013333333333333334 0.01756756756756757
0 0.429 0.6013513513513513 0.011 0.020945945945945947
0 0.11633333333333333 0.35743243243243245 0.012333333333333333 0.01891891891891892
0 0.13 0.24662162162162163 0.01633333333333333 0.01756756756756757
0 0.6533333333333333 0.3560810810810811 0.017 0.016891891891891893
0 0.302 0.10135135135135136 0.009333333333333334 0.025
0 0.47533333333333333 0.8236486486486486 0.017333333333333333 0.01756756756756757
0 0.02266666666666667 0.3324324324324324 0.012333333333333333 0.016216216216216217
0 0.114 0.9932432432432432 0.009 0.013513513513513514
0 0.4013333333333333 0.45472972972972975 0.011333333333333334 0.016891891891891893
0 0.25833333333333336 0.8189189189189189 0.015333333333333332 0.014864864864864866
0 0.9266666666666666 0.23108108108108108 0.016666666666666666 0.016891891891891893
0 0.22433333333333333 0.3222972972972973 0.008666666666666666 0.016891891891891893
0 0.352 0.35 0.015333333333333332 0.012837837837837839
0 0.32166666666666666 0.6905405405405406 0.014666666666666666 0.016891891891891893
0 0.10733333333333334 0.5472972972972973 0.010666666666666666 0.020945945945945947
0 0.5693333333333334 0.24324324324324326 0.014666666666666666 0.01756756756756757
0 0.05633333333333333 0.17905405405405406 0.011666666666666667 0.015540540540540541
0 0.35833333333333334 0.3641891891891892 0.012333333333333333 0.015540540540540541
0 0.7606666666666667 0.05067567567567568 0.012 0.020945945945945947
0 0.518 0.42905405405405406 0.012 0.012837837837837839
0 0.024333333333333332 0.6162162162162163 0.014666666666666666 0.012837837837837839
0 0.9083333333333333 0.06351351351351352 0.011333333333333334 0.01418918918918919
0 0.479 0.6513513513513514 0.009666666666666667 0.01418918918918919
0 0.732 0.8297297297297297 0.010333333333333333 0.020945945945945947
0 0.28833333333333333 0.5763513513513514 0.01 0.0222972972972973
0 0.3636666666666667 0.5925675675675676 0.011 0.022972972972972974
0 0.3353333333333333 0.47297297297297297 0.011333333333333334 0.016216216216216217
0 0.959 0.4608108108108108 0.009666666666666667 0.024324324324324326
0 0.708 0.9 0.016666666666666666 0.014864864864864866
0 0.095 0.25135135135135134 0.016 0.013513513513513514
0 0.5743333333333334 0.07702702702702703 0.012333333333333333 0.01756756756756757
0 0.16033333333333333 0.6878378378378378 0.014 0.01418918918918919
0 0.24733333333333332 0.5209459459459459 0.011666666666666667 0.0222972972972973
0 0.958 0.9641891891891892 0.014333333333333333 0.014864864864864866
0 0.403 0.28378378378378377 0.011333333333333334 0.024324324324324326
0 0.29633333333333334 0.3844594594594595 0.009666666666666667 0.026351351351351353
0 0.31433333333333335 0.9851351351351352 0.015333333333333332 0.01418918918918919
0 0.605 0.43716216216216214 0.012666666666666666 0.021621621621621623
0 0.241 0.9202702702702703 0.012666666666666666 0.02027027027027027
0 0.7443333333333333 0.17702702702702702 0.014 0.015540540540540541
0 0.25 0.5695945945945946 0.010333333333333333 0.01756756756756757
0 0.6536666666666666 0.06283783783783783 0.014666666666666666 0.016216216216216217
0 0.21033333333333334 0.14054054054054055 0.009 0.020945945945945947
0 0.384 0.9398648648648649 0.007666666666666666 0.01418918918918919
0 0.9823333333333333 0.7493243243243243 0.014333333333333333 0.02027027027027027
0 0.6253333333333333 0.6885135135135135 0.01633333333333333 0.019594594594594596
0 0.11 0.2797297297297297 0.008666666666666666 0.019594594594594596
0 0.353 0.5 0.013333333333333334 0.012837837837837839
0 0.9706666666666667 0.6391891891891892 0.011666666666666667 0.014864864864864866
0 0.911 0.5020270270270271 0.012333333333333333 0.021621621621621623
0 0.398 0.5256756756756756 0.014333333333333333 0.01891891891891892
0 0.806 0.3013513513513513 0.010666666666666666 0.024324324324324326
0 0.51 0.1608108108108108 0.009666666666666667 0.025
0 0.059 0.4391891891891892 0.011666666666666667 0.014864864864864866
0 0.10133333333333333 0.21621621621621623 0.012333333333333333 0.014864864864864866
0 0.13633333333333333 0.8472972972972973 0.008 0.015540540540540541
0 0.9596666666666667 0.677027027027027 0.012 0.020945945945945947
0 0.745 0.3587837837837838 0.011666666666666667 0.02364864864864865
0 0.3486666666666667 0.4337837837837838 0.014333333333333333 0.01418918918918919
0 0.884 0.8047297297297298 0.015 0.01418918918918919
0 0.2613333333333333 0.8797297297297297 0.008 0.02364864864864865
0 0.21933333333333332 0.1837837837837838 0.010666666666666666 0.016216216216216217
0 0.35933333333333334 0.9567567567567568 0.015333333333333332 0.015540540540540541
0 0.428 0.42364864864864865 0.011666666666666667 0.02027027027027027
0 0.24866666666666667 0.12837837837837837 0.008333333333333333 0.0222972972972973
0 0.13366666666666666 0.6851351351351351 0.008 0.026351351351351353
0 0.9426666666666667 0.06418918918918919 0.010666666666666666 0.021621621621621623
0 0.6443333333333333 0.40202702702702703 0.016 0.015540540540540541
0 0.8626666666666667 0.5682432432432433 0.017666666666666667 0.014864864864864866
0 0.382 0.1777027027027027 0.009333333333333334 0.018243243243243244
0 0.19433333333333333 0.7243243243243244 0.011666666666666667 0.012162162162162163
0 0.37333333333333335 0.2925675675675676 0.017333333333333333 0.014864864864864866
0 0.382 0.4101351351351351 0.01 0.02364864864864865
0 0.4573333333333333 0.9837837837837838 0.012333333333333333 0.01418918918918919
0 0.948 0.3952702702702703 0.012333333333333333 0.01418918918918919
0 0.021 0.9702702702702702 0.009333333333333334 0.021621621621621623
0 0.44366666666666665 0.08986486486486486 0.013 0.01756756756756757
0 0.9513333333333334 0.6891891891891891 0.011666666666666667 0.02364864864864865
0 0.5356666666666666 0.845945945945946 0.008333333333333333 0.026351351351351353
0 0.824 0.5466216216216216 0.011666666666666667 0.01756756756756757
0 0.6433333333333333 0.925 0.013666666666666667 0.020945945945945947
0 0.9806666666666667 0.39797297297297296 0.014666666666666666 0.014864864864864866
0 0.384 0.5 0.013666666666666667 0.016216216216216217
0 0.023666666666666666 0.0831081081081081 0.011 0.016891891891891893
0 0.532 0.6527027027027027 0.01 0.02027027027027027
0 0.627 0.8243243243243243 0.02 0.01756756756756757
0 0.4106666666666667 0.07905405405405405 0.012333333333333333 0.01891891891891892
0 0.8476666666666667 0.5763513513513514 0.015333333333333332 0.01756756756756757
0 0.7663333333333333 0.44797297297297295 0.009666666666666667 0.029054054054054056
0 0.7926666666666666 0.6486486486486487 0.017 0.015540540540540541
0 0.20566666666666666 0.7094594594594594 0.009 0.020945945945945947
0 0.21933333333333332 0.7601351351351351 0.011333333333333334 0.0222972972972973
0 0.30966666666666665 0.1837837837837838 0.010666666666666666 0.02837837837837838
0 0.45066666666666666 0.722972972972973 0.014333333333333333 0.013513513513513514
0 0.775 0.6243243243243243 0.014333333333333333 0.022972972972972974
0 0.6733333333333333 0.4560810810810811 0.012 0.020945945945945947
0 0.39466666666666667 0.777027027027027 0.009333333333333334 0.02364864864864865
0 0.9513333333333334 0.17432432432432432 0.010666666666666666 0.0222972972972973
0 0.20966666666666667 0.47364864864864864 0.008333333333333333 0.02027027027027027
0 0.661 0.3256756756756757 0.008333333333333333 0.021621621621621623
0 0.13233333333333333 0.056081081081081084 0.011 0.016891891891891893
0 0.045 0.7047297297297297 0.009 0.0222972972972973
0 0.7823333333333333 0.9912162162162163 0.008666666666666666 0.01756756756756757
0 0.21066666666666667 0.6635135135135135 0.011333333333333334 0.02027027027027027
0 0.38366666666666666 0.8087837837837838 0.016 0.012162162162162163
0 0.15066666666666667 0.9054054054054054 0.013666666666666667 0.020945945945945947
0 0.65 0.6506756756756756 0.009333333333333334 0.020945945945945947
0 0.21233333333333335 0.12162162162162163 0.01 0.015540540540540541
0 0.862 0.4581081081081081 0.011 0.02364864864864865
0 0.325 0.6459459459459459 0.011 0.014864864864864866
0 0.13266666666666665 0.7932432432432432 0.012666666666666666 0.0222972972972973
0 0.49566666666666664 0.5182432432432432 0.011666666666666667 0.019594594594594596
0 0.4493333333333333 0.7074324324324325 0.011666666666666667 0.021621621621621623
0 0.574 0.4283783783783784 0.013666666666666667 0.016891891891891893
0 0.9423333333333334 0.019594594594594596 0.011 0.011486486486486487
0 0.25533333333333336 0.032432432432432434 0.014 0.016891891891891893
0 0.41933333333333334 0.5493243243243243 0.009 0.029054054054054056
0 0.104 0.6763513513513514 0.009333333333333334 0.02027027027027027
0 0.144 0.2574324324324324 0.008 0.027702702702702704
0 0.4816666666666667 0.10810810810810811 0.015333333333333332 0.016216216216216217
0 0.5443333333333333 0.6087837837837838 0.012333333333333333 0.026351351351351353
0 0.394 0.33513513513513515 0.013333333333333334 0.018243243243243244
0 0.25666666666666665 0.2614864864864865 0.008666666666666666 0.026351351351351353
0 0.10833333333333334 0.8337837837837838 0.013666666666666667 0.01891891891891892
0 0.5266666666666666 0.4283783783783784 0.007666666666666666 0.022972972972972974
0 0.201 0.6952702702702702 0.014333333333333333 0.014864864864864866
0 0.49166666666666664 0.4391891891891892 0.012666666666666666 0.016891891891891893
0 0.029333333333333333 0.46283783783783783 0.008666666666666666 0.026351351351351353
0 0.79 0.452027027027027 0.010666666666666666 0.021621621621621623
0 0.3526666666666667 0.05675675675675676 0.015333333333333332 0.016216216216216217
0 0.442 0.6101351351351352 0.014333333333333333 0.014864864864864866
0 0.5966666666666667 0.9412162162162162 0.009666666666666667 0.024324324324324326
0 0.374 0.19797297297297298 0.009333333333333334 0.026351351351351353
0 0.323 0.6081081081081081 0.008666666666666666 0.02702702702702703
0 0.9486666666666667 0.9763513513513513 0.011666666666666667 0.015540540540540541
0 0.7316666666666667 0.07702702702702703 0.007333333333333333 0.01891891891891892
0 0.30233333333333334 0.745945945945946 0.007666666666666666 0.025675675675675677
0 0.59 0.6425675675675676 0.015666666666666666 0.015540540540540541
0 0.7306666666666667 0.7959459459459459 0.014333333333333333 0.0222972972972973
0 0.8096666666666666 0.4155405405405405 0.010666666666666666 0.025
0 0.9076666666666666 0.8121621621621622 0.009333333333333334 0.016891891891891893
0 0.5396666666666666 0.8006756756756757 0.011 0.02364864864864865
0 0.04666666666666667 0.23648648648648649 0.010333333333333333 0.020945945945945947
0 0.37866666666666665 0.8472972972972973 0.011333333333333334 0.0222972972972973
0 0.574 0.09324324324324325 0.016 0.012837837837837839
0 0.9433333333333334 0.8844594594594595 0.018 0.014864864864864866
0 0.04 0.8155405405405406 0.012666666666666666 0.012162162162162163
0 0.5443333333333333 0.24121621621621622 0.007666666666666666 0.029054054054054056
0 0.5806666666666667 0.23445945945945945 0.011 0.022972972972972974
0 0.15266666666666667 0.47094594594594597 0.007333333333333333 0.02027027027027027
0 0.665 0.46824324324324323 0.009666666666666667 0.01891891891891892
0 0.32066666666666666 0.6317567567567568 0.006666666666666667 0.018243243243243244
0 0.8113333333333334 0.629054054054054 0.011333333333333334 0.0222972972972973
0 0.30866666666666664 0.422972972972973 0.013 0.01756756756756757
0 0.774 0.10472972972972973 0.013 0.01891891891891892
0 0.908 0.8324324324324325 0.008 0.018243243243243244
0 0.3923333333333333 0.49527027027027026 0.010333333333333333 0.015540540540540541
0 0.574 0.026351351351351353 0.008 0.02702702702702703
0 0.9096666666666666 0.543918918918919 0.008 0.020945945945945947
0 0.616 0.4452702702702703 0.012 0.01418918918918919
0 0.35833333333333334 0.8621621621621621 0.009333333333333334 0.025
0 0.417 0.3418918918918919 0.008666666666666666 0.025
0 0.243 0.5844594594594594 0.007 0.024324324324324326
0 0.30733333333333335 0.3878378378378378 0.010333333333333333 0.014864864864864866
0 0.22566666666666665 0.49324324324324326 0.012333333333333333 0.026351351351351353
0 0.788 0.3506756756756757 0.012 0.01891891891891892
0 0.034666666666666665 0.31486486486486487 0.008666666666666666 0.019594594594594596
0 0.974 0.4858108108108108 0.012 0.022972972972972974
0 0.971 0.2743243243243243 0.012666666666666666 0.020945945945945947
0 0.31533333333333335 0.9263513513513514 0.017666666666666667 0.01418918918918919
0 0.9046666666666666 0.21013513513513513 0.012 0.016216216216216217
0 0.981 0.8689189189189189 0.016 0.013513513513513514
0 0.6623333333333333 0.41486486486486485 0.009 0.03175675675675676
0 0.8233333333333334 0.5662162162162162 0.008333333333333333 0.019594594594594596
0 0.29133333333333333 0.325 0.01 0.014864864864864866
0 0.4686666666666667 0.047972972972972976 0.007333333333333333 0.019594594594594596
0 0.19433333333333333 0.5236486486486487 0.010666666666666666 0.019594594594594596
0 0.08666666666666667 0.8831081081081081 0.01633333333333333 0.013513513513513514
0 0.8666666666666667 0.6432432432432432 0.011666666666666667 0.019594594594594596
0 0.21233333333333335 0.9898648648648649 0.013666666666666667 0.015540540540540541
0 0.9386666666666666 0.527027027027027 0.009333333333333334 0.0222972972972973
0 0.9836666666666667 0.31351351351351353 0.013333333333333334 0.015540540540540541
0 0.7323333333333333 0.9621621621621622 0.008333333333333333 0.02837837837837838
0 0.26766666666666666 0.625 0.009 0.02027027027027027
0 0.49766666666666665 0.1581081081081081 0.012333333333333333 0.01756756756756757
0 0.294 0.47297297297297297 0.014666666666666666 0.020945945945945947
0 0.7966666666666666 0.3952702702702703 0.009333333333333334 0.025
0 0.8653333333333333 0.8567567567567568 0.011333333333333334 0.025
0 0.9813333333333333 0.8567567567567568 0.017666666666666667 0.015540540540540541
0 0.312 0.7621621621621621 0.008 0.026351351351351353
0 0.41133333333333333 0.4648648648648649 0.013333333333333334 0.018243243243243244
0 0.5876666666666667 0.3831081081081081 0.008333333333333333 0.024324324324324326
0 0.358 0.40337837837837837 0.007333333333333333 0.02837837837837838
0 0.8903333333333333 0.3452702702702703 0.008333333333333333 0.020945945945945947
0 0.9393333333333334 0.652027027027027 0.007666666666666666 0.02364864864864865
0 0.44433333333333336 0.12364864864864865 0.009 0.020945945945945947
0 0.125 0.922972972972973 0.010666666666666666 0.021621621621621623
0 0.721 0.3162162162162162 0.011333333333333334 0.015540540540540541
0 0.831 0.9236486486486486 0.012333333333333333 0.019594594594594596
0 0.949 0.43243243243243246 0.009666666666666667 0.025675675675675677
0 0.41333333333333333 0.629054054054054 0.008666666666666666 0.030405405405405407
0 0.7523333333333333 0.33513513513513515 0.017666666666666667 0.015540540540540541
0 0.891 0.9128378378378378 0.01 0.0222972972972973
0 0.704 0.8675675675675676 0.009 0.026351351351351353
0 0.5066666666666667 0.21824324324324323 0.009333333333333334 0.027702702702702704
0 0.995 0.36824324324324326 0.01 0.02027027027027027
0 0.881 0.2959459459459459 0.012333333333333333 0.01891891891891892
0 0.09166666666666666 0.8405405405405405 0.007333333333333333 0.01418918918918919
0 0.175 0.9364864864864865 0.009 0.018243243243243244
0 0.10733333333333334 0.46756756756756757 0.007666666666666666 0.022972972972972974
0 0.602 0.7297297297297297 0.008333333333333333 0.0222972972972973
0 0.8783333333333333 0.2831081081081081 0.012333333333333333 0.015540540540540541
0 0.809 0.9932432432432432 0.016666666666666666 0.012837837837837839
0 0.3566666666666667 0.5209459459459459 0.010333333333333333 0.02027027027027027
0 0.166 0.13716216216216215 0.009666666666666667 0.012837837837837839
0 0.15666666666666668 0.7871621621621622 0.008 0.02364864864864865
0 0.8356666666666667 0.7466216216216216 0.009333333333333334 0.02027027027027027
0 0.5203333333333333 0.4966216216216216 0.009 0.025
0 0.44066666666666665 0.42905405405405406 0.012 0.021621621621621623
0 0.6673333333333333 0.24054054054054055 0.011666666666666667 0.01891891891891892
0 0.8823333333333333 0.5925675675675676 0.013666666666666667 0.025
0 0.43033333333333335 0.22094594594594594 0.008666666666666666 0.02972972972972973
0 0.404 0.8891891891891892 0.011 0.02364864864864865
0 0.3383333333333333 0.32297297297297295 0.013 0.019594594594594596
0 0.9416666666666667 0.8506756756756757 0.014666666666666666 0.019594594594594596
0 0.9636666666666667 0.2810810810810811 0.009333333333333334 0.02364864864864865
0 0.9453333333333334 0.3824324324324324 0.012333333333333333 0.01756756756756757
0 0.7503333333333333 0.23581081081081082 0.008 0.025675675675675677
0 0.5563333333333333 0.23175675675675675 0.011 0.018243243243243244
0 0.13466666666666666 0.07094594594594594 0.007666666666666666 0.01891891891891892
0 0.5693333333333334 0.9236486486486486 0.014666666666666666 0.0222972972972973
0 0.839 0.529054054054054 0.009666666666666667 0.016891891891891893
0 0.37366666666666665 0.42702702702702705 0.007666666666666666 0.022972972972972974
0 0.257 0.021621621621621623 0.010666666666666666 0.016216216216216217
0 0.25466666666666665 0.05945945945945946 0.008666666666666666 0.02702702702702703
0 0.4886666666666667 0.05405405405405406 0.013 0.016216216216216217
0 0.46266666666666667 0.17027027027027028 0.011333333333333334 0.02027027027027027
0 0.3476666666666667 0.17027027027027028 0.007 0.0222972972972973
0 0.209 0.225 0.007666666666666666 0.027702702702702704
0 0.166 0.15472972972972973 0.009 0.02364864864864865
0 0.016666666666666666 0.21486486486486486 0.01 0.01891891891891892
0 0.044 0.2722972972972973 0.013 0.021621621621621623
0 0.064 0.32432432432432434 0.007666666666666666 0.021621621621621623
0 0.21366666666666667 0.31013513513513513 0.012 0.026351351351351353
0 0.17766666666666667 0.24324324324324326 0.011 0.030405405405405407
0 0.24766666666666667 0.3364864864864865 0.006333333333333333 0.02702702702702703
0 0.22 0.3783783783783784 0.011333333333333334 0.030405405405405407
0 0.25533333333333336 0.37567567567567567 0.015 0.015540540540540541
0 0.096 0.40743243243243243 0.010333333333333333 0.01891891891891892
0 0.10333333333333333 0.4101351351351351 0.007333333333333333 0.025675675675675677
0 0.067 0.4648648648648649 0.009333333333333334 0.0222972972972973
0 0.059 0.4594594594594595 0.007333333333333333 0.02702702702702703
0 0.015333333333333332 0.5168918918918919 0.008666666666666666 0.021621621621621623
0 0.3283333333333333 0.6263513513513513 0.008 0.021621621621621623
0 0.364 0.5175675675675676 0.007333333333333333 0.029054054054054056
0 0.409 0.43445945945945946 0.011666666666666667 0.015540540540540541
0 0.43133333333333335 0.4891891891891892 0.008666666666666666 0.02837837837837838
0 0.44666666666666666 0.3952702702702703 0.007333333333333333 0.02837837837837838
0 0.479 0.4574324324324324 0.006666666666666667 0.02837837837837838
0 0.032 0.6297297297297297 0.005666666666666667 0.024324324324324326
0 0.331 0.7027027027027027 0.005666666666666667 0.02364864864864865
0 0.43066666666666664 0.7162162162162162 0.006666666666666667 0.022972972972972974
0 0.413 0.7378378378378379 0.007 0.024324324324324326
0 0.41333333333333333 0.7608108108108108 0.009 0.019594594594594596
0 0.23266666666666666 0.7033783783783784 0.006666666666666667 0.021621621621621623
0 0.22866666666666666 0.7202702702702702 0.007333333333333333 0.020945945945945947
0 0.011 0.822972972972973 0.008 0.020945945945945947
0 0.03166666666666667 0.8189189189189189 0.010666666666666666 0.02364864864864865
0 0.048666666666666664 0.827027027027027 0.006333333333333333 0.02027027027027027
0 0.04833333333333333 0.8729729729729729 0.006666666666666667 0.02364864864864865
0 0.11133333333333334 0.8986486486486487 0.012333333333333333 0.013513513513513514
0 0.14033333333333334 0.9087837837837838 0.007 0.025675675675675677
0 0.012666666666666666 0.922972972972973 0.006666666666666667 0.02702702702702703
0 0.031 0.9121621621621622 0.005333333333333333 0.025
0 0.04 0.925 0.006 0.0222972972972973
0 0.04133333333333333 0.902027027027027 0.009 0.014864864864864866
0 0.123 0.9932432432432432 0.012666666666666666 0.013513513513513514
0 0.162 0.9162162162162162 0.007333333333333333 0.020945945945945947
0 0.186 0.8614864864864865 0.009666666666666667 0.018243243243243244
0 0.20366666666666666 0.9155405405405406 0.007333333333333333 0.022972972972972974
0 0.291 0.9101351351351351 0.009666666666666667 0.01891891891891892
0 0.37966666666666665 0.8243243243243243 0.005333333333333333 0.021621621621621623
0 0.48633333333333334 0.8128378378378378 0.008 0.02702702702702703
0 0.49633333333333335 0.8216216216216217 0.008 0.025675675675675677
0 0.49666666666666665 0.8614864864864865 0.006666666666666667 0.027702702702702704
0 0.5656666666666667 0.0804054054054054 0.006 0.02972972972972973
0 0.669 0.09391891891891892 0.007 0.026351351351351353
0 0.8993333333333333 0.06486486486486487 0.007 0.02364864864864865
0 0.9313333333333333 0.22027027027027027 0.013333333333333334 0.012162162162162163
0 0.9836666666666667 0.20270270270270271 0.007333333333333333 0.02837837837837838
0 0.9956666666666667 0.2222972972972973 0.007666666666666666 0.02972972972972973
0 0.976 0.25675675675675674 0.006333333333333333 0.02702702702702703
0 0.615 0.28783783783783784 0.008 0.02972972972972973
0 0.5843333333333334 0.20743243243243242 0.007666666666666666 0.01891891891891892
0 0.542 0.2168918918918919 0.011666666666666667 0.01418918918918919
0 0.5543333333333333 0.23581081081081082 0.004666666666666667 0.032432432432432434
0 0.6756666666666666 0.32432432432432434 0.008 0.029054054054054056
0 0.616 0.35405405405405405 0.011333333333333334 0.02702702702702703
0 0.6556666666666666 0.34121621621621623 0.015666666666666666 0.012837837837837839
0 0.572 0.37094594594594593 0.01 0.02364864864864865
0 0.5846666666666667 0.43648648648648647 0.007333333333333333 0.026351351351351353
0 0.5563333333333333 0.6168918918918919 0.009666666666666667 0.0222972972972973
0 0.551 0.65 0.011 0.021621621621621623
0 0.5896666666666667 0.6804054054054054 0.007333333333333333 0.02364864864864865
0 0.6596666666666666 0.4797297297297297 0.007 0.025
0 0.675 0.5621621621621622 0.008666666666666666 0.022972972972972974
0 0.739 0.5094594594594595 0.010666666666666666 0.01418918918918919
0 0.793 0.47162162162162163 0.006333333333333333 0.024324324324324326
0 0.9746666666666667 0.39054054054054055 0.009 0.0222972972972973
0 0.8433333333333334 0.5493243243243243 0.011333333333333334 0.015540540540540541
0 0.9563333333333334 0.6533783783783784 0.007 0.029054054054054056
0 0.9956666666666667 0.677027027027027 0.007333333333333333 0.020945945945945947
0 0.543 0.6918918918918919 0.008666666666666666 0.02702702702702703
0 0.6413333333333333 0.9824324324324324 0.009 0.025675675675675677
0 0.7573333333333333 0.85 0.009666666666666667 0.025
0 0.769 0.852027027027027 0.008 0.025
0 0.8596666666666667 0.7135135135135136 0.006333333333333333 0.02972972972972973
0 0.8656666666666667 0.6972972972972973 0.009333333333333334 0.03445945945945946
0 0.938 0.7716216216216216 0.008333333333333333 0.029054054054054056
0 0.959 0.7554054054054054 0.007666666666666666 0.026351351351351353
0 0.9646666666666667 0.7831081081081082 0.009 0.029054054054054056
0 0.866 0.7817567567567567 0.008 0.03175675675675676
0 0.943 0.9925675675675676 0.008666666666666666 0.014864864864864866
0 0.9533333333333334 0.9898648648648649 0.007333333333333333 0.01756756756756757
0 0.7093333333333334 0.1 0.008333333333333333 0.011486486486486487
0 0.9196666666666666 0.06689189189189189 0.009333333333333334 0.018243243243243244
0 0.926 0.062162162162162166 0.010666666666666666 0.019594594594594596