0 0.059675781250000004 0.12661502711076686 0.0115625 0.012765298218435321
0 0.13410546875 0.09041828040278854 0.01223046875 0.016816421378776144
0 0.0771484375 0.10525174283501161 0.0071484375 0.021332300542215337
0 0.068546875 0.17540666150271106 0.00790625 0.025468628969790862
0 0.03590625 0.19403563129357088 0.014472656249999999 0.014608830364058868
0 0.14974218749999998 0.2195429899302866 0.007578125 0.02573199070487994
0 0.304125 0.23806351665375675 0.009460937499999999 0.012501936483346243
0 0.303125 0.22660728117738188 0.00930078125 0.010015491866769945
0 0.3039609375 0.17021688613477923 0.0106484375 0.016584043377226954
0 0.3139453125 0.16877614252517428 0.012167968749999999 0.013477924089852825
0 0.32158203125 0.14252517428350117 0.00858203125 0.014376452362509682
0 0.29560546875 0.19656855151045702 0.006621093749999999 0.01249419054996127
0 0.0141171875 0.5040356312935709 0.009519531250000001 0.010085205267234701
0 0.018859375 0.49233927188226184 0.0066484375 0.01935708752904725
0 0.157546875 0.44360185902401245 0.007453125 0.01895429899302866
0 0.17967187499999998 0.4378079008520527 0.010499999999999999 0.012378001549186677
0 0.17920703124999998 0.5355538342370255 0.007359375 0.01868319132455461
0 0.226921875 0.41504260263361736 0.00651953125 0.012501936483346243
0 0.2214921875 0.3813168086754454 0.007859375 0.025941130906274208
0 0.27305859374999997 0.4018435321456235 0.00578515625 0.0207436096049574
0 0.3020546875 0.37655305964368707 0.00475 0.02188226181254841
0 0.352875 0.39575522850503486 0.00481640625 0.018791634391944232
0 0.21812890624999998 0.3264291247095275 0.0093515625 0.011146398140975988
0 0.21407421875 0.1893106119287374 0.0072968749999999995 0.024074360960495738
0 0.21587499999999998 0.16910147172734313 0.00878125 0.009821843532145623
0 0.14262890625 0.1686522075910147 0.0077929687499999995 0.019798605731990705
0 0.0928359375 0.2166305189775368 0.00653515625 0.012873741285824943
0 0.162546875 0.02858249419054996 0.005078125 0.022749806351665375
0 0.25312109375 0.07969790859798606 0.01209765625 0.00930286599535244
0 0.31690625 0.11565453137103021 0.00769140625 0.024159566227730443
0 0.26302734375000003 0.08043377226955849 0.0090625 0.011874515879163439
0 0.299140625 0.5271030209140202 0.0085390625 0.015398915569326103
0 0.32258984375 0.5534934159566227 0.00944921875 0.01509682416731216
0 0.15841015625 0.6912083656080558 0.0057265625 0.021061192873741287
0 0.205515625 0.7093880712625872 0.006617187500000001 0.0220294345468629
0 0.21341796875000002 0.717436096049574 0.01123046875 0.012230828814872191
0 0.27337890625 0.7320759101471728 0.00948046875 0.013818745158791635
0 0.40825390625 0.06547637490317583 0.013003906249999999 0.011432997676219985
0 0.46190234375 0.06199845081332301 0.0068515625 0.015507358636715724
0 0.4520859375 0.12581719597211463 0.01003125 0.015561580170410535
0 0.4764765625 0.12130131680867544 0.005765625 0.020766847405112317
0 0.46624999999999994 0.08718048024786987 0.0068632812500000005 0.019876065065840436
0 0.43909765624999997 0.1609140201394268 0.00938671875 0.014515879163439193
0 0.42037890625 0.23068164213787762 0.0068359375 0.023261037955073588
0 0.43870703125 0.22101471727343144 0.00533203125 0.018164213787761424
0 0.36217968749999996 0.22543764523625098 0.00837109375 0.017947327652982185
0 0.3552890625 0.3230596436870643 0.0056953125 0.017621998450813324
0 0.46177343750000005 0.3106196746707978 0.0049921875 0.022788536018590242
0 0.47106250000000005 0.33980635166537565 0.01030078125 0.011975213013168087
0 0.47426171874999995 0.32522850503485673 0.01116015625 0.012323780015491868
0 0.4335859375 0.33021688613477923 0.01403125 0.01386522075910147
0 0.37281640625 0.41507358636715724 0.00548046875 0.01905499612703331
0 0.41713671874999997 0.43899302865995354 0.01023828125 0.010580945003872968
0 0.40554296875 0.42482571649883816 0.010199218749999999 0.013950426026336175
0 0.44990625 0.39639814097598763 0.00422265625 0.021843532145623547
0 0.382546875 0.5146940356312936 0.0073124999999999996 0.02144074360960496
0 0.4839765625 0.4706816421378776 0.007703125 0.020178156467854376
0 0.49140234375 0.4736870642912471 0.0061796875 0.016553059643687064
0 0.515359375 0.5467621998450813 0.01365234375 0.009163439194422928
0 0.48073046875000003 0.5884275755228505 0.00645703125 0.016080557707203718
0 0.48596484375 0.6035089078233927 0.005953125 0.017219209914794732
0 0.48491796875000004 0.5762044926413633 0.0043671874999999995 0.013648334624322231
0 0.47064843749999996 0.6286057319907049 0.0150078125 0.012261812548412084
0 0.47922265625 0.648024786986832 0.0045625 0.022726568551510458
0 0.4565 0.6626181254841209 0.00942578125 0.01721146398140976
0 0.42336718749999996 0.6489465530596437 0.00600390625 0.020557707203718047
0 0.4481171875 0.6149109217660729 0.0058671875 0.018536018590240122
0 0.44604296874999994 0.5162509682416732 0.007113281250000001 0.01711076684740511
0 0.341203125 0.596893880712626 0.00821875 0.016173508907823392
0 0.3458046875 0.7036483346243222 0.0106640625 0.013787761425251743
0 0.36598828125 0.9836715724244772 0.009460937499999999 0.010085205267234701
0 0.38961328125 0.9928350116189001 0.005765625 0.012881487219209915
0 0.66840625 0.9837412858249419 0.0095390625 0.00994577846630519
0 0.6191953125 0.983996901626646 0.00971484375 0.009442292796281952
0 0.5720390625 0.8479163439194424 0.0130546875 0.009876065065840434
0 0.527875 0.832618125484121 0.007984375 0.009744384198295895
0 0.5595234375 0.8243919442292796 0.006625000000000001 0.0165995352439969
0 0.6063007812500001 0.851998450813323 0.0074375 0.016119287374128582
0 0.799703125 0.7178698683191325 0.007117187499999999 0.02010069713400465
0 0.18331640625 0.5294810224632068 0.006687500000000001 0.023206816421378777
0 0.08350390625000001 0.9912470952749807 0.0069257812500000005 0.01750580945003873
0 0.79682421875 0.7060418280402788 0.006703125 0.016080557707203718
0 0.51416015625 0.546576297443842 0.013191406250000001 0.015801704105344695
0 0.22937109375000003 0.139426800929512 0.01403515625 0.015042602633617352
0 0.38134765625 0.22838109992254066 0.01309765625 0.016653756777691712
0 0.65576171875 0.8220371804802479 0.01353125 0.017498063516653756
0 0.24853515625 0.39286599535244 0.012359375 0.02113090627420604
0 0.07629296875 0.4052130131680868 0.00791015625 0.019527498063516655
0 0.38940625 0.17210689388071262 0.0071015625 0.021990704879938032
0 0.92041015625 0.9096669248644462 0.013488281250000001 0.019333849728892332
0 0.371828125 0.6095120061967467 0.0084296875 0.02206816421378776
0 0.149046875 0.46305964368706426 0.00940625 0.018117738187451587
0 0.10687109374999999 0.2953137103020914 0.0103984375 0.016243222308288147
0 0.1982421875 0.7876684740511232 0.007300781250000001 0.016824167312161114
0 0.7880859375 0.9266072811773819 0.01149609375 0.01911696359411309
0 0.22741796875000003 0.5838497288923316 0.00653515625 0.01946553059643687
0 0.27758984375 0.8510844306738962 0.00667578125 0.022238574748257165
0 0.26416015625 0.4395817195972115 0.013242187499999999 0.017242447714949653
0 0.42138671875 0.7576529821843532 0.00653515625 0.023129357087529046
0 0.47900390625 0.7547482571649884 0.009109375 0.02606506584043377
0 0.0642109375 0.9241905499612704 0.014449218750000001 0.012649109217660727
0 0.177125 0.9019209914794734 0.009886718749999999 0.027939581719597213
0 0.71435546875 0.8060650658404338 0.014937500000000001 0.013276529821843533
0 0.14282421875 0.5412470952749806 0.009109375 0.0156855151045701
0 0.2946796875 0.7479705654531371 0.0071015625 0.024415182029434546
0 0.259765625 0.9469403563129357 0.014937500000000001 0.02397366382649109
0 0.04153515625 0.9488768396591789 0.01286328125 0.017498063516653756
0 0.74609375 0.5799767621998451 0.0122265625 0.014082106893880713
0 0.365234375 0.8234934159566228 0.007124999999999999 0.020983733539891556
0 0.01771484375 0.9033694810224632 0.00940625 0.018590240123934933
0 0.361328125 0.9769558481797056 0.01840234375 0.020766847405112317
0 0.15283203125 0.9280635166537569 0.012769531249999999 0.014624322230828815
0 0.716625 0.592285050348567 0.01211328125 0.014624322230828815
0 0.7294921875 0.5601316808675445 0.013984374999999999 0.013144848954298993
0 0.984375 0.6995584817970566 0.0133359375 0.01515104570100697
0 0.1806640625 0.2711076684740511 0.00950390625 0.025685515104570098
0 0.30395703125 0.8617350890782339 0.00660546875 0.02238574748257165
0 0.44165234375000006 0.9222540666150272 0.008546874999999999 0.018590240123934933
0 0.35962109375 0.8738419829589467 0.01666015625 0.01509682416731216
0 0.0303359375 0.3439659178931061 0.011328125 0.012788536018590242
0 0.79833984375 0.7644306738962044 0.015265625 0.016080557707203718
0 0.83984375 0.6569558481797056 0.015265625 0.01557707203718048
0 0.765625 0.793477924089853 0.015097656249999999 0.012788536018590242
0 0.6011328125000001 0.5551045701006971 0.010687499999999999 0.014810224632068165
0 0.61632421875 0.5373818745158792 0.0059609375 0.025515104570100696
0 0.62744140625 0.5247869868319133 0.00891796875 0.02962044926413633
0 0.77392578125 0.4855770720371805 0.008796875 0.01884585592563904
0 0.23657421875 0.8452749806351665 0.01125 0.01525174283501162
0 0.08990625 0.5799767621998451 0.00740234375 0.012192099147947328
0 0.8242968749999999 0.8026336173508908 0.00994140625 0.014492641363284276
0 0.34985546875 0.8230054221533695 0.01290625 0.018923315259488767
0 0.92724609375 0.38269558481797056 0.00755859375 0.02238574748257165
0 0.75634765625 0.43691711851278076 0.0125859375 0.02262587141750581
0 0.8603515625 0.7939581719597212 0.01537890625 0.01845081332300542
0 0.92333984375 0.20539116963594115 0.008546874999999999 0.028543764523625097
0 0.79541015625 0.8970797831138653 0.00646875 0.026444616576297444
0 0.6161953125 0.6804182804027885 0.006953125 0.018729666924864444
0 0.54072265625 0.7112006196746707 0.005703125 0.0227420604182804
0 0.54830078125 0.700294345468629 0.00477734375 0.023687064291247093
0 0.57082421875 0.6883346243222308 0.01356640625 0.021828040278853603
0 0.57437890625 0.672021688613478 0.009546875 0.013934934159566226
0 0.57577734375 0.6491866769945779 0.00984375 0.0117428350116189
0 0.59670703125 0.6404337722695584 0.010738281249999999 0.018698683191324554
0 0.73119140625 0.643741285824942 0.01156640625 0.013539891556932611
0 0.8483515625000001 0.607157242447715 0.01039453125 0.01689388071262587
0 0.97591015625 0.5892176607281177 0.0052812499999999995 0.02222308288148722
0 0.5317421875 0.7655693261037956 0.008703125 0.01782339271882262
0 0.551046875 0.744848954298993 0.007484375 0.015623547637490319
0 0.73456640625 0.8544771494965144 0.01435546875 0.011649883810999224
0 0.73212890625 0.839705654531371 0.0075 0.015011618900077458
0 0.741390625 0.8650503485670022 0.006625000000000001 0.022587141750580946
0 0.66291796875 0.9346475600309838 0.006617187500000001 0.024399690162664602
0 0.9736210937499999 0.8730906274206043 0.01059375 0.020968241673121613
0 0.974796875 0.778001549186677 0.006636718749999999 0.020123934934159565
0 0.97775 0.7635631293570875 0.008117187500000001 0.019604957397366382
0 0.92151171875 0.8319209914794733 0.0096328125 0.010286599535243997
0 0.9354687500000001 0.8482804027885361 0.0095703125 0.010712625871417506
0 0.93905078125 0.8362277304415181 0.01663671875 0.012068164213787761
0 0.9426406249999999 0.8448954298993029 0.005707031249999999 0.012587141750580944
0 0.9138437500000001 0.7666847405112316 0.00765234375 0.014763749031758326
0 0.9121210937500001 0.7523934934159566 0.0104765625 0.012664601084430675
0 0.89977734375 0.7338807126258715 0.010417968750000001 0.010410534469403562
0 0.8897890625 0.6878776142525174 0.01058984375 0.010518977536793183
0 0.8075468750000001 0.6825329202168862 0.00894921875 0.01016266460108443
0 0.96319140625 0.9348954298993029 0.00980859375 0.01112316034082107
0 0.7789843750000001 0.9640898528272658 0.00451953125 0.018404337722695587
0 0.8791171875 0.555693261037955 0.014609374999999999 0.010859798605731991
0 0.94405859375 0.5621146398140976 0.007546875 0.012122385747482572
0 0.9382578125000001 0.5103950426026336 0.012648437500000002 0.012176607281177382
0 0.9323593750000001 0.46221533694810224 0.01192578125 0.011456235476374902
0 0.8748164062500001 0.5259333849728892 0.0139375 0.011789310611928738
0 0.83818359375 0.4373199070487994 0.00789453125 0.02166537567776917
0 0.882875 0.4777691711851278 0.00894921875 0.01728892331525949
0 0.90676171875 0.4975677769171185 0.0094296875 0.016793183578621224
0 0.99242578125 0.4432378001549187 0.0082578125 0.01776917118512781
0 0.992625 0.38698683191324557 0.0103359375 0.009364833462432222
0 0.96265625 0.4102091402013943 0.0071640625 0.01876839659178931
0 0.90491015625 0.2932842757552285 0.0106640625 0.009287374128582495
0 0.912984375 0.31524399690162663 0.00844140625 0.012633617350890781
0 0.9789257812500001 0.21518202943454687 0.0046328125 0.019481022463206814
0 0.90341015625 0.1739194422927963 0.007789062500000001 0.016684740511231602
0 0.958 0.041595662277304414 0.0111875 0.013617350890782339
0 0.9403515625000001 0.06464756003098372 0.008722656249999999 0.025577072037180484
0 0.9431679687500001 0.03755228505034856 0.01071484375 0.0117428350116189
0 0.98015234375 0.023648334624322233 0.00641015625 0.01080557707203718
0 0.8676640624999999 0.13069713400464755 0.00569921875 0.015995352439969013
0 0.8539687499999999 0.12239349341595662 0.01183203125 0.01726568551510457
0 0.8283671874999999 0.14630518977536794 0.004296875 0.01927962819519752
0 0.8477382812500001 0.22154918667699455 0.00496875 0.022904725019364833
0 0.88697265625 0.19933384972889232 0.0057265625 0.016738962044926413
0 0.78768359375 0.08918667699457784 0.00914453125 0.014670797831138654
0 0.75546875 0.06733539891556933 0.016804687500000002 0.016096049573973665
0 0.77977734375 0.06794732765298218 0.006984374999999999 0.020929512006196745
0 0.7848671875 0.06718822618125483 0.00701171875 0.020673896204492642
0 0.8129570312500001 0.0378001549186677 0.011113281249999999 0.010139426800929512
0 0.7674609375 0.10701006971340046 0.00930078125 0.011812548412083656
0 0.7648867187499999 0.1957397366382649 0.00798828125 0.013230054221533694
0 0.799484375 0.2129357087529047 0.0039882812500000005 0.0169713400464756
0 0.5395195312500001 0.2568319132455461 0.00997265625 0.011471727343144849
0 0.5573125 0.24439969016266458 0.00965234375 0.01144848954298993
0 0.5661953125 0.23869868319132456 0.004875 0.026537567776917115
0 0.57213671875 0.20557707203718045 0.0134140625 0.018241673121611155
0 0.5573125 0.1671959721146398 0.00965234375 0.017660728117738188
0 0.5386992187499999 0.33024786986831917 0.00666015625 0.029147947327652985
0 0.5183046874999999 0.30044151820294346 0.008464843750000001 0.017552285050348566
0 0.58246484375 0.26512006196746707 0.006578125 0.018195197521301314
0 0.5829921875 0.23784663051897753 0.007789062500000001 0.029806351665375676
0 0.596796875 0.24723470178156468 0.00678515625 0.02208365608055771
0 0.62505078125 0.2835708752904725 0.01152734375 0.01324554608830364
0 0.64040234375 0.3081719597211464 0.013000000000000001 0.013144848954298993
0 0.62656640625 0.09189000774593338 0.007878906250000001 0.0160573199070488
0 0.6483515625 0.1691169635941131 0.008859375 0.023640588690937256
0 0.5811132812500001 0.4697366382649109 0.0121640625 0.013756777691711852
0 0.5833398437499999 0.43687064291247096 0.00956640625 0.01597986057319907
0 0.63658984375 0.364848954298993 0.008246093749999999 0.026212238574748258
0 0.5459609375000001 0.2300774593338497 0.006988281250000001 0.021680867544539115
0 0.52494921875 0.27977536793183577 0.0075546875 0.019271882261812548
0 0.65379296875 0.3322618125484121 0.009109375 0.011278079008520528
0 0.73197265625 0.2966615027110767 0.0074296875 0.014957397366382649
0 0.60160546875 0.2501781564678544 0.0053046875 0.028334624322230828
0 0.541390625 0.40304415182029435 0.008703125 0.015786212238574748
0 0.61130859375 0.4346243222308288 0.009929687500000001 0.0152285050348567
0 0.7043125 0.5187993803253292 0.0113984375 0.013826491092176608
0 0.7476484375 0.5260883036405887 0.00578125 0.022571649883811
0 0.55745703125 0.606591789310612 0.012453124999999999 0.012230828814872191
0 0.71453515625 0.6963051897753679 0.010132812500000001 0.014477149496514331
0 0.579875 0.7017505809450039 0.00969140625 0.017095274980635167
0 0.66334375 0.4621378776142525 0.00689453125 0.026638264910921767
0 0.630203125 0.4338187451587916 0.006796874999999999 0.017730441518202945
0 0.7144140625000001 0.49339271882261815 0.0123046875 0.016258714175058094
0 0.6602734375 0.6157474825716498 0.01099609375 0.012323780015491868
0 0.6521914062499999 0.009721146398140977 0.009343750000000001 0.017459333849728892
0 0.54784375 0.02048799380325329 0.01534375 0.011990704879938033
0 0.786390625 0.1708288148721921 0.006875000000000001 0.024918667699457785
0 0.7948398437499999 0.0844306738962045 0.0087890625 0.0220294345468629
0 0.66590234375 0.4352672347017815 0.00755859375 0.018907823392718823
0 0.55061328125 0.6710069713400465 0.00627734375 0.018876839659178933
0 0.54777734375 0.5389465530596437 0.007550781249999999 0.0226568551510457
0 0.5410703125 0.4800774593338497 0.0066640625 0.016676994577846632
0 0.7204375 0.4471649883810999 0.00545703125 0.01973663826491092
0 0.6488632812499999 0.38153369481022464 0.0113125 0.01402013942680093
0 0.49917187500000004 0.4158636715724245 0.00449609375 0.01670023237800155
0 0.6240390625 0.4434082106893881 0.00536328125 0.0103718048024787
0 0.66008203125 0.349442292796282 0.007648437499999999 0.011758326878388846
0 0.7715625 0.3773818745158792 0.00654296875 0.019682416731216113
0 0.7772812499999999 0.29530596436870643 0.0065234375 0.02005422153369481
0 0.71074609375 0.724887683965918 0.0058085937499999995 0.01587141750580945
0 0.71538671875 0.770294345468629 0.0053124999999999995 0.01740511231603408
0 0.8192421875000001 0.180286599535244 0.0086640625 0.014082106893880713
0 0.7126718750000001 0.0378001549186677 0.01044921875 0.009395817195972116
0 0.6633671875 0.14344694035631295 0.009234375 0.009938032532920218
0 0.6683671875 0.11501161890007745 0.0062578124999999995 0.022982184353214564
0 0.95998828125 0.11728117738187452 0.006015625 0.017676219984508135
0 0.62080859375 0.7841595662277304 0.0156640625 0.012587141750580944
0 0.6093828125 0.7838729666924864 0.00490625 0.02197521301316809
0 0.6063359375 0.7718822618125484 0.00757421875 0.016738962044926413
0 0.61366796875 0.7724477149496515 0.00709375 0.017869868319132457
0 0.6118125 0.7463826491092177 0.01205078125 0.022393493415956624
0 0.81603125 0.7989697908597986 0.00984375 0.012742060418280403
0 0.99840625 0.4446940356312936 0.0031875000000000002 0.014252517428350115
0 0.29715625 0.6696127033307514 0.01318359375 0.013129357087529046
0 0.07869921875 0.27833462432223083 0.0042265625 0.018326878388845856
0 0.1477578125 0.24900852052672348 0.00712890625 0.015189775367931835
0 0.26514453125 0.09321456235476375 0.00898046875 0.014663051897753679
0 0.48460156249999997 0.9667079783113866 0.006867187499999999 0.023044151820294345
0 0.5132578125 0.9813710302091402 0.013996093749999999 0.027234701781564678
0 0.556171875 0.6451742835011619 0.010562499999999999 0.009426800929512006
0 0.3439765625 0.6566924864446165 0.0092421875 0.010472501936483346
0 0.40735546874999995 0.3778311386522076 0.01294140625 0.017281177381874516
0 0.67382421875 0.4171107668474051 0.00871484375 0.013090627420604182
0 0.34741015625 0.3862122385747483 0.0066015625 0.02042602633617351
0 0.37896874999999997 0.3396049573973664 0.01162109375 0.015189775367931835
0 0.48539453125 0.34588690937257943 0.00739453125 0.018326878388845856
0 0.6496601562500001 0.48623547637490316 0.006867187499999999 0.015189775367931835