0 0.0275 0.09066666666666667 0.012 0.013333333333333334
0 0.10525 0.05288888888888889 0.01275 0.017333333333333333
0 0.04575 0.06844444444444445 0.0075 0.022222222222222223
0 0.03675 0.14177777777777778 0.00825 0.02666666666666667
0 0.005 0.16044444444444445 0.01 0.015111111111111112
0 0.1215 0.18755555555555556 0.008 0.02666666666666667
0 0.2825 0.2071111111111111 0.00975 0.012888888888888889
0 0.2815 0.19511111111111112 0.00975 0.010222222222222223
0 0.2825 0.13644444444444445 0.011 0.017333333333333333
0 0.29275 0.13466666666666666 0.01275 0.014222222222222223
0 0.30075 0.10755555555555556 0.009 0.015111111111111112
0 0.27375 0.164 0.007 0.012888888888888889
0 0.12975 0.42133333333333334 0.00775 0.019555555555555555
0 0.15275 0.41555555555555557 0.011 0.012888888888888889
0 0.15225 0.5173333333333333 0.00775 0.019555555555555555
0 0.202 0.39155555555555555 0.00675 0.012888888888888889
0 0.1955 0.35333333333333333 0.00625 0.020444444444444446
0 0.25025 0.37777777777777777 0.006 0.021777777777777778
0 0.2805 0.35155555555555557 0.005 0.02266666666666667
0 0.3335 0.37155555555555553 0.005 0.019555555555555555
0 0.193 0.2991111111111111 0.00975 0.011555555555555555
0 0.189 0.15466666666666667 0.00675 0.022222222222222223
0 0.1905 0.1351111111111111 0.00925 0.010222222222222223
0 0.11425 0.13466666666666666 0.00825 0.020444444444444446
0 0.06225 0.18488888888888888 0.00675 0.013333333333333334
0 0.2295 0.041777777777777775 0.0125 0.009777777777777778
0 0.29525 0.08044444444444444 0.00675 0.02311111111111111
0 0.23975 0.042666666666666665 0.0095 0.012444444444444444
0 0.2775 0.5084444444444445 0.009 0.016
0 0.302 0.536 0.00975 0.015555555555555555
0 0.1305 0.6795555555555556 0.006 0.021777777777777778
0 0.17975 0.6986666666666667 0.007 0.02311111111111111
0 0.188 0.7071111111111111 0.01175 0.012888888888888889
0 0.2505 0.7222222222222222 0.01 0.014222222222222223
0 0.39125 0.02711111111111111 0.0135 0.012
0 0.44725 0.023555555555555555 0.00725 0.016
0 0.437 0.09022222222222222 0.0105 0.016444444444444446
0 0.4625 0.08533333333333333 0.006 0.021777777777777778
0 0.45175 0.049777777777777775 0.00725 0.020888888888888887
0 0.4235 0.12666666666666668 0.00975 0.015111111111111112
0 0.40375 0.1991111111111111 0.00525 0.019555555555555555
0 0.423 0.18933333333333333 0.0055 0.01911111111111111
0 0.34325 0.19377777777777777 0.00875 0.018666666666666668
0 0.336 0.29555555555555557 0.006 0.018222222222222223
0 0.447 0.2826666666666667 0.00525 0.023555555555555555
0 0.45675 0.31333333333333335 0.01075 0.012444444444444444
0 0.46 0.29777777777777775 0.01175 0.012888888888888889
0 0.4165 0.30444444444444446 0.01225 0.011555555555555555
0 0.35425 0.39155555555555555 0.00575 0.02
0 0.4005 0.41644444444444445 0.01075 0.011111111111111112
0 0.3885 0.4017777777777778 0.01075 0.014666666666666666
0 0.43475 0.372 0.0045 0.02266666666666667
0 0.3645 0.4955555555555556 0.00775 0.022222222222222223
0 0.47025 0.4497777777777778 0.008 0.020888888888888887
0 0.478 0.4528888888888889 0.0065 0.017333333333333333
0 0.503 0.5288888888888889 0.01425 0.009777777777777778
0 0.46675 0.5724444444444444 0.00675 0.016888888888888887
0 0.47225 0.588 0.00625 0.017777777777777778
0 0.47125 0.5595555555555556 0.0045 0.014222222222222223
0 0.45625 0.6142222222222222 0.01575 0.012888888888888889
0 0.46525 0.6346666666666667 0.00475 0.023555555555555555
0 0.4415 0.6497777777777778 0.00975 0.017777777777777778
0 0.407 0.6355555555555555 0.00625 0.021333333333333333
0 0.43275 0.6 0.006 0.01911111111111111
0 0.43075 0.49733333333333335 0.0075 0.017777777777777778
0 0.32125 0.5813333333333334 0.0085 0.016888888888888887
0 0.326 0.6924444444444444 0.011 0.014222222222222223
0 0.34725 0.9844444444444445 0.00975 0.010666666666666666
0 0.37175 0.9933333333333333 0.00575 0.012888888888888889
0 0.66275 0.9844444444444445 0.01 0.010222222222222223
0 0.61125 0.9848888888888889 0.01025 0.009777777777777778
0 0.562 0.8431111111111111 0.0135 0.010222222222222223
0 0.516 0.8271111111111111 0.00825 0.010222222222222223
0 0.549 0.8186666666666667 0.007 0.017333333333333333
0 0.59775 0.8471111111111111 0.00775 0.016888888888888887
0 0.7995 0.7075555555555556 0.0075 0.020888888888888887
0 0.1565 0.5111111111111111 0.007 0.024
0 0.05225 0.9915555555555555 0.00725 0.016888888888888887
0 0.7965 0.6951111111111111 0.007 0.016888888888888887
0 0.50175 0.5288888888888889 0.01375 0.016444444444444446
0 0.20475 0.104 0.01475 0.015555555555555555
0 0.36325 0.1968888888888889 0.01375 0.017333333333333333
0 0.6495 0.816 0.014 0.018222222222222223
0 0.22475 0.36844444444444446 0.013 0.022222222222222223
0 0.045 0.38133333333333336 0.00825 0.020444444444444446
0 0.3715 0.13822222222222222 0.0075 0.02311111111111111
0 0.9255 0.9075555555555556 0.014 0.02
0 0.35325 0.5942222222222222 0.00875 0.02311111111111111
0 0.12075 0.44177777777777777 0.00975 0.01911111111111111
0 0.07675 0.26666666666666666 0.01075 0.016888888888888887
0 0.17225 0.78 0.0075 0.017333333333333333
0 0.7875 0.9248888888888889 0.012 0.02
0 0.2025 0.5675555555555556 0.00675 0.020444444444444446
0 0.255 0.8462222222222222 0.007 0.02311111111111111
0 0.241 0.41733333333333333 0.01375 0.017777777777777778
0 0.405 0.7488888888888889 0.00675 0.024
0 0.465 0.7457777777777778 0.0095 0.02711111111111111
0 0.03225 0.9226666666666666 0.015 0.013333333333333334
0 0.15025 0.8995555555555556 0.01025 0.029333333333333333
0 0.7105 0.7995555555555556 0.0155 0.013777777777777778
0 0.11425 0.5231111111111111 0.0095 0.016444444444444446
0 0.27275 0.7386666666666667 0.0075 0.025333333333333333
0 0.23625 0.9462222222222222 0.0155 0.024888888888888887
0 0.00875 0.9484444444444444 0.0135 0.018222222222222223
0 0.74375 0.5635555555555556 0.01275 0.014666666666666666
0 0.34625 0.8173333333333334 0.0075 0.021777777777777778
0 0.34225 0.9777777777777777 0.01925 0.021777777777777778
0 0.12475 0.9266666666666666 0.01325 0.015111111111111112
0 0.713 0.5764444444444444 0.01275 0.015111111111111112
0 0.72625 0.5431111111111111 0.0145 0.013777777777777778
0 0.99225 0.6884444444444444 0.014 0.016
0 0.15375 0.24133333333333334 0.01 0.02666666666666667
0 0.2825 0.8573333333333333 0.007 0.023555555555555555
0 0.426 0.9204444444444444 0.009 0.019555555555555555
0 0.3405 0.8702222222222222 0.0175 0.015555555555555555
0 0.0015 0.3168888888888889 0.00275 0.013777777777777778
0 0.79825 0.756 0.016 0.016888888888888887
0 0.8415 0.644 0.016 0.016444444444444446
0 0.764 0.7862222222222223 0.01575 0.013333333333333334
0 0.5925 0.5377777777777778 0.01125 0.015555555555555555
0 0.60825 0.5191111111111111 0.00625 0.02666666666666667
0 0.62 0.5062222222222222 0.00925 0.030666666666666665
0 0.77275 0.4653333333333333 0.00925 0.019555555555555555
0 0.21225 0.8404444444444444 0.01175 0.016
0 0.05925 0.5635555555555556 0.00775 0.012888888888888889
0 0.82525 0.796 0.01025 0.015111111111111112
0 0.33025 0.8168888888888889 0.0135 0.019555555555555555
0 0.93275 0.35777777777777775 0.008 0.023555555555555555
0 0.7545 0.4142222222222222 0.01325 0.023555555555555555
0 0.863 0.7866666666666666 0.016 0.01911111111111111
0 0.9285 0.1728888888888889 0.009 0.029777777777777778
0 0.79525 0.8942222222222223 0.00675 0.027555555555555555
0 0.60825 0.6684444444444444 0.00725 0.019555555555555555
0 0.5295 0.7004444444444444 0.006 0.023555555555555555
0 0.53725 0.6888888888888889 0.005 0.024888888888888887
0 0.56225 0.6786666666666666 0.0115 0.018222222222222223
0 0.5645 0.6595555555555556 0.01 0.014666666666666666
0 0.566 0.636 0.01025 0.012444444444444444
0 0.58775 0.6266666666666667 0.01125 0.019555555555555555
0 0.72825 0.6302222222222222 0.012 0.014222222222222223
0 0.85025 0.592 0.01075 0.017777777777777778
0 0.9835 0.5733333333333334 0.0055 0.02311111111111111
0 0.52 0.7573333333333333 0.009 0.018666666666666668
0 0.54025 0.7355555555555555 0.00775 0.016444444444444446
0 0.73175 0.8497777777777777 0.015 0.012
0 0.729 0.8346666666666667 0.00775 0.015555555555555555
0 0.73875 0.8608888888888889 0.007 0.023555555555555555
0 0.657 0.9333333333333333 0.007 0.025333333333333333
0 0.981 0.8693333333333333 0.011 0.021777777777777778
0 0.98525 0.7551111111111111 0.0085 0.020444444444444446
0 0.92675 0.8262222222222222 0.01 0.010666666666666666
0 0.94125 0.8435555555555555 0.01 0.011111111111111112
0 0.9475 0.8284444444444444 0.0125 0.009333333333333334
0 0.94875 0.84 0.006 0.013333333333333334
0 0.91875 0.7582222222222222 0.008 0.015555555555555555
0 0.917 0.7435555555555555 0.011 0.013333333333333334
0 0.904 0.724 0.01075 0.010666666666666666
0 0.8935 0.676 0.011 0.011111111111111112
0 0.80775 0.6706666666666666 0.00925 0.010666666666666666
0 0.97025 0.9337777777777778 0.01025 0.011555555555555555
0 0.778 0.964 0.00475 0.01911111111111111
0 0.8825 0.5382222222222223 0.01525 0.011111111111111112
0 0.95025 0.5448888888888889 0.00775 0.012444444444444444
0 0.94425 0.4911111111111111 0.01325 0.012888888888888889
0 0.9375 0.44044444444444447 0.0105 0.008888888888888889
0 0.878 0.5071111111111111 0.0145 0.012444444444444444
0 0.83875 0.41244444444444445 0.006 0.017777777777777778
0 0.88625 0.4568888888888889 0.00925 0.018222222222222223
0 0.903 0.4653333333333333 0.009 0.012444444444444444
0 0.91125 0.4777777777777778 0.00975 0.017333333333333333
0 0.9085 0.4648888888888889 0.00625 0.016444444444444446
0 0.998 0.42 0.004 0.018666666666666668
0 0.9975 0.36177777777777775 0.005 0.009777777777777778
0 0.9695 0.38666666666666666 0.0075 0.019555555555555555
0 0.90925 0.2644444444444444 0.011 0.009777777777777778
0 0.91775 0.28755555555555556 0.00875 0.013333333333333334
0 0.9865 0.1831111111111111 0.00475 0.020444444444444446
0 0.90775 0.14 0.00825 0.017333333333333333
0 0.965 0.003111111111111111 0.009 0.006222222222222222
0 0.947 0.024444444444444446 0.00775 0.023555555555555555
0 0.8705 0.0951111111111111 0.006 0.016888888888888887
0 0.85625 0.08622222222222223 0.01225 0.018222222222222223
0 0.8295 0.11155555555555556 0.0045 0.02
0 0.84975 0.18977777777777777 0.00525 0.024
0 0.89075 0.16666666666666666 0.006 0.017333333333333333
0 0.787 0.052 0.0095 0.015111111111111112
0 0.75575 0.030222222222222223 0.01 0.010222222222222223
0 0.77875 0.029777777777777778 0.00725 0.021777777777777778
0 0.78425 0.028888888888888888 0.00725 0.021777777777777778
0 0.81325 0.0017777777777777779 0.01175 0.003111111111111111
0 0.766 0.07022222222222223 0.00975 0.012444444444444444
0 0.76325 0.16311111111111112 0.00825 0.013777777777777778
0 0.7995 0.18088888888888888 0.00425 0.017777777777777778
0 0.52825 0.22666666666666666 0.0105 0.012
0 0.54675 0.2137777777777778 0.01 0.012
0 0.556 0.20755555555555555 0.005 0.027555555555555555
0 0.56225 0.17333333333333334 0.014 0.01911111111111111
0 0.54675 0.13333333333333333 0.01 0.018222222222222223
0 0.52725 0.3031111111111111 0.007 0.030222222222222223
0 0.506 0.272 0.00875 0.018222222222222223
0 0.573 0.2351111111111111 0.00675 0.01911111111111111
0 0.5735 0.20666666666666667 0.00825 0.03111111111111111
0 0.588 0.21644444444444444 0.007 0.02311111111111111
0 0.6175 0.25466666666666665 0.012 0.013777777777777778
0 0.6335 0.28 0.0135 0.013777777777777778
0 0.619 0.05466666666666667 0.00825 0.016888888888888887
0 0.64175 0.1351111111111111 0.00925 0.024444444444444446
0 0.5715 0.4484444444444444 0.01275 0.014222222222222223
0 0.574 0.4142222222222222 0.01 0.016444444444444446
0 0.6305 0.3413333333333333 0.00675 0.023555555555555555
0 0.535 0.19866666666666666 0.00725 0.02266666666666667
0 0.513 0.25066666666666665 0.008 0.02
0 0.6475 0.30533333333333335 0.0095 0.011555555555555555
0 0.729 0.268 0.00775 0.015555555555555555
0 0.593 0.21955555555555556 0.0055 0.029333333333333333
0 0.53025 0.3791111111111111 0.009 0.016444444444444446
0 0.603 0.412 0.01025 0.016
0 0.7 0.5 0.012 0.014222222222222223
0 0.74525 0.5075555555555555 0.006 0.023555555555555555
0 0.547 0.5915555555555555 0.013 0.012888888888888889
0 0.71075 0.6848888888888889 0.0105 0.015111111111111112
0 0.57025 0.6906666666666667 0.01 0.017777777777777778
0 0.65725 0.4408888888888889 0.00725 0.028
0 0.62275 0.4111111111111111 0.007 0.018666666666666668
0 0.71025 0.4742222222222222 0.01025 0.013777777777777778
0 0.65425 0.6008888888888889 0.0115 0.012888888888888889
0 0.78575 0.1368888888888889 0.00725 0.025777777777777778
0 0.7945 0.04666666666666667 0.00925 0.02311111111111111
0 0.66 0.4128888888888889 0.008 0.019555555555555555
0 0.53925 0.6564444444444445 0.0055 0.015111111111111112
0 0.53675 0.5208888888888888 0.008 0.023555555555555555
0 0.52975 0.45955555555555555 0.007 0.017333333333333333
0 0.717 0.424 0.00575 0.018222222222222223
0 0.64225 0.35688888888888887 0.01175 0.014666666666666666
0 0.486 0.39244444444444443 0.00475 0.017333333333333333
0 0.61625 0.42133333333333334 0.0055 0.010666666666666666
0 0.654 0.3231111111111111 0.008 0.012444444444444444
0 0.77025 0.35244444444444445 0.00675 0.020444444444444446
0 0.77625 0.26666666666666666 0.00675 0.020888888888888887
0 0.70675 0.7146666666666667 0.006 0.016444444444444446
0 0.71175 0.7622222222222222 0.0055 0.018222222222222223
0 0.82 0.14666666666666667 0.009 0.014666666666666666
0 0.70875 0.0013333333333333333 0.0105 0.0022222222222222222
0 0.6575 0.10844444444444444 0.00975 0.010222222222222223
0 0.663 0.07333333333333333 0.006 0.013777777777777778
0 0.96675 0.08088888888888889 0.00625 0.018222222222222223