0 0.02875 0.12044444444444445 0.01275 0.014222222222222223
0 0.111 0.08044444444444444 0.0135 0.018666666666666668
0 0.048 0.09644444444444444 0.008 0.023555555555555555
0 0.0385 0.17422222222222222 0.00875 0.028
0 0.00525 0.1942222222222222 0.01025 0.015555555555555555
0 0.12825 0.22311111111111112 0.00825 0.028444444444444446
0 0.29875 0.24355555555555555 0.0105 0.013777777777777778
0 0.29775 0.23066666666666666 0.01025 0.011111111111111112
0 0.2985 0.16844444444444445 0.01175 0.018222222222222223
0 0.3095 0.16666666666666666 0.0135 0.015111111111111112
0 0.318 0.13777777777777778 0.0095 0.016
0 0.28925 0.19777777777777777 0.00725 0.013777777777777778
0 0.137 0.4706666666666667 0.00825 0.020888888888888887
0 0.16125 0.464 0.0115 0.013777777777777778
0 0.16075 0.5724444444444444 0.00825 0.020444444444444446
0 0.2135 0.4391111111111111 0.00725 0.013777777777777778
0 0.2065 0.3982222222222222 0.00675 0.021777777777777778
0 0.2645 0.42444444444444446 0.0065 0.02311111111111111
0 0.2965 0.39644444444444443 0.00525 0.024
0 0.3525 0.4177777777777778 0.00525 0.020888888888888887
0 0.20375 0.3413333333333333 0.01025 0.012444444444444444
0 0.19975 0.188 0.00725 0.023555555555555555
0 0.20125 0.1671111111111111 0.00975 0.010666666666666666
0 0.1205 0.16666666666666666 0.0085 0.021777777777777778
0 0.0655 0.21955555555555556 0.00725 0.014222222222222223
0 0.14225 0.012 0.0055 0.024
0 0.2425 0.06844444444444445 0.01325 0.010222222222222223
0 0.31225 0.10933333333333334 0.007 0.024444444444444446
0 0.2535 0.06933333333333333 0.01 0.013333333333333334
0 0.29325 0.5631111111111111 0.0095 0.016888888888888887
0 0.31925 0.592 0.0105 0.016888888888888887
0 0.13775 0.7444444444444445 0.00625 0.02311111111111111
0 0.18975 0.7644444444444445 0.00725 0.024444444444444446
0 0.1985 0.7733333333333333 0.0125 0.013333333333333334
0 0.26475 0.7893333333333333 0.0105 0.015111111111111112
0 0.41375 0.05288888888888889 0.01425 0.012444444444444444
0 0.473 0.04888888888888889 0.0075 0.017333333333333333
0 0.46225 0.11955555555555555 0.011 0.017333333333333333
0 0.489 0.11422222222222222 0.00625 0.02311111111111111
0 0.47775 0.0768888888888889 0.0075 0.021777777777777778
0 0.44775 0.1582222222222222 0.01025 0.016
0 0.427 0.2351111111111111 0.0055 0.020444444444444446
0 0.4475 0.22444444444444445 0.006 0.02
0 0.363 0.22933333333333333 0.00925 0.02
0 0.35525 0.3373333333333333 0.00625 0.019555555555555555
0 0.473 0.32355555555555554 0.0055 0.025333333333333333
0 0.48325 0.356 0.0115 0.013333333333333334
0 0.48675 0.34 0.01225 0.013777777777777778
0 0.4405 0.3466666666666667 0.01275 0.012444444444444444
0 0.37475 0.4391111111111111 0.006 0.020888888888888887
0 0.4235 0.4653333333333333 0.01125 0.011555555555555555
0 0.41075 0.4497777777777778 0.01125 0.015555555555555555
0 0.45975 0.4186666666666667 0.00475 0.024
0 0.3855 0.5493333333333333 0.008 0.023555555555555555
0 0.4975 0.5004444444444445 0.0085 0.022222222222222223
0 0.5055 0.504 0.00675 0.018222222222222223
0 0.532 0.5844444444444444 0.015 0.010222222222222223
0 0.49375 0.6306666666666667 0.00725 0.017777777777777778
0 0.4995 0.6475555555555556 0.0065 0.01911111111111111
0 0.4985 0.6173333333333333 0.00475 0.015111111111111112
0 0.48275 0.6751111111111111 0.0165 0.013333333333333334
0 0.49225 0.6964444444444444 0.005 0.025333333333333333
0 0.467 0.7128888888888889 0.0105 0.01911111111111111
0 0.4305 0.6977777777777778 0.00675 0.02266666666666667
0 0.45775 0.66 0.0065 0.020444444444444446
0 0.4555 0.5511111111111111 0.00775 0.01911111111111111
0 0.33975 0.64 0.009 0.017777777777777778
0 0.34475 0.7582222222222222 0.01175 0.015111111111111112
0 0.59475 0.9173333333333333 0.0145 0.011111111111111112
0 0.546 0.9004444444444445 0.00875 0.010666666666666666
0 0.58075 0.8915555555555555 0.00725 0.018222222222222223
0 0.6325 0.9222222222222223 0.00825 0.017777777777777778
0 0.846 0.7737777777777778 0.00775 0.022222222222222223
0 0.16525 0.5653333333333334 0.0075 0.025777777777777778
0 0.843 0.7608888888888888 0.0075 0.017777777777777778
0 0.53075 0.5844444444444444 0.0145 0.017333333333333333
0 0.21625 0.13422222222222221 0.0155 0.016444444444444446
0 0.384 0.2328888888888889 0.0145 0.018222222222222223
0 0.687 0.8888888888888888 0.015 0.019555555555555555
0 0.2375 0.4146666666666667 0.01375 0.023555555555555555
0 0.04725 0.428 0.00875 0.021777777777777778
0 0.393 0.17066666666666666 0.00775 0.024444444444444446
0 0.9795 0.9857777777777778 0.015 0.021333333333333333
0 0.3735 0.6542222222222223 0.00925 0.024444444444444446
0 0.1275 0.492 0.0105 0.02
0 0.081 0.30666666666666664 0.0115 0.017777777777777778
0 0.18175 0.8511111111111112 0.008 0.018666666666666668
0 0.833 0.9964444444444445 0.013 0.006666666666666667
0 0.214 0.6257777777777778 0.00725 0.021333333333333333
0 0.2695 0.9208888888888889 0.00725 0.024444444444444446
0 0.25475 0.4662222222222222 0.0145 0.01911111111111111
0 0.42825 0.8177777777777778 0.00725 0.025777777777777778
0 0.492 0.8146666666666667 0.01 0.028888888888888888
0 0.0335 0.9968888888888889 0.016 0.0057777777777777775
0 0.1585 0.9773333333333334 0.011 0.030666666666666665
0 0.75175 0.8711111111111111 0.0165 0.014666666666666666
0 0.12075 0.5786666666666667 0.01 0.017333333333333333
0 0.28825 0.8071111111111111 0.00775 0.02711111111111111
0 0.787 0.6213333333333333 0.0135 0.015555555555555555
0 0.36625 0.8906666666666667 0.00775 0.02311111111111111
0 0.75425 0.6351111111111111 0.0135 0.016
0 0.7685 0.5995555555555555 0.0155 0.014666666666666666
0 0.1625 0.28 0.0105 0.028444444444444446
0 0.2985 0.9328888888888889 0.00725 0.024888888888888887
0 0.4505 0.9942222222222222 0.0095 0.011111111111111112
0 0.36 0.9462222222222222 0.0185 0.016888888888888887
0 0.00125 0.36 0.0025 0.014666666666666666
0 0.8445 0.8253333333333334 0.01675 0.017777777777777778
0 0.8905 0.7066666666666667 0.01675 0.017333333333333333
0 0.8085 0.8573333333333333 0.01675 0.014222222222222223
0 0.62675 0.5937777777777777 0.01175 0.016444444444444446
0 0.6435 0.5742222222222222 0.0065 0.028
0 0.65575 0.5604444444444444 0.00975 0.03288888888888889
0 0.8175 0.5168888888888888 0.00975 0.020888888888888887
0 0.22425 0.9146666666666666 0.0125 0.016888888888888887
0 0.06225 0.6213333333333333 0.00825 0.013333333333333334
0 0.87325 0.8675555555555555 0.011 0.016
0 0.34925 0.8897777777777778 0.01425 0.020888888888888887
0 0.987 0.4031111111111111 0.00825 0.024888888888888887
0 0.79825 0.4631111111111111 0.014 0.024888888888888887
0 0.913 0.8577777777777778 0.017 0.020444444444444446
0 0.98275 0.2071111111111111 0.0095 0.03155555555555556
0 0.84125 0.972 0.00725 0.029333333333333333
0 0.6435 0.7324444444444445 0.00775 0.020888888888888887
0 0.56 0.7662222222222222 0.00625 0.025333333333333333
0 0.5685 0.7542222222222222 0.00525 0.026222222222222223
0 0.59475 0.7435555555555555 0.012 0.019555555555555555
0 0.59725 0.7231111111111111 0.0105 0.015555555555555555
0 0.59875 0.6977777777777778 0.01075 0.012888888888888889
0 0.622 0.688 0.01175 0.020888888888888887
0 0.7705 0.692 0.01275 0.015111111111111112
0 0.89975 0.6515555555555556 0.0115 0.018666666666666668
0 0.55025 0.8266666666666667 0.0095 0.019555555555555555
0 0.5715 0.8035555555555556 0.00825 0.017333333333333333
0 0.77425 0.9248888888888889 0.01575 0.012888888888888889
0 0.7715 0.9084444444444445 0.00825 0.016444444444444446
0 0.78175 0.9364444444444444 0.00725 0.024888888888888887
0 0.9805 0.9 0.01075 0.011555555555555555
0 0.99525 0.9177777777777778 0.0095 0.012
0 0.99775 0.9017777777777778 0.00425 0.009333333333333334
0 0.97225 0.8275555555555556 0.0085 0.016444444444444446
0 0.97025 0.812 0.0115 0.013777777777777778
0 0.9565 0.7915555555555556 0.0115 0.011555555555555555
0 0.9455 0.7404444444444445 0.01175 0.011555555555555555
0 0.85475 0.7346666666666667 0.01 0.011111111111111112
0 0.93375 0.5946666666666667 0.01625 0.012
0 0.99575 0.5435555555555556 0.0085 0.013333333333333334
0 0.99225 0.49066666666666664 0.01125 0.009333333333333334
0 0.929 0.5617777777777778 0.0155 0.012888888888888889
0 0.8875 0.4608888888888889 0.0065 0.018666666666666668
0 0.938 0.5084444444444445 0.01 0.01911111111111111
0 0.9555 0.5173333333333333 0.0095 0.013333333333333334
0 0.96425 0.5302222222222223 0.0105 0.018666666666666668
0 0.96125 0.5168888888888888 0.0065 0.017333333333333333
0 0.96225 0.30444444444444446 0.01175 0.010222222222222223
0 0.97125 0.3288888888888889 0.00925 0.013777777777777778
0 0.96075 0.17244444444444446 0.0085 0.018222222222222223
0 0.99875 0.04888888888888889 0.0025 0.024888888888888887
0 0.92125 0.12488888888888888 0.00625 0.017777777777777778
0 0.906 0.11555555555555555 0.013 0.01911111111111111
0 0.87775 0.14222222222222222 0.00475 0.021333333333333333
0 0.89925 0.22533333333333333 0.0055 0.025333333333333333
0 0.9425 0.20044444444444445 0.00625 0.018666666666666668
0 0.83275 0.07866666666666666 0.01 0.016
0 0.79975 0.056 0.01075 0.010666666666666666
0 0.824 0.05555555555555555 0.00775 0.02311111111111111
0 0.82975 0.05466666666666667 0.00775 0.02266666666666667
0 0.86075 0.022222222222222223 0.01225 0.011111111111111112
0 0.8105 0.09866666666666667 0.01025 0.012888888888888889
0 0.80775 0.19644444444444445 0.00875 0.014666666666666666
0 0.84575 0.21555555555555556 0.0045 0.018666666666666668
0 0.55875 0.264 0.011 0.012888888888888889
0 0.5785 0.25066666666666665 0.01075 0.012444444444444444
0 0.58825 0.244 0.0055 0.029333333333333333
0 0.59475 0.20755555555555555 0.01475 0.02
0 0.5785 0.16533333333333333 0.01075 0.019555555555555555
0 0.55775 0.3453333333333333 0.00725 0.032
0 0.53525 0.31244444444444447 0.00925 0.019555555555555555
0 0.60625 0.2733333333333333 0.00725 0.02
0 0.60675 0.2431111111111111 0.0085 0.03288888888888889
0 0.622 0.25377777777777777 0.0075 0.024444444444444446
0 0.65325 0.2937777777777778 0.01275 0.014666666666666666
0 0.67025 0.3208888888888889 0.01425 0.014666666666666666
0 0.655 0.08177777777777778 0.00875 0.017777777777777778
0 0.679 0.1671111111111111 0.00975 0.026222222222222223
0 0.60475 0.49955555555555553 0.0135 0.015111111111111112
0 0.60725 0.4631111111111111 0.0105 0.017777777777777778
0 0.667 0.3857777777777778 0.007 0.024888888888888887
0 0.56575 0.23466666666666666 0.00775 0.024
0 0.54275 0.28933333333333333 0.00825 0.021333333333333333
0 0.685 0.34755555555555556 0.01 0.012444444444444444
0 0.77125 0.308 0.00825 0.016444444444444446
0 0.62725 0.2568888888888889 0.00575 0.03111111111111111
0 0.56075 0.42577777777777776 0.0095 0.017333333333333333
0 0.638 0.4608888888888889 0.011 0.016888888888888887
0 0.74075 0.5537777777777778 0.0125 0.015111111111111112
0 0.7885 0.5617777777777778 0.0065 0.024888888888888887
0 0.5785 0.6506666666666666 0.01375 0.013333333333333334
0 0.752 0.7497777777777778 0.01125 0.016
0 0.60325 0.756 0.01075 0.01911111111111111
0 0.6955 0.4911111111111111 0.0075 0.029333333333333333
0 0.659 0.46 0.0075 0.019555555555555555
0 0.7515 0.5266666666666666 0.011 0.014666666666666666
0 0.692 0.6608888888888889 0.01225 0.013777777777777778
0 0.56775 0.004888888888888889 0.01725 0.009333333333333334
0 0.8315 0.16933333333333334 0.0075 0.027555555555555555
0 0.84075 0.07377777777777778 0.00975 0.024444444444444446
0 0.69825 0.4613333333333333 0.00825 0.020888888888888887
0 0.5705 0.7195555555555555 0.00575 0.016444444444444446
0 0.56775 0.576 0.00825 0.024888888888888887
0 0.5605 0.5111111111111111 0.00725 0.018222222222222223
0 0.7585 0.47333333333333333 0.006 0.019555555555555555
0 0.6795 0.4022222222222222 0.0125 0.015555555555555555
0 0.51425 0.44 0.005 0.018666666666666668
0 0.652 0.4702222222222222 0.006 0.011555555555555555
0 0.692 0.36666666666666664 0.0085 0.012888888888888889
0 0.815 0.3973333333333333 0.00725 0.021777777777777778
0 0.82125 0.30666666666666664 0.00725 0.022222222222222223
0 0.74775 0.7813333333333333 0.0065 0.017333333333333333
0 0.753 0.8315555555555556 0.00575 0.01911111111111111
0 0.86775 0.17955555555555555 0.0095 0.015555555555555555
0 0.75 0.022222222222222223 0.0115 0.010222222222222223
0 0.6955 0.13866666666666666 0.01025 0.011111111111111112
0 0.70125 0.10177777777777777 0.00625 0.014222222222222223
0 0.6485 0.8471111111111111 0.01725 0.013777777777777778
0 0.636 0.8466666666666667 0.0055 0.024444444444444446
0 0.6325 0.8333333333333334 0.00825 0.018666666666666668
0 0.64075 0.8342222222222222 0.00775 0.019555555555555555
0 0.6385 0.8053333333333333 0.01325 0.024888888888888887
0 0.864 0.8635555555555555 0.01075 0.014222222222222223
0 0.291 0.7204444444444444 0.0145 0.014666666666666666