0 0.04 0.17333333333333334 0.01 0.021777777777777778
0 0.1755 0.12266666666666666 0.0115 0.021333333333333333
0 0.337 0.39111111111111113 0.011 0.02311111111111111
0 0.338 0.37333333333333335 0.012 0.018222222222222223
0 0.40525 0.42844444444444446 0.0115 0.016
0 0.48925 0.4622222222222222 0.00875 0.02666666666666667
0 0.14825 0.7795555555555556 0.0075 0.032
0 0.42875 0.9 0.00925 0.025333333333333333
0 0.4965 0.4533333333333333 0.00775 0.03422222222222222
0 0.6405 0.4017777777777778 0.011 0.025777777777777778
0 0.65225 0.284 0.014 0.013333333333333334
0 0.63625 0.2991111111111111 0.01025 0.009333333333333334
0 0.67225 0.32133333333333336 0.0065 0.027555555555555555
0 0.67725 0.33866666666666667 0.0105 0.016
0 0.61375 0.3506666666666667 0.00575 0.020888888888888887
0 0.6755 0.25066666666666665 0.00625 0.028
0 0.56325 0.12088888888888889 0.0115 0.011111111111111112
0 0.5845 0.08088888888888889 0.01 0.017333333333333333
0 0.5735 0.07333333333333333 0.012 0.009777777777777778
0 0.6705 0.09066666666666667 0.00525 0.021333333333333333
0 0.6565 0.059555555555555556 0.0085 0.020888888888888887
0 0.667 0.050666666666666665 0.00875 0.02311111111111111
0 0.66325 0.05511111111111111 0.00975 0.02266666666666667
0 0.6295 0.07866666666666666 0.00625 0.028888888888888888
0 0.64 0.06311111111111112 0.00575 0.020444444444444446
0 0.66425 0.21555555555555556 0.012 0.012
0 0.66025 0.6982222222222222 0.0055 0.020444444444444446
0 0.67125 0.6875555555555556 0.01125 0.011555555555555555
0 0.5375 0.8488888888888889 0.0075 0.02666666666666667
0 0.60075 0.9777777777777777 0.0075 0.021777777777777778
0 0.60425 0.9835555555555555 0.00775 0.028
0 0.2335 0.3457777777777778 0.0115 0.013777777777777778
0 0.73125 0.9893333333333333 0.012 0.021333333333333333
0 0.2435 0.3426666666666667 0.00875 0.011111111111111112
0 0.544 0.6902222222222222 0.007 0.025333333333333333
0 0.57075 0.7008888888888889 0.01275 0.013777777777777778
0 0.4885 0.7235555555555555 0.0085 0.011555555555555555
0 0.73375 0.9853333333333333 0.0185 0.029333333333333333
0 0.6025 0.9822222222222222 0.01125 0.035555555555555556
0 0.2375 0.34444444444444444 0.02075 0.017777777777777778
0 0.4955 0.8688888888888889 0.0115 0.022222222222222223
0 0.4055 0.5595555555555556 0.01025 0.02666666666666667
0 0.20975 0.43066666666666664 0.008 0.027555555555555555
0 0.373 0.6026666666666667 0.0125 0.016
0 0.054 0.8204444444444444 0.0085 0.025777777777777778
0 0.42625 0.14933333333333335 0.01375 0.012888888888888889
0 0.16475 0.8097777777777778 0.00775 0.02311111111111111
0 0.05075 0.7208888888888889 0.008 0.02311111111111111
0 0.25075 0.9315555555555556 0.00775 0.026222222222222223
0 0.011 0.8088888888888889 0.0085 0.021333333333333333
0 0.404 0.8697777777777778 0.0085 0.021333333333333333
0 0.381 0.9551111111111111 0.011 0.017333333333333333
0 0.344 0.944 0.0085 0.028
0 0.31725 0.8368888888888889 0.0115 0.02266666666666667
0 0.464 0.48844444444444446 0.01525 0.016
0 0.14175 0.816 0.0115 0.01911111111111111
0 0.2 0.9675555555555555 0.008 0.024
0 0.5665 0.8404444444444444 0.01275 0.02311111111111111
0 0.3035 0.03333333333333333 0.00725 0.024
0 0.5965 0.4488888888888889 0.01125 0.02
0 0.12525 0.8608888888888889 0.00675 0.024444444444444446
0 0.28975 0.33111111111111113 0.009 0.016
0 0.361 0.08311111111111111 0.0075 0.018666666666666668
0 0.1205 0.5173333333333333 0.0095 0.018666666666666668
0 0.5275 0.7146666666666667 0.01 0.02
0 0.25 0.9728888888888889 0.0085 0.020444444444444446
0 0.0825 0.3751111111111111 0.014 0.02
0 0.217 0.8226666666666667 0.00725 0.021333333333333333
0 0.04875 0.7582222222222222 0.0085 0.023555555555555555
0 0.108 0.5573333333333333 0.01075 0.020444444444444446
0 0.46 0.6817777777777778 0.00775 0.028
0 0.32325 0.8795555555555555 0.00825 0.018222222222222223
0 0.17575 0.42533333333333334 0.01125 0.024444444444444446
0 0.0165 0.23466666666666666 0.0125 0.021333333333333333
0 0.0835 0.7951111111111111 0.013 0.014222222222222223
0 0.44525 0.07466666666666667 0.01225 0.021777777777777778
0 0.0625 0.4666666666666667 0.01025 0.03155555555555556
0 0.643 0.48 0.01575 0.017777777777777778
0 0.35625 0.7413333333333333 0.00875 0.017777777777777778
0 0.202 0.9906666666666667 0.008 0.018666666666666668
0 0.2375 0.6213333333333333 0.00825 0.02311111111111111
0 0.41875 0.3337777777777778 0.0075 0.030666666666666665
0 0.2855 0.7328888888888889 0.00675 0.021777777777777778
0 0.19825 0.5337777777777778 0.0085 0.025333333333333333
0 0.088 0.23866666666666667 0.00825 0.024
0 0.06175 0.3768888888888889 0.01175 0.013333333333333334
0 0.67 0.5835555555555556 0.014 0.017333333333333333
0 0.0995 0.058666666666666666 0.00975 0.024444444444444446
0 0.69175 0.5573333333333333 0.00675 0.028444444444444446
0 0.0905 0.5093333333333333 0.0095 0.013777777777777778
0 0.53225 0.1768888888888889 0.0075 0.028888888888888888
0 0.28575 0.9964444444444445 0.0075 0.0071111111111111115
0 0.0235 0.3884444444444444 0.0105 0.025777777777777778
0 0.8025 0.7413333333333333 0.0175 0.042666666666666665
0 0.68325 0.992 0.0095 0.015555555555555555
0 0.31825 0.6751111111111111 0.009 0.020444444444444446
0 0.31775 0.6297777777777778 0.0125 0.016888888888888887
0 0.57575 0.21688888888888888 0.01425 0.016
0 0.0335 0.9911111111111112 0.01 0.017777777777777778
0 0.81075 0.4066666666666667 0.01475 0.015111111111111112
0 0.6835 0.6395555555555555 0.01375 0.018222222222222223
0 0.257 0.2431111111111111 0.00875 0.013333333333333334
0 0.82675 0.5066666666666667 0.01575 0.014222222222222223
0 0.66475 0.41955555555555557 0.01625 0.018666666666666668
0 0.89575 0.26711111111111113 0.01325 0.018222222222222223
0 0.79775 0.9431111111111111 0.012 0.018222222222222223
0 0.35175 0.488 0.007 0.021777777777777778
0 0.76325 0.3328888888888889 0.01225 0.018666666666666668
0 0.8135 0.4622222222222222 0.01575 0.016888888888888887
0 0.34975 0.2857777777777778 0.0125 0.017333333333333333
0 0.9075 0.6968888888888889 0.00825 0.03288888888888889
0 0.82425 0.6013333333333334 0.00675 0.020888888888888887
0 0.8475 0.56 0.0145 0.014222222222222223
0 0.50275 0.824 0.0115 0.02
0 0.79625 0.8457777777777777 0.01175 0.018666666666666668
0 0.82675 0.8311111111111111 0.0155 0.016
0 0.80775 0.7026666666666667 0.01425 0.014666666666666666
0 0.766 0.6266666666666667 0.0075 0.015555555555555555
0 0.7685 0.36044444444444446 0.00575 0.030222222222222223
0 0.73325 0.2822222222222222 0.012 0.012888888888888889
0 0.90975 0.23644444444444446 0.01075 0.011111111111111112
0 0.7355 0.18044444444444444 0.0085 0.017777777777777778
0 0.8545 0.32133333333333336 0.01125 0.010666666666666666
0 0.826 0.3382222222222222 0.012 0.011111111111111112
0 0.9815 0.2351111111111111 0.01525 0.011111111111111112
0 0.96325 0.3391111111111111 0.00925 0.019555555555555555
0 0.02575 0.049777777777777775 0.00925 0.029777777777777778
0 0.03625 0.06711111111111111 0.014 0.02266666666666667
0 0.15525 0.10355555555555555 0.0125 0.016888888888888887
0 0.16075 0.08844444444444445 0.0095 0.023555555555555555
0 0.254 0.15155555555555555 0.01225 0.012888888888888889
0 0.22775 0.22666666666666666 0.01025 0.028888888888888888
0 0.33825 0.208 0.01325 0.03111111111111111
0 0.38 0.060444444444444446 0.01125 0.018222222222222223
0 0.32975 0.10488888888888889 0.013 0.012888888888888889
0 0.43275 0.048 0.016 0.024
0 0.44975 0.04488888888888889 0.01175 0.02666666666666667
0 0.47925 0.029333333333333333 0.0175 0.02
0 0.4925 0.10133333333333333 0.01 0.035555555555555556
0 0.52425 0.11555555555555555 0.01525 0.02
0 0.41875 0.27466666666666667 0.01225 0.02
0 0.2115 0.30177777777777776 0.008 0.024
0 0.23125 0.3035555555555556 0.01375 0.02266666666666667
0 0.2415 0.32666666666666666 0.00875 0.020444444444444446
0 0.2535 0.49377777777777776 0.01425 0.02
0 0.25175 0.47688888888888886 0.01425 0.011555555555555555
0 0.24375 0.5026666666666667 0.01075 0.021777777777777778
0 0.2345 0.5791111111111111 0.0135 0.023555555555555555
0 0.209 0.5186666666666667 0.01475 0.015555555555555555
0 0.09725 0.4613333333333333 0.01575 0.013333333333333334
0 0.07675 0.824 0.0155 0.020444444444444446
0 0.2445 0.584 0.01025 0.028888888888888888
0 0.322 0.5782222222222222 0.01575 0.018666666666666668
0 0.33125 0.5951111111111111 0.017 0.018666666666666668
0 0.65525 0.6995555555555556 0.006 0.03288888888888889
0 0.9705 0.02311111111111111 0.00925 0.024444444444444446
0 0.9705 0.0071111111111111115 0.012 0.013777777777777778
0 0.84825 0.03911111111111111 0.0105 0.02666666666666667
0 0.7605 0.0026666666666666666 0.015 0.005333333333333333
0 0.7655 0.050666666666666665 0.01375 0.017777777777777778
0 0.774 0.0951111111111111 0.0065 0.03155555555555556
0 0.7805 0.0951111111111111 0.007 0.022222222222222223
0 0.74325 0.06444444444444444 0.0065 0.021333333333333333
0 0.746 0.18044444444444444 0.00925 0.024888888888888887
0 0.75475 0.2991111111111111 0.012 0.024444444444444446
0 0.76825 0.2871111111111111 0.00975 0.029333333333333333
0 0.8705 0.27111111111111114 0.0165 0.017777777777777778
0 0.86775 0.5848888888888889 0.0195 0.021333333333333333
0 0.88025 0.6075555555555555 0.01475 0.013333333333333334
0 0.9125 0.6702222222222223 0.016 0.017333333333333333
0 0.99125 0.6995555555555556 0.0175 0.022222222222222223
0 0.977 0.7337777777777778 0.016 0.018666666666666668
0 0.9575 0.7386666666666667 0.00825 0.030666666666666665
0 0.94975 0.7328888888888889 0.01225 0.02711111111111111
0 0.8225 0.7111111111111111 0.009 0.023555555555555555
0 0.8895 0.792 0.0135 0.021777777777777778
0 0.85225 0.8462222222222222 0.01 0.030666666666666665
0 0.75625 0.9248888888888889 0.01225 0.029777777777777778
0 0.74525 0.936 0.014 0.020888888888888887
0 0.66925 0.9684444444444444 0.013 0.02711111111111111
0 0.772 0.9453333333333334 0.01425 0.02711111111111111
0 0.974 0.9231111111111111 0.013 0.016444444444444446
0 0.98475 0.8848888888888888 0.0135 0.018666666666666668
0 0.9895 0.9084444444444445 0.01125 0.026222222222222223
0 0.96775 0.988 0.016 0.021333333333333333
0 0.9795 0.9822222222222222 0.01375 0.013777777777777778
0 0.9655 0.9524444444444444 0.0175 0.021333333333333333