0 0.01537109375 0.02023041474654378 0.0098984375 0.029201228878648237
0 0.0323046875 0.13215821812596007 0.013546875 0.021513056835637482
0 0.050671875 0.12370967741935483 0.008078125 0.03022273425499232
0 0.07698828125 0.13728110599078341 0.00547265625 0.017419354838709676
0 0.08401953125 0.1306221198156682 0.008078125 0.021513056835637482
0 0.12635546875 0.10091397849462365 0.014070312500000001 0.015368663594470047
0 0.1305234375 0.08734254992319508 0.0098984375 0.019976958525345624
0 0.16504687499999998 0.08811059907834101 0.012765625 0.025614439324116743
0 0.13912109374999998 0.19311827956989247 0.010421875 0.021513056835637482
0 0.10851171875000001 0.23589093701996927 0.01328515625 0.025099846390168972
0 0.08415234375 0.20592933947772657 0.0067734375 0.024585253456221198
0 0.057578125 0.20592933947772657 0.011984375 0.014339477726574502
0 0.04142578125 0.21105222734254994 0.015632812500000003 0.01639016897081413
0 0.06161328125 0.25894777265745006 0.011722656250000001 0.018955453149001537
0 0.09639453125 0.27021505376344085 0.0083359375 0.02304915514592934
0 0.07828906249999999 0.33629800307219665 0.00859765625 0.03022273425499232
0 0.07776953125 0.3654915514592934 0.014851562500000002 0.02304915514592934
0 0.04090234375 0.349615975422427 0.010421875 0.017926267281105992
0 0.17872265625 0.1885099846390169 0.0083359375 0.025614439324116743
0 0.20738281249999999 0.28174347158218127 0.0098984375 0.021513056835637482
0 0.220796875 0.2166820276497696 0.0075546875 0.024585253456221198
0 0.2304375 0.20516129032258065 0.011722656250000001 0.028172043010752688
0 0.250890625 0.15726574500768048 0.015632812500000003 0.01639016897081413
0 0.26469921875 0.19721966205837171 0.006253906250000001 0.024585253456221198
0 0.21767187500000001 0.09220430107526882 0.012246093750000001 0.022542242703533028
0 0.21728125 0.007427035330261136 0.007816406250000001 0.014854070660522273
0 0.26495703125 0.07504608294930876 0.0098984375 0.027150537634408604
0 0.2333046875 0.06787250384024578 0.01016015625 0.019976958525345624
0 0.237734375 0.28814132104454687 0.01328515625 0.019976958525345624
0 0.19253125 0.3222043010752688 0.0083359375 0.029708141321044546
0 0.18002734375 0.3291244239631336 0.01146484375 0.02100614439324117
0 0.1378203125 0.3368049155145929 0.00573046875 0.022027649769585253
0 0.16673828125 0.4044239631336405 0.008859375 0.03022273425499232
0 0.09730859375 0.4141551459293395 0.007035156250000001 0.022027649769585253
0 0.07659375 0.43951612903225806 0.007816406250000001 0.024585253456221198
0 0.05444921874999999 0.45821044546851003 0.008859375 0.03022273425499232
0 0.014460937500000002 0.42004608294930873 0.01380859375 0.015368663594470047
0 0.0256640625 0.4966282642089094 0.012765625 0.018955453149001537
0 0.0032578125 0.5089247311827957 0.00547265625 0.025099846390168972
0 0.059140625 0.5929339477726574 0.0083359375 0.03636712749615976
0 0.12440234375 0.6072811059907833 0.008078125 0.028172043010752688
0 0.1258359375 0.5811520737327188 0.015109375 0.016904761904761905
0 0.10577343749999998 0.6341705069124425 0.007816406250000001 0.018440860215053766
0 0.111375 0.6239247311827957 0.011203125 0.015368663594470047
0 0.09131640625000001 0.6195698924731182 0.0075546875 0.03432411674347158
0 0.042464843749999995 0.6282795698924731 0.008859375 0.027150537634408604
0 0.051714843749999996 0.6223886328725039 0.01328515625 0.01639016897081413
0 0.06487109375 0.6439016897081413 0.01146484375 0.01639016897081413
0 0.046894531249999996 0.6500537634408602 0.01302734375 0.015368663594470047
0 0.007816406250000001 0.6382718894009216 0.008859375 0.022542242703533028
0 0.018757812500000002 0.6310983102918587 0.012503906249999999 0.01639016897081413
0 0.00925 0.6193164362519201 0.014328125 0.013317972350230415
0 0.02383984375 0.6974347158218126 0.009640625 0.031244239631336407
0 0.03412890625 0.7220199692780338 0.013546875 0.018955453149001537
0 0.04871875 0.7117741935483871 0.012503906249999999 0.025099846390168972
0 0.032828125 0.7476344086021505 0.01146484375 0.01588325652841782
0 0.04780859375 0.7355990783410138 0.011722656250000001 0.01946236559139785
0 0.0755546875 0.6897465437788018 0.013546875 0.02304915514592934
0 0.06878125 0.7635176651305684 0.011984375 0.01588325652841782
0 0.07763671875 0.8111520737327188 0.0098984375 0.027150537634408604
0 0.0775078125 0.7878494623655914 0.011203125 0.021513056835637482
0 0.029832031250000002 0.8331797235023041 0.012246093750000001 0.026121351766513055
0 0.0139375 0.8713440860215054 0.006511718750000001 0.02663594470046083
0 0.02253515625 0.8910675883256529 0.011722656250000001 0.016904761904761905
0 0.03478125 0.9054070660522273 0.011722656250000001 0.012803379416282644
0 0.10499218749999999 0.8385637480798771 0.014589843750000001 0.022542242703533028
0 0.14329296875 0.7596697388632873 0.0083359375 0.020491551459293395
0 0.019539062500000003 0.9591935483870967 0.009378906250000001 0.01588325652841782
0 0.0295703125 0.9507450076804914 0.014328125 0.013317972350230415
0 0.0651328125 0.9340937019969279 0.010421875 0.02100614439324117
0 0.0620078125 0.9940706605222734 0.0083359375 0.011858678955453148
0 0.01016015625 0.9958602150537633 0.0098984375 0.008279569892473118
0 0.01901953125 0.9940706605222734 0.007292968750000001 0.011858678955453148
0 0.13443359375 0.9425499231950846 0.01146484375 0.021513056835637482
0 0.12296875 0.9778955453149002 0.014070312500000001 0.017419354838709676
0 0.13208984375 0.9886943164362519 0.008859375 0.02261136712749616
0 0.16595703125 0.9868970814132105 0.0067734375 0.02620583717357911
0 0.18002734375 0.9620122887864823 0.012503906249999999 0.021513056835637482
0 0.18680078125 0.9571505376344086 0.007292968750000001 0.024078341013824885
0 0.1830234375 0.9169354838709677 0.007035156250000001 0.022542242703533028
0 0.18783984375 0.9353763440860214 0.007292968750000001 0.02356374807987711
0 0.20490624999999998 0.9709754224270354 0.008078125 0.02100614439324117
0 0.2136328125 0.8764669738863288 0.007292968750000001 0.022542242703533028
0 0.1784609375 0.860583717357911 0.01667578125 0.02356374807987711
0 0.2448984375 0.9343548387096774 0.0098984375 0.02663594470046083
0 0.243984375 0.9097619047619048 0.0091171875 0.017419354838709676
0 0.25623046875 0.9346082949308755 0.00859765625 0.024078341013824885
0 0.2448984375 0.9702073732718894 0.008859375 0.022542242703533028
0 0.27498828125 0.9873732718894008 0.01380859375 0.012803379416282644
0 0.2564921875 0.8219124423963134 0.007035156250000001 0.02100614439324117
0 0.24828515625 0.80142089093702 0.008859375 0.025099846390168972
0 0.182890625 0.7253533026113671 0.014589843750000001 0.021513056835637482
0 0.20151953125 0.7089631336405531 0.008078125 0.02766513056835638
0 0.216109375 0.6626036866359447 0.017457031249999998 0.018955453149001537
0 0.22236328125 0.6464669738863288 0.006511718750000001 0.03175883256528418
0 0.2379921875 0.6920583717357911 0.01328515625 0.011267281105990783
0 0.27030078125 0.6982027649769584 0.012246093750000001 0.018440860215053766
0 0.27030078125 0.6848847926267281 0.01016015625 0.021513056835637482
0 0.27668359374999996 0.7202304147465438 0.012503906249999999 0.017419354838709676
0 0.28905859375 0.7240706605222734 0.014328125 0.01588325652841782
0 0.29778515625 0.7189477726574501 0.008859375 0.018955453149001537
0 0.29973828125 0.7527572964669739 0.009640625 0.02304915514592934
0 0.266390625 0.7732488479262672 0.011722656250000001 0.029201228878648237
0 0.31120312499999997 0.6300691244239631 0.012246093750000001 0.021513056835637482
0 0.24385546875 0.5342780337941628 0.007292968750000001 0.028686635944700462
0 0.22991796875 0.5283870967741936 0.006511718750000001 0.024078341013824885
0 0.20685937499999998 0.49816436251920126 0.008859375 0.026121351766513055
0 0.20516796875 0.5839708141321045 0.01328515625 0.017419354838709676
0 0.21285156249999998 0.44873271889400923 0.012503906249999999 0.015368663594470047
0 0.21519531249999999 0.4162058371735791 0.013546875 0.029201228878648237
0 0.1873203125 0.4185099846390169 0.014070312500000001 0.010245775729646698
0 0.22014843750000002 0.3872657450076805 0.010421875 0.01946236559139785
0 0.23734375000000002 0.4118509984639017 0.012503906249999999 0.017419354838709676
0 0.2236640625 0.3506374807987711 0.00859765625 0.033294930875576036
0 0.20712109375 0.34244239631336404 0.010421875 0.01588325652841782
0 0.26860546875 0.0115284178187404 0.006253906250000001 0.02304915514592934
0 0.33764453125 0.03586021505376344 0.014589843750000001 0.018440860215053766
0 0.32605078125000003 0.19056067588325654 0.008078125 0.02356374807987711
0 0.33373828125 0.28814132104454687 0.01302734375 0.016904761904761905
0 0.326703125 0.26099078341013826 0.007292968750000001 0.022027649769585253
0 0.30260546875 0.4141551459293395 0.012765625 0.017926267281105992
0 0.31510937499999997 0.4164592933947773 0.011722656250000001 0.025614439324116743
0 0.35119531249999997 0.4046774193548387 0.008859375 0.03278801843317972
0 0.39795703125 0.41774193548387095 0.00859765625 0.02304915514592934
0 0.32566015625 0.47536866359447 0.012503906249999999 0.017419354838709676
0 0.321625 0.4628187403993856 0.011722656250000001 0.009731182795698925
0 0.3187578125 0.5071351766513057 0.01537109375 0.02356374807987711
0 0.30573046875 0.5260829493087558 0.014328125 0.01946236559139785
0 0.33933984375000004 0.538125960061444 0.0075546875 0.014854070660522273
0 0.3470234375 0.5432488479262673 0.01094140625 0.014854070660522273
0 0.346765625 0.516605222734255 0.01302734375 0.018955453149001537
0 0.3566640625 0.4817741935483871 0.011984375 0.026121351766513055
0 0.36291796875000004 0.5007296466973886 0.014070312500000001 0.017926267281105992
0 0.37841796875 0.5322350230414746 0.014328125 0.020491551459293395
0 0.38923046875 0.5383794162826421 0.007816406250000001 0.024585253456221198
0 0.32149218749999997 0.5675806451612904 0.0098984375 0.024585253456221198
0 0.36408984375000003 0.6188018433179723 0.012246093750000001 0.02356374807987711
0 0.374640625 0.6469738863287251 0.0098984375 0.021513056835637482
0 0.3871484375 0.6469738863287251 0.012503906249999999 0.01639016897081413
0 0.37425 0.6915437788018433 0.01380859375 0.01229646697388633
0 0.36122265625 0.7166436251920123 0.009640625 0.021513056835637482
0 0.3647421875 0.7186943164362519 0.008859375 0.01639016897081413
0 0.37190625 0.7512211981566821 0.01328515625 0.019976958525345624
0 0.39053515625 0.7573655913978495 0.01302734375 0.01588325652841782
0 0.40603515625000003 0.7058832565284178 0.014851562500000002 0.028686635944700462
0 0.39339843750000003 0.7883563748079877 0.014589843750000001 0.017419354838709676
0 0.3713828125 0.8075652841781874 0.012246093750000001 0.018955453149001537
0 0.327875 0.827288786482335 0.014851562500000002 0.018440860215053766
0 0.37802734375 0.8529032258064516 0.014589843750000001 0.01639016897081413
0 0.36057421875 0.8685253456221198 0.011984375 0.018955453149001537
0 0.30950781250000003 0.9097619047619048 0.009378906250000001 0.02356374807987711
0 0.3263125 0.9118125960061444 0.007035156250000001 0.02663594470046083
0 0.3294375 0.9840399385560676 0.0075546875 0.029708141321044546
0 0.35705468749999997 0.9953533026113671 0.0091171875 0.009301075268817204
0 0.36083203125 0.9842933947772657 0.010421875 0.017926267281105992
0 0.3586171875 0.9720046082949308 0.01380859375 0.011781874039938555
0 0.3767265625 0.9763594470046083 0.01094140625 0.013317972350230415
0 0.36330859375 0.9956067588325652 0.006511718750000001 0.00878648233486943
0 0.42140625 0.956121351766513 0.017457031249999998 0.014854070660522273
0 0.43248046875 0.9402457757296467 0.013546875 0.016904761904761905
0 0.44003515625 0.9492089093701996 0.0067734375 0.029708141321044546
0 0.4413359375 0.9266666666666666 0.0083359375 0.022542242703533028
0 0.40824999999999995 0.8864592933947774 0.015109375 0.018955453149001537
0 0.41124609375 0.8431720430107527 0.012246093750000001 0.018440860215053766
0 0.43443359375 0.8183256528417819 0.011203125 0.017926267281105992
0 0.43391015624999996 0.8503456221198158 0.006511718750000001 0.028686635944700462
0 0.43833984375 0.8413748079877112 0.010683593750000001 0.016904761904761905
0 0.48341015625 0.8905529953917051 0.007035156250000001 0.031244239631336407
0 0.4645234375 0.9310215053763441 0.015109375 0.031244239631336407
0 0.52666015625 0.9789170506912442 0.01380859375 0.02663594470046083
0 0.5132421875000001 0.9422887864823348 0.01302734375 0.016904761904761905
0 0.50425390625 0.9184715821812596 0.011203125 0.017419354838709676
0 0.49539453125 0.8979800307219663 0.006511718750000001 0.02766513056835638
0 0.50581640625 0.906689708141321 0.012765625 0.014339477726574502
0 0.5011289062500001 0.8792857142857142 0.00547265625 0.024078341013824885
0 0.507640625 0.863663594470046 0.008078125 0.022542242703533028
0 0.5163671875 0.8831259600614438 0.009378906250000001 0.022542242703533028
0 0.5217109375 0.8357450076804916 0.009640625 0.014854070660522273
0 0.5273125000000001 0.8283179723502304 0.0067734375 0.03278801843317972
0 0.4845859375 0.8413748079877112 0.014070312500000001 0.016904761904761905
0 0.50178125 0.7724807987711213 0.0098984375 0.015368663594470047
0 0.47520703124999997 0.793479262672811 0.007816406250000001 0.025614439324116743
0 0.4517578125 0.7453302611367127 0.009378906250000001 0.021513056835637482
0 0.515328125 0.7117741935483871 0.012503906249999999 0.01588325652841782
0 0.48992578125 0.7617204301075269 0.011203125 0.01229646697388633
0 0.5525820312499999 0.7840015360983102 0.015632812500000003 0.016904761904761905
0 0.5594882812499999 0.776321044546851 0.0091171875 0.02100614439324117
0 0.5572734374999999 0.907711213517665 0.008859375 0.029708141321044546
0 0.54020703125 0.965852534562212 0.012765625 0.02100614439324117
0 0.5764218750000001 0.9504838709677419 0.01380859375 0.01588325652841782
0 0.49891406250000003 0.5990783410138248 0.015109375 0.02100614439324117
0 0.43964453125 0.6188018433179723 0.00859765625 0.025614439324116743
0 0.51871484375 0.6193164362519201 0.01094140625 0.021513056835637482
0 0.5205390624999999 0.5178878648233487 0.0098984375 0.02356374807987711
0 0.48119921874999994 0.4971428571428571 0.011984375 0.024078341013824885
0 0.438078125 0.4548847926267281 0.01537109375 0.018440860215053766
0 0.45436328125000003 0.4018663594470046 0.010421875 0.026121351766513055
0 0.49982421875 0.4195391705069125 0.01016015625 0.02356374807987711
0 0.4869296875 0.4333640552995392 0.014589843750000001 0.018440860215053766
0 0.47494531249999994 0.43695084485407065 0.007816406250000001 0.024585253456221198
0 0.54815234375 0.37291858678955453 0.015109375 0.018440860215053766
0 0.43351953125 0.2766205837173579 0.01667578125 0.02356374807987711
0 0.43469140624999997 0.25254224270353304 0.012765625 0.024585253456221198
0 0.44211718749999995 0.25638248847926265 0.007816406250000001 0.022027649769585253
0 0.41020312499999995 0.20054531490015362 0.0091171875 0.02304915514592934
0 0.39848046875 0.26150537634408605 0.01328515625 0.026121351766513055
0 0.41371874999999997 0.1639247311827957 0.009378906250000001 0.02663594470046083
0 0.38923046875 0.12576036866359447 0.007816406250000001 0.028172043010752688
0 0.4537109375 0.1680184331797235 0.01380859375 0.025614439324116743
0 0.50425390625 0.1434331797235023 0.01016015625 0.020491551459293395
0 0.49422265625 0.18440860215053764 0.013546875 0.024585253456221198
0 0.5519296875 0.19004608294930875 0.0164140625 0.017419354838709676
0 0.554796875 0.14368663594470046 0.01380859375 0.024078341013824885
0 0.57772265625 0.20464669738863286 0.01537109375 0.017926267281105992
0 0.55336328125 0.24434715821812594 0.014589843750000001 0.020491551459293395
0 0.54203125 0.2748233486943164 0.012246093750000001 0.019976958525345624
0 0.51389453125 0.10091397849462365 0.010683593750000001 0.028686635944700462
0 0.46413281250000005 0.09937788018433179 0.014851562500000002 0.01639016897081413
0 0.4654375 0.05685867895545315 0.0091171875 0.024585253456221198
0 0.41202734375 0.00922427035330261 0.01537109375 0.014339477726574502
0 0.48562500000000003 0.013317972350230415 0.015109375 0.015368663594470047
0 0.485234375 0.003333333333333333 0.0164140625 0.0066589861751152075
0 0.5060781249999999 0.050199692780337944 0.007035156250000001 0.03586021505376344
0 0.52913671875 0.038678955453149 0.01615234375 0.017926267281105992
0 0.52666015625 0.00717357910906298 0.011203125 0.014339477726574502
0 0.5399453125 0.07197388632872503 0.008078125 0.032273425499231956
0 0.5467187499999999 0.06531490015360984 0.0091171875 0.018955453149001537
0 0.5764218750000001 0.0064055299539170505 0.014328125 0.012803379416282644
0 0.26821484375 0.8833794162826422 0.012765625 0.017926267281105992
0 0.58293359375 0.7829800307219662 0.00859765625 0.022027649769585253
0 0.58931640625 0.791689708141321 0.010421875 0.019976958525345624
0 0.601171875 0.7819585253456222 0.01380859375 0.012803379416282644
0 0.5660000000000001 0.8495698924731183 0.0059921875 0.022027649769585253
0 0.6056015625 0.8488018433179725 0.0179765625 0.014339477726574502
0 0.62487890625 0.8808218125960061 0.011203125 0.022027649769585253
0 0.6323046875 0.8564900153609831 0.012503906249999999 0.022542242703533028
0 0.6543203125 0.9015668202764976 0.01693359375 0.018440860215053766
0 0.64480859375 0.981221198156682 0.008859375 0.032273425499231956
0 0.700171875 0.8992626728110599 0.012246093750000001 0.02304915514592934
0 0.68649609375 0.9294854070660523 0.015109375 0.018955453149001537
0 0.69235546875 0.8782565284178188 0.012246093750000001 0.014854070660522273
0 0.67568359375 0.8708294930875575 0.0091171875 0.022542242703533028
0 0.6665625000000001 0.8600768049155145 0.0091171875 0.021513056835637482
0 0.6431171875 0.7650537634408602 0.012246093750000001 0.014854070660522273
0 0.6319140625 0.7089631336405531 0.01328515625 0.017419354838709676
0 0.6048203125 0.6979493087557603 0.01016015625 0.02304915514592934
0 0.59505078125 0.7386712749615976 0.01615234375 0.01946236559139785
0 0.59921875 0.6556835637480799 0.0052109375 0.021513056835637482
0 0.673078125 0.7092165898617512 0.01016015625 0.027150537634408604
0 0.6906640625 0.7253533026113671 0.008859375 0.028686635944700462
0 0.7469375 0.792457757296467 0.010421875 0.02663594470046083
0 0.74589453125 0.8767204301075269 0.01146484375 0.028172043010752688
0 0.78705859375 0.8874807987711214 0.012503906249999999 0.022027649769585253
0 0.7904453124999999 0.8326728110599079 0.009378906250000001 0.025099846390168972
0 0.807640625 0.8155069124423963 0.010421875 0.028686635944700462
0 0.8181914062500001 0.8457296466973887 0.011203125 0.02356374807987711
0 0.5696484374999999 0.4902304147465438 0.01016015625 0.03586021505376344
0 0.5859296875 0.5396620583717358 0.0098984375 0.026121351766513055
0 0.57603125 0.5524654377880184 0.015109375 0.018955453149001537
0 0.61380859375 0.6006144393241167 0.014589843750000001 0.01588325652841782
0 0.69795703125 0.6341705069124425 0.010421875 0.028686635944700462
0 0.73000390625 0.644162826420891 0.012503906249999999 0.027150537634408604
0 0.71841015625 0.6649078341013825 0.01380859375 0.02356374807987711
0 0.6145898437499999 0.44591397849462366 0.011984375 0.025099846390168972
0 0.6234453125 0.43490015360983103 0.011984375 0.015368663594470047
0 0.62800390625 0.42568356374807986 0.009640625 0.011267281105990783
0 0.6346484375 0.43669738863287255 0.01146484375 0.01588325652841782
0 0.6355625 0.4220967741935484 0.012246093750000001 0.015368663594470047
0 0.6478046875000001 0.43516129032258066 0.006511718750000001 0.02100614439324117
0 0.64480859375 0.4766513056835638 0.01302734375 0.01383256528417819
0 0.65288671875 0.46358678955453153 0.0098984375 0.015368663594470047
0 0.6790703125 0.4010983102918587 0.011722656250000001 0.01639016897081413
0 0.6953515625 0.4346466973886329 0.01302734375 0.017926267281105992
0 0.652625 0.41774193548387095 0.009378906250000001 0.017926267281105992
0 0.7146328125 0.4858755760368664 0.014070312500000001 0.016904761904761905
0 0.72362109375 0.4361827956989247 0.00547265625 0.019976958525345624
0 0.74316015625 0.424915514592934 0.007035156250000001 0.022027649769585253
0 0.75305859375 0.4259370199692781 0.006511718750000001 0.026121351766513055
0 0.72987109375 0.3895698924731183 0.012246093750000001 0.016904761904761905
0 0.7038203125 0.3122196620583717 0.012246093750000001 0.018955453149001537
0 0.62253515625 0.24434715821812594 0.011203125 0.018440860215053766
0 0.62253515625 0.1936021505376344 0.00859765625 0.03182027649769585
0 0.59166015625 0.29423195084485404 0.01094140625 0.029201228878648237
0 0.6091171875 0.30216589861751153 0.009378906250000001 0.028686635944700462
0 0.6802421875 0.19824116743471584 0.013546875 0.01946236559139785
0 0.02384375 0.36945468509984636 0.00812890625 0.01651305683563748
0 0.6093671875 0.02717357910906298 0.015171875000000001 0.02237327188940092
0 0.66843359375 0.07591397849462365 0.01571484375 0.019708141321044547
0 0.64418359375 0.05327188940092166 0.00894140625 0.017050691244239632
0 0.67290625 0.019178187403993855 0.01327734375 0.01598310291858679
0 0.6781875 0.038894009216589864 0.010296875 0.024508448540706607
0 0.72926171875 0.09003072196620583 0.01056640625 0.020245775729646698
0 0.7337343749999999 0.0703225806451613 0.01137890625 0.023440860215053764
0 0.7525664062499999 0.05780337941628265 0.00894140625 0.018648233486943167
0 0.7619140625 0.059930875576036866 0.009210937499999999 0.030368663594470047
0 0.689359375 0.7752918586789554 0.010828125 0.01596774193548387
0 0.7809453125 0.606305683563748 0.0090234375 0.03281874039938556
0 0.78568359375 0.5202611367127497 0.01127734375 0.02217357910906298
0 0.7241015625 0.25902457757296465 0.00992578125 0.030161290322580647
0 0.7394375 0.3055913978494624 0.010828125 0.031044546850998465
0 0.793578125 0.1689861751152074 0.01894921875 0.015076804915514592
0 0.8046289062499999 0.14281874039938555 0.01308203125 0.02661290322580645
0 0.8039531249999999 0.08781874039938556 0.008121093749999999 0.023064516129032257
0 0.81275 0.08427035330261137 0.01308203125 0.03193548387096774
0 0.82493359375 0.03725806451612903 0.0121796875 0.02661290322580645
0 0.85177734375 0.04258064516129032 0.008121093749999999 0.030161290322580647
0 0.85109765625 0.19870199692780335 0.01127734375 0.035483870967741936
0 0.8292187500000001 0.2745468509984639 0.00992578125 0.02217357910906298
0 0.81004296875 0.3743394777265745 0.01669140625 0.019516129032258064
0 0.8271875 0.36635176651305684 0.0121796875 0.019516129032258064
0 0.8443320312499999 0.35260368663594466 0.0085703125 0.03281874039938556
0 0.7881640625 0.34950076804915514 0.0090234375 0.023064516129032257
0 0.83508203125 0.41337173579109066 0.015339843750000002 0.019516129032258064
0 0.83508203125 0.47280337941628264 0.0090234375 0.04080645161290323
0 0.49558984375000004 0.03636712749615976 0.01127734375 0.01596774193548387
0 0.8150078125 0.6777112135176652 0.0085703125 0.024838709677419357
0 0.8429765625 0.6515437788018432 0.01308203125 0.031044546850998465
0 0.8429765625 0.6102995391705069 0.0085703125 0.024838709677419357
0 0.8305703125000001 0.7442396313364056 0.01353515625 0.019516129032258064
0 0.83395703125 0.7948079877112134 0.01308203125 0.019516129032258064
0 0.8441054687499999 0.7854915514592934 0.01173046875 0.03459293394777266
0 0.8477148437500001 0.7615360983102919 0.01353515625 0.01685099846390169
0 0.8594453124999999 0.7402534562211981 0.016242187499999998 0.020399385560675883
0 0.925765625 0.7304915514592935 0.012632812500000002 0.023947772657450076
0 0.9383984375000001 0.7025499231950845 0.0090234375 0.02838709677419355
0 0.9090703124999999 0.7060983102918587 0.018046875 0.02661290322580645
0 0.91809375 0.6799308755760368 0.00992578125 0.041689708141321044
0 0.8734296875 0.6160599078341014 0.010828125 0.023947772657450076
0 0.9104257812500001 0.5810215053763441 0.0090234375 0.030161290322580647
0 0.9223828125000001 0.5872350230414747 0.01488671875 0.01596774193548387
0 0.9474218750000001 0.6710599078341014 0.00992578125 0.031044546850998465
0 0.9695273437499999 0.7216205837173578 0.00721875 0.023947772657450076
0 0.9771953124999999 0.7083179723502304 0.00721875 0.023947772657450076
0 0.98328515625 0.706989247311828 0.010374999999999999 0.01596774193548387
0 0.98937890625 0.5544086021505377 0.010828125 0.02661290322580645
0 0.8269296875000001 0.5363901689708142 0.014027343749999999 0.01576036866359447
0 0.8350703125000001 0.5442703533026113 0.012273437500000001 0.01477726574500768
0 0.8870507812499999 0.4735867895545315 0.007015625 0.02708909370199693
0 0.8878046875000001 0.46102918586789554 0.01001953125 0.0187173579109063
0 0.8953203125 0.5238325652841782 0.007015625 0.028072196620583714
0 0.9136054687499999 0.5489477726574501 0.006511718750000001 0.016251920122887866
0 0.9575703125 0.5132411674347158 0.007765625 0.019700460829493085
0 0.97398046875 0.47876344086021505 0.012023437500000001 0.021674347158218126
0 0.99462890625 0.4718663594470046 0.0107421875 0.0187173579109063
0 0.9643359374999999 0.4181720430107527 0.01578125 0.012818740399385561
0 0.9941445312500001 0.3856605222734255 0.009769531250000001 0.01773425499231951
0 0.8779101562499999 0.35980798771121353 0.008265625 0.028072196620583714
0 0.9092226562500001 0.30612135176651306 0.00926953125 0.02708909370199693
0 0.95569140625 0.32927035330261134 0.01001953125 0.031029185867895544
0 0.9665898437499999 0.25341781874039937 0.00876953125 0.02610599078341014
0 0.92024609375 0.2571121351766513 0.0112734375 0.013794162826420892
0 0.91673828125 0.24750384024577574 0.011773437500000001 0.014285714285714287
0 0.9109765624999999 0.2736098310291859 0.01427734375 0.015268817204301075
0 0.87753125 0.2679493087557604 0.01453125 0.024631336405529954
0 0.8731484375 0.21894009216589863 0.007765625 0.02216589861751152
0 0.9406601562500001 0.19357142857142856 0.012023437500000001 0.026597542242703536
0 0.9316445312500001 0.1783026113671275 0.007515625 0.028571428571428574
0 0.9380312500000001 0.17066820276497696 0.0112734375 0.02216589861751152
0 0.94742578125 0.15712749615975424 0.006011718750000001 0.01773425499231951
0 0.9223750000000001 0.153678955453149 0.01553125 0.01477726574500768
0 0.9038359375 0.10737327188940093 0.014027343749999999 0.01674347158218126
0 0.9447929687500001 0.04629800307219662 0.009769531250000001 0.024631336405529954
0 0.9715976562499999 0.045560675883256525 0.008265625 0.02314900153609831
0 0.7495234375 0.18569124423963135 0.01001953125 0.011820276497695853
0 0.74501171875 0.2164746543778802 0.008015625 0.02118279569892473
0 0.7580390625 0.5935253456221198 0.01051953125 0.020683563748079878
0 0.2157421875 0.3514362519201229 0.0105234375 0.01401689708141321
0 0.44234765625000005 0.6498079877112135 0.00950390625 0.031374807987711216
0 0.4325 0.6170967741935485 0.01018359375 0.020691244239631337
0 0.41637500000000005 0.6775038402457757 0.0105234375 0.01868663594470046
0 0.27603125 0.7314976958525345 0.011722656250000001 0.01229646697388633
0 0.00328515625 0.8146006144393241 0.0065703125 0.02214285714285714
0 0.013136718750000002 0.8893317972350231 0.01032421875 0.020299539170506913
0 0.359640625 0.5839708141321045 0.007976562500000001 0.016605222734254993
0 0.43823046874999994 0.5899615975422428 0.01407421875 0.01752688172043011
0 0.5459140625 0.43728110599078346 0.01079296875 0.012918586789554532