0 0.98 0.3111111111111111 0.0115 0.016
0 0.775 0.12177777777777778 0.01 0.017777777777777778
0 0.87675 0.13377777777777777 0.012 0.019555555555555555
0 0.42425 0.8066666666666666 0.014 0.013333333333333334
0 0.794 0.21333333333333335 0.014 0.016
0 0.24075 0.536 0.013 0.022222222222222223
0 0.937 0.9342222222222222 0.015 0.015111111111111112
0 0.32825 0.3586666666666667 0.0135 0.016
0 0.384 0.5751111111111111 0.008 0.017777777777777778
0 0.17825 0.5191111111111111 0.009 0.014222222222222223
0 0.30975 0.164 0.015 0.015111111111111112
0 0.561 0.6266666666666667 0.01 0.017777777777777778
0 0.956 0.13244444444444445 0.013 0.019555555555555555
0 0.46975 0.3551111111111111 0.012 0.019555555555555555
0 0.12325 0.41333333333333333 0.013 0.017777777777777778
0 0.299 0.4831111111111111 0.008 0.019555555555555555
0 0.5915 0.22977777777777778 0.012 0.014222222222222223
0 0.835 0.5026666666666667 0.011 0.014222222222222223
0 0.6315 0.58 0.014 0.017777777777777778
0 0.073 0.8475555555555555 0.0125 0.012444444444444444
0 0.22275 0.26622222222222225 0.011 0.017777777777777778
0 0.16325 0.8408888888888889 0.011 0.016888888888888887
0 0.8405 0.5222222222222223 0.012 0.014222222222222223
0 0.188 0.7822222222222223 0.008 0.019555555555555555
0 0.68475 0.704 0.011 0.012444444444444444
0 0.64625 0.11466666666666667 0.0155 0.015111111111111112
0 0.52325 0.10355555555555555 0.0085 0.017777777777777778
0 0.803 0.496 0.013 0.017777777777777778
0 0.10925 0.22533333333333333 0.016 0.013333333333333334
0 0.18 0.088 0.01 0.017777777777777778
0 0.8965 0.07111111111111111 0.013 0.018666666666666668
0 0.97 0.8355555555555556 0.01 0.020444444444444446
0 0.8405 0.5848888888888889 0.0105 0.019555555555555555
0 0.395 0.7426666666666667 0.013 0.016
0 0.789 0.84 0.012 0.016888888888888887
0 0.08675 0.37066666666666664 0.013 0.016
0 0.42325 0.05688888888888889 0.0085 0.017777777777777778
0 0.70275 0.16577777777777777 0.0085 0.024888888888888887
0 0.11575 0.8995555555555556 0.007 0.02311111111111111
0 0.9045 0.10488888888888889 0.012 0.019555555555555555
0 0.83 0.6715555555555556 0.0105 0.015111111111111112
0 0.52975 0.9097777777777778 0.015 0.013333333333333334
0 0.37325 0.9462222222222222 0.0085 0.019555555555555555
0 0.38675 0.7142222222222222 0.008 0.018666666666666668
0 0.22 0.9333333333333333 0.011 0.019555555555555555
0 0.1315 0.5328888888888889 0.014 0.016
0 0.6055 0.7982222222222223 0.0095 0.024888888888888887
0 0.2395 0.1408888888888889 0.009 0.021333333333333333
0 0.9375 0.6933333333333334 0.0145 0.016
0 0.5755 0.10888888888888888 0.009 0.015111111111111112
0 0.31225 0.96 0.016 0.016
0 0.54825 0.04711111111111111 0.015 0.016
0 0.50125 0.7351111111111112 0.007 0.024888888888888887
0 0.88425 0.47244444444444444 0.011 0.021333333333333333
0 0.53225 0.6328888888888888 0.0155 0.016888888888888887
0 0.7445 0.24177777777777779 0.01 0.012444444444444444
0 0.561 0.3217777777777778 0.0075 0.028444444444444446
0 0.712 0.4955555555555556 0.016 0.014222222222222223
0 0.126 0.348 0.009 0.020444444444444446
0 0.737 0.956 0.013 0.017777777777777778
0 0.57275 0.12 0.0095 0.018666666666666668
0 0.9505 0.4968888888888889 0.019 0.014222222222222223
0 0.819 0.7497777777777778 0.01 0.021333333333333333
0 0.42125 0.5186666666666667 0.007 0.02666666666666667
0 0.661 0.9213333333333333 0.013 0.017777777777777778
0 0.70525 0.3622222222222222 0.011 0.019555555555555555
0 0.6885 0.5888888888888889 0.009 0.024
0 0.73675 0.2817777777777778 0.01 0.022222222222222223
0 0.53675 0.4013333333333333 0.012 0.020444444444444446
0 0.6445 0.6297777777777778 0.011 0.017777777777777778
0 0.738 0.5906666666666667 0.0115 0.021333333333333333
0 0.35425 0.9022222222222223 0.008 0.02666666666666667
0 0.54175 0.2991111111111111 0.009 0.024888888888888887
0 0.106 0.5328888888888889 0.0085 0.016888888888888887
0 0.7045 0.44222222222222224 0.012 0.015111111111111112
0 0.48025 0.6871111111111111 0.008 0.012444444444444444
0 0.1415 0.018222222222222223 0.01 0.019555555555555555
0 0.7455 0.9564444444444444 0.008 0.016
0 0.582 0.648 0.007 0.021333333333333333
0 0.51225 0.07466666666666667 0.013 0.013333333333333334
0 0.25975 0.5462222222222223 0.016 0.021333333333333333
0 0.128 0.6284444444444445 0.008 0.012444444444444444
0 0.483 0.46755555555555556 0.0115 0.014222222222222223
0 0.2965 0.6146666666666667 0.011 0.012444444444444444
0 0.25625 0.3808888888888889 0.01 0.022222222222222223
0 0.7065 0.7364444444444445 0.007 0.016
0 0.91775 0.2088888888888889 0.009 0.025777777777777778
0 0.12225 0.132 0.0075 0.018666666666666668
0 0.2965 0.26222222222222225 0.011 0.021333333333333333
0 0.78025 0.08 0.011 0.018666666666666668
0 0.8005 0.7466666666666667 0.008 0.024888888888888887
0 0.23675 0.29155555555555557 0.008 0.016
0 0.1505 0.7368888888888889 0.0125 0.013333333333333334
0 0.69575 0.088 0.01 0.024888888888888887
0 0.0975 0.188 0.011 0.016
0 0.44125 0.212 0.01 0.014222222222222223
0 0.03375 0.2937777777777778 0.013 0.014222222222222223
0 0.22175 0.06 0.011 0.015111111111111112
0 0.2555 0.1608888888888889 0.0085 0.019555555555555555
0 0.6025 0.7155555555555555 0.009 0.02311111111111111
0 0.694 0.018222222222222223 0.01 0.021333333333333333
0 0.9715 0.3711111111111111 0.014 0.012444444444444444
0 0.91275 0.6008888888888889 0.012 0.016888888888888887
0 0.77575 0.4146666666666667 0.011 0.020444444444444446
0 0.55075 0.7866666666666666 0.01 0.024888888888888887
0 0.23175 0.9568888888888889 0.013 0.012444444444444444
0 0.691 0.3551111111111111 0.011 0.017777777777777778
0 0.38375 0.44 0.007 0.017777777777777778
0 0.9325 0.6035555555555555 0.012 0.014222222222222223
0 0.5305 0.4128888888888889 0.0065 0.032
0 0.83625 0.029777777777777778 0.008 0.025777777777777778
0 0.25775 0.20266666666666666 0.0075 0.017777777777777778
0 0.40075 0.26666666666666666 0.009 0.029333333333333333
0 0.50825 0.5991111111111111 0.0105 0.018666666666666668
0 0.34825 0.49244444444444446 0.013 0.022222222222222223
0 0.11625 0.38177777777777777 0.011 0.013333333333333334
0 0.7925 0.7773333333333333 0.015 0.015111111111111112
0 0.0435 0.7048888888888889 0.015 0.016
0 0.09725 0.06 0.01 0.024888888888888887
0 0.278 0.908 0.011 0.016
0 0.64125 0.368 0.011 0.022222222222222223
0 0.468 0.8191111111111111 0.011 0.012444444444444444
0 0.85375 0.30177777777777776 0.009 0.019555555555555555
0 0.21725 0.464 0.0105 0.02666666666666667
0 0.58475 0.2648888888888889 0.008 0.021333333333333333
0 0.61475 0.3844444444444444 0.0085 0.021333333333333333
0 0.89075 0.5004444444444445 0.012 0.021333333333333333
0 0.7245 0.05511111111111111 0.008 0.021333333333333333
0 0.18325 0.9368888888888889 0.007 0.014222222222222223
0 0.49925 0.3373333333333333 0.009 0.019555555555555555
0 0.4285 0.7324444444444445 0.0095 0.021333333333333333
0 0.8225 0.09733333333333333 0.009 0.016888888888888887
0 0.10025 0.5844444444444444 0.009 0.016888888888888887
0 0.24075 0.952 0.011 0.014222222222222223
0 0.4115 0.9271111111111111 0.013 0.012444444444444444
0 0.4075 0.11866666666666667 0.013 0.015111111111111112
0 0.25675 0.46444444444444444 0.0085 0.02311111111111111
0 0.084 0.2644444444444444 0.013 0.016
0 0.643 0.041777777777777775 0.0125 0.015111111111111112
0 0.12225 0.9231111111111111 0.0135 0.012444444444444444
0 0.44875 0.6364444444444445 0.0085 0.021333333333333333
0 0.04275 0.912 0.015 0.014222222222222223
0 0.866 0.7253333333333334 0.008 0.02666666666666667
0 0.3255 0.016 0.011 0.019555555555555555
0 0.393 0.15155555555555555 0.008 0.021333333333333333
0 0.879 0.6488888888888888 0.011 0.016
0 0.138 0.7417777777777778 0.011 0.012444444444444444
0 0.4435 0.9484444444444444 0.0105 0.016888888888888887
0 0.6905 0.16755555555555557 0.008 0.028444444444444446
0 0.54625 0.82 0.01 0.018666666666666668
0 0.1125 0.9728888888888889 0.0135 0.014222222222222223
0 0.1385 0.05555555555555555 0.009 0.014222222222222223
0 0.02 0.16355555555555557 0.011 0.016
0 0.52425 0.196 0.0075 0.02666666666666667
0 0.69625 0.05377777777777778 0.011 0.02311111111111111
0 0.44425 0.9208888888888889 0.01 0.019555555555555555
0 0.195 0.8142222222222222 0.0075 0.017777777777777778
0 0.4775 0.5502222222222222 0.01 0.012444444444444444
0 0.47375 0.43777777777777777 0.007 0.025777777777777778
0 0.70525 0.11333333333333333 0.013 0.014222222222222223
0 0.2165 0.7502222222222222 0.01 0.016
0 0.316 0.4622222222222222 0.01 0.024
0 0.77 0.44355555555555554 0.0105 0.025777777777777778
0 0.93825 0.43777777777777777 0.0085 0.017777777777777778
0 0.299 0.20533333333333334 0.008 0.02311111111111111
0 0.73425 0.31244444444444447 0.012 0.016
0 0.275 0.8311111111111111 0.007 0.021333333333333333
0 0.65125 0.064 0.01 0.02311111111111111
0 0.194 0.7746666666666666 0.0145 0.016
0 0.923 0.6497777777777778 0.0085 0.028444444444444446
0 0.135 0.8991111111111111 0.008 0.028444444444444446
0 0.01975 0.32755555555555554 0.007 0.022222222222222223
0 0.403 0.4071111111111111 0.007 0.024888888888888887
0 0.20525 0.192 0.008 0.016
0 0.47475 0.09866666666666667 0.0075 0.028444444444444446
0 0.27225 0.8311111111111111 0.006 0.021333333333333333
0 0.3925 0.5231111111111111 0.007 0.022222222222222223
0 0.6745 0.4351111111111111 0.011 0.010666666666666666
0 0.98275 0.196 0.009 0.019555555555555555
0 0.3185 0.2857777777777778 0.011 0.025777777777777778
0 0.80325 0.9768888888888889 0.009 0.019555555555555555
0 0.73825 0.6751111111111111 0.008 0.017777777777777778
0 0.35525 0.7626666666666667 0.007 0.02666666666666667
0 0.1395 0.6715555555555556 0.01 0.019555555555555555
0 0.81 0.056 0.016 0.014222222222222223
0 0.60725 0.232 0.007 0.030222222222222223
0 0.90425 0.05422222222222222 0.011 0.021333333333333333
0 0.54925 0.6728888888888889 0.01 0.019555555555555555
0 0.36225 0.08533333333333333 0.007 0.017777777777777778
0 0.22175 0.9017777777777778 0.008 0.012444444444444444
0 0.2895 0.10755555555555556 0.0095 0.021333333333333333
0 0.7195 0.9306666666666666 0.013 0.021333333333333333
0 0.47675 0.7502222222222222 0.0115 0.011555555555555555
0 0.77225 0.7253333333333334 0.009 0.028444444444444446
0 0.558 0.5244444444444445 0.009 0.02666666666666667
0 0.473 0.9937777777777778 0.007 0.012444444444444444
0 0.466 0.21866666666666668 0.007 0.024
0 0.534 0.03288888888888889 0.009 0.027555555555555555
0 0.074 0.5226666666666666 0.012 0.021333333333333333
0 0.551 0.6106666666666667 0.011 0.028444444444444446
0 0.951 0.8066666666666666 0.008 0.02666666666666667
0 0.615 0.8893333333333333 0.008 0.017777777777777778
0 0.8195 0.07555555555555556 0.009 0.02311111111111111
0 0.033 0.40444444444444444 0.016 0.012444444444444444
0 0.282 0.9075555555555556 0.007 0.012444444444444444
0 0.2095 0.9044444444444445 0.007 0.021333333333333333
0 0.5875 0.9324444444444444 0.009 0.028444444444444446
0 0.7865 0.6528888888888889 0.0105 0.017777777777777778
0 0.1095 0.5093333333333333 0.0105 0.014222222222222223
0 0.20925 0.8742222222222222 0.007 0.024888888888888887
0 0.509 0.8431111111111111 0.01 0.019555555555555555
0 0.8935 0.7537777777777778 0.01 0.019555555555555555
0 0.96675 0.2751111111111111 0.0095 0.02311111111111111
0 0.78075 0.8302222222222222 0.011 0.021333333333333333
0 0.29425 0.6453333333333333 0.0085 0.018666666666666668
0 0.46525 0.828 0.01 0.014222222222222223
0 0.85725 0.3231111111111111 0.01 0.013333333333333334
0 0.3545 0.09733333333333333 0.0085 0.02311111111111111
0 0.8645 0.4391111111111111 0.008 0.028444444444444446
0 0.96625 0.7377777777777778 0.008 0.024888888888888887
0 0.88025 0.21288888888888888 0.008 0.021333333333333333
0 0.9105 0.8035555555555556 0.01 0.018666666666666668
0 0.713 0.6933333333333334 0.013 0.016
0 0.60625 0.6506666666666666 0.006 0.020444444444444446
0 0.90825 0.7568888888888889 0.007 0.024888888888888887
0 0.3655 0.6817777777777778 0.0065 0.024888888888888887
0 0.62725 0.5271111111111111 0.0065 0.02666666666666667
0 0.9015 0.8693333333333333 0.0085 0.02666666666666667
0 0.89475 0.7968888888888889 0.01 0.02311111111111111
0 0.44425 0.7688888888888888 0.006 0.02666666666666667
0 0.95775 0.8706666666666667 0.0085 0.028444444444444446
0 0.5415 0.8284444444444444 0.007 0.027555555555555555
0 0.9465 0.7768888888888889 0.009 0.021333333333333333
0 0.551 0.8102222222222222 0.0075 0.021333333333333333
0 0.55 0.9244444444444444 0.0085 0.030222222222222223
0 0.48525 0.8488888888888889 0.01 0.028444444444444446
0 0.5745 0.5066666666666667 0.008 0.028444444444444446
0 0.182 0.6377777777777778 0.013 0.012444444444444444
0 0.66275 0.22266666666666668 0.012 0.019555555555555555
0 0.66225 0.20977777777777779 0.008 0.014222222222222223
0 0.97425 0.2457777777777778 0.006 0.029333333333333333
0 0.804 0.8222222222222222 0.007 0.019555555555555555
0 0.155 0.8791111111111111 0.009 0.017777777777777778
0 0.65975 0.3888888888888889 0.006 0.022222222222222223
0 0.44675 0.568 0.006 0.030222222222222223
0 0.689 0.7248888888888889 0.008 0.025777777777777778
0 0.879 0.09866666666666667 0.01 0.024888888888888887
0 0.6865 0.46844444444444444 0.008 0.021333333333333333
0 0.3435 0.8093333333333333 0.0085 0.029333333333333333
0 0.806 0.9524444444444444 0.009 0.021333333333333333
0 0.42675 0.044 0.008 0.021333333333333333
0 0.58075 0.1671111111111111 0.007 0.02311111111111111
0 0.4915 0.3546666666666667 0.009 0.019555555555555555
0 0.38075 0.7742222222222223 0.008 0.030222222222222223
0 0.971 0.7546666666666667 0.007 0.024
0 0.929 0.46355555555555555 0.0075 0.021333333333333333
0 0.281 0.024444444444444446 0.0145 0.014222222222222223
0 0.3845 0.31333333333333335 0.0075 0.019555555555555555
0 0.302 0.5951111111111111 0.0105 0.021333333333333333
0 0.2895 0.3244444444444444 0.009 0.017777777777777778
0 0.324 0.5684444444444444 0.007 0.021333333333333333
0 0.628 0.2688888888888889 0.007 0.02666666666666667
0 0.017 0.21422222222222223 0.008 0.016
0 0.25075 0.6208888888888889 0.006 0.02666666666666667
0 0.53125 0.5382222222222223 0.007 0.027555555555555555
0 0.12175 0.6577777777777778 0.0075 0.016
0 0.45725 0.03955555555555555 0.008 0.024
0 0.53275 0.3168888888888889 0.013 0.017777777777777778
0 0.632 0.39244444444444443 0.0065 0.021333333333333333
0 0.7435 0.6391111111111111 0.0085 0.021333333333333333
0 0.7835 0.11155555555555556 0.007 0.024888888888888887
0 0.30825 0.7506666666666667 0.006 0.022222222222222223
0 0.094 0.5262222222222223 0.0075 0.013333333333333334
0 0.62225 0.31466666666666665 0.01 0.019555555555555555
0 0.259 0.15777777777777777 0.008 0.021333333333333333
0 0.5885 0.044444444444444446 0.0095 0.019555555555555555
0 0.04225 0.012444444444444444 0.009 0.012444444444444444
0 0.60825 0.8764444444444445 0.0085 0.024888888888888887
0 0.7065 0.6911111111111111 0.008 0.016888888888888887
0 0.19525 0.16266666666666665 0.008 0.017777777777777778
0 0.387 0.68 0.006 0.021333333333333333
0 0.20375 0.17644444444444443 0.004 0.021333333333333333
0 0.607 0.06133333333333333 0.0115 0.019555555555555555
0 0.81175 0.8724444444444445 0.011 0.028444444444444446
0 0.57125 0.09688888888888889 0.009 0.025777777777777778
0 0.2105 0.6186666666666667 0.007 0.02666666666666667
0 0.03575 0.9777777777777777 0.011 0.015111111111111112
0 0.03775 0.36 0.007 0.02311111111111111
0 0.11975 0.6133333333333333 0.008 0.017777777777777778
0 0.8135 0.21688888888888888 0.01 0.018666666666666668
0 0.18625 0.736 0.007 0.028444444444444446
0 0.31425 0.752 0.008 0.012444444444444444
0 0.935 0.4671111111111111 0.007 0.028444444444444446
0 0.96475 0.7955555555555556 0.008 0.019555555555555555
0 0.19625 0.43466666666666665 0.0075 0.024888888888888887
0 0.762 0.6066666666666667 0.01 0.028444444444444446
0 0.617 0.8764444444444445 0.013 0.018666666666666668
0 0.97175 0.8568888888888889 0.01 0.021333333333333333
0 0.91875 0.828 0.007 0.02311111111111111
0 0.751 0.7897777777777778 0.007 0.021333333333333333
0 0.8205 0.20355555555555555 0.011 0.02311111111111111
0 0.3435 0.7524444444444445 0.013 0.019555555555555555
0 0.822 0.9564444444444444 0.008 0.019555555555555555
0 0.0475 0.8333333333333334 0.0105 0.012444444444444444
0 0.09925 0.7613333333333333 0.01 0.019555555555555555
0 0.42825 0.8693333333333333 0.007 0.027555555555555555
0 0.15025 0.9942222222222222 0.008 0.011555555555555555
0 0.36675 0.21777777777777776 0.006 0.024
0 0.479 0.7871111111111111 0.012 0.012444444444444444
0 0.13275 0.058222222222222224 0.006 0.019555555555555555
0 0.783 0.5093333333333333 0.009 0.022222222222222223
0 0.9035 0.42933333333333334 0.009 0.021333333333333333
0 0.44175 0.8706666666666667 0.008 0.024888888888888887
0 0.13025 0.6133333333333333 0.0105 0.024888888888888887
0 0.198 0.8066666666666666 0.009 0.012444444444444444
0 0.05925 0.5088888888888888 0.01 0.008888888888888889
0 0.69475 0.45466666666666666 0.0125 0.020444444444444446
0 0.21375 0.8533333333333334 0.0085 0.02311111111111111
0 0.4695 0.2697777777777778 0.0065 0.016
0 0.935 0.4226666666666667 0.011 0.016888888888888887
0 0.65275 0.5693333333333334 0.0065 0.028444444444444446
0 0.67725 0.4186666666666667 0.012 0.013333333333333334
0 0.30125 0.5164444444444445 0.007 0.024888888888888887
0 0.26125 0.2031111111111111 0.008 0.019555555555555555
0 0.917 0.2262222222222222 0.014 0.016
0 0.70325 0.4653333333333333 0.007 0.016
0 0.26525 0.035111111111111114 0.008 0.024888888888888887
0 0.25325 0.9617777777777777 0.008 0.017777777777777778
0 0.258 0.9564444444444444 0.011 0.017777777777777778
0 0.2705 0.96 0.006 0.02311111111111111
0 0.2675 0.9062222222222223 0.0095 0.017777777777777778
0 0.215 0.9031111111111111 0.0075 0.018666666666666668
0 0.1905 0.8093333333333333 0.0075 0.012444444444444444
0 0.00375 0.02 0.0075 0.024888888888888887
0 0.0545 0.08666666666666667 0.007 0.028444444444444446
0 0.038 0.11644444444444445 0.008 0.024888888888888887
0 0.0245 0.22133333333333333 0.0075 0.02666666666666667
0 0.06475 0.18666666666666668 0.008 0.032
0 0.04575 0.2737777777777778 0.008 0.028444444444444446
0 0.05725 0.2702222222222222 0.0005 0.0008888888888888889
0 0.13025 0.1 0.0135 0.014222222222222223
0 0.1465 0.11555555555555555 0.007 0.028444444444444446
0 0.1585 0.08844444444444445 0.0065 0.024888888888888887
0 0.1265 0.06933333333333333 0.007 0.020444444444444446
0 0.12225 0.10488888888888889 0.0075 0.028444444444444446
0 0.16175 0.10577777777777778 0.006 0.024
0 0.119 0.31466666666666665 0.012 0.015111111111111112
0 0.196 0.18355555555555556 0.007 0.028444444444444446
0 0.21275 0.164 0.01 0.021333333333333333
0 0.20825 0.1711111111111111 0.0075 0.02311111111111111
0 0.239 0.20177777777777778 0.006 0.024888888888888887
0 0.25475 0.2853333333333333 0.008 0.028444444444444446
0 0.2095 0.26222222222222225 0.007 0.030222222222222223
0 0.2935 0.1288888888888889 0.0095 0.019555555555555555
0 0.37325 0.08311111111111111 0.007 0.025777777777777778
0 0.44725 0.09333333333333334 0.0055 0.032
0 0.47475 0.30444444444444446 0.009 0.024888888888888887
0 0.49375 0.04088888888888889 0.0095 0.019555555555555555
0 0.34375 0.176 0.0105 0.024888888888888887
0 0.02475 0.37466666666666665 0.009 0.02666666666666667
0 0.0035 0.42044444444444445 0.007 0.027555555555555555
0 0.074 0.4728888888888889 0.008 0.028444444444444446
0 0.1255 0.4497777777777778 0.007 0.024888888888888887
0 0.13175 0.46444444444444444 0.008 0.030222222222222223
0 0.28525 0.42933333333333334 0.011 0.019555555555555555
0 0.28325 0.45511111111111113 0.007 0.02666666666666667
0 0.31325 0.34933333333333333 0.009 0.029333333333333333
0 0.2075 0.5684444444444444 0.0065 0.02666666666666667
0 0.1005 0.6328888888888888 0.008 0.024888888888888887
0 0.118 0.6262222222222222 0.009 0.010666666666666666
0 0.1145 0.6493333333333333 0.0065 0.028444444444444446
0 0.0465 0.6333333333333333 0.006 0.025777777777777778
0 0.084 0.5315555555555556 0.0095 0.027555555555555555
0 0.2895 0.6248888888888889 0.01 0.012444444444444444
0 0.2845 0.6373333333333333 0.008 0.02311111111111111
0 0.36 0.46844444444444444 0.008 0.02666666666666667
0 0.36775 0.4862222222222222 0.008 0.029333333333333333
0 0.48425 0.556 0.011 0.017777777777777778
0 0.21775 0.6782222222222222 0.0085 0.021333333333333333
0 0.139 0.7071111111111111 0.005 0.02311111111111111
0 0.03 0.6777777777777778 0.014 0.012444444444444444
0 0.02125 0.7084444444444444 0.01 0.024888888888888887
0 0.01825 0.7551111111111111 0.008 0.030222222222222223
0 0.078 0.7324444444444445 0.009 0.027555555555555555
0 0.09675 0.7422222222222222 0.008 0.02311111111111111
0 0.138 0.7857777777777778 0.011 0.025777777777777778
0 0.14275 0.7382222222222222 0.009 0.015111111111111112
0 0.08225 0.8048888888888889 0.006 0.02666666666666667
0 0.04825 0.8502222222222222 0.006 0.021333333333333333
0 0.00375 0.8688888888888889 0.006 0.028444444444444446
0 0.07525 0.904 0.009 0.02666666666666667
0 0.04825 0.9253333333333333 0.012 0.008888888888888889
0 0.063 0.9355555555555556 0.0065 0.024888888888888887
0 0.02125 0.9626666666666667 0.005 0.02666666666666667
0 0.12425 0.9857777777777778 0.006 0.021333333333333333
0 0.176 0.7568888888888889 0.0095 0.025777777777777778
0 0.45325 0.8862222222222222 0.0065 0.024888888888888887
0 0.45375 0.9151111111111111 0.005 0.020444444444444446
0 0.4215 0.8826666666666667 0.007 0.016
0 0.436 0.8942222222222223 0.009 0.017777777777777778
0 0.4355 0.9146666666666666 0.0085 0.016
0 0.51625 0.21555555555555556 0.007 0.024888888888888887
0 0.6815 0.2702222222222222 0.0085 0.02311111111111111
0 0.723 0.2813333333333333 0.007 0.028444444444444446
0 0.792 0.09555555555555556 0.0095 0.028444444444444446
0 0.7785 0.10666666666666667 0.007 0.021333333333333333
0 0.7935 0.2991111111111111 0.007 0.029333333333333333
0 0.8305 0.27555555555555555 0.008 0.03288888888888889
0 0.8745 0.006666666666666667 0.0115 0.013333333333333334
0 0.92625 0.22044444444444444 0.009 0.028444444444444446
0 0.65 0.3622222222222222 0.007 0.027555555555555555
0 0.60125 0.38622222222222224 0.008 0.032
0 0.51475 0.4662222222222222 0.008 0.024888888888888887
0 0.84825 0.5484444444444444 0.0065 0.02666666666666667
0 0.92825 0.42 0.006 0.02666666666666667
0 0.95925 0.42844444444444446 0.0085 0.028444444444444446
0 0.965 0.43733333333333335 0.007 0.02311111111111111
0 0.971 0.4782222222222222 0.007 0.032
0 0.95675 0.36 0.008 0.020444444444444446
0 0.67875 0.4275555555555556 0.012 0.008888888888888889
0 0.824 0.352 0.01 0.020444444444444446
0 0.56275 0.40755555555555556 0.0085 0.024888888888888887
0 0.847 0.6835555555555556 0.008 0.021333333333333333
0 0.9635 0.6844444444444444 0.0125 0.016
0 0.79475 0.8164444444444444 0.0065 0.030222222222222223
0 0.6215 0.9666666666666667 0.008 0.032
0 0.8165 0.9622222222222222 0.0095 0.02666666666666667
0 0.82875 0.9466666666666667 0.01 0.030222222222222223
0 0.85075 0.9044444444444445 0.008 0.02666666666666667
0 0.998 0.08977777777777778 0.004 0.021333333333333333
0 0.65225 0.39866666666666667 0.008 0.024888888888888887