0 0.9275 0.2088888888888889 0.0095 0.020444444444444446
0 0.79975 0.16133333333333333 0.01075 0.02
0 0.64725 0.4142222222222222 0.01025 0.021777777777777778
0 0.6465 0.3973333333333333 0.01125 0.016888888888888887
0 0.58325 0.4493333333333333 0.01075 0.015111111111111112
0 0.504 0.48133333333333334 0.00825 0.024888888888888887
0 0.8255 0.78 0.007 0.030222222222222223
0 0.56075 0.8933333333333333 0.00875 0.023555555555555555
0 0.497 0.4728888888888889 0.00725 0.03244444444444444
0 0.36125 0.424 0.01025 0.024444444444444446
0 0.35 0.31333333333333335 0.01325 0.012888888888888889
0 0.36525 0.32755555555555554 0.00975 0.008888888888888889
0 0.33125 0.34844444444444445 0.006 0.026222222222222223
0 0.3265 0.36444444444444446 0.01 0.015111111111111112
0 0.3865 0.376 0.0055 0.019555555555555555
0 0.32825 0.2817777777777778 0.006 0.026222222222222223
0 0.44375 0.15955555555555556 0.00925 0.019555555555555555
0 0.43425 0.15955555555555556 0.01075 0.010222222222222223
0 0.41425 0.12222222222222222 0.00925 0.016444444444444446
0 0.4245 0.11511111111111111 0.0115 0.009333333333333334
0 0.333 0.13111111111111112 0.005 0.02
0 0.34625 0.10177777777777777 0.008 0.019555555555555555
0 0.33625 0.09333333333333334 0.00825 0.021777777777777778
0 0.34 0.09777777777777778 0.00925 0.021333333333333333
0 0.37175 0.12 0.00575 0.02711111111111111
0 0.33875 0.24888888888888888 0.01125 0.011111111111111112
0 0.3425 0.7031111111111111 0.00525 0.01911111111111111
0 0.33225 0.6933333333333334 0.0105 0.011111111111111112
0 0.4585 0.8453333333333334 0.00725 0.025333333333333333
0 0.39875 0.9666666666666667 0.007 0.020444444444444446
0 0.3955 0.9724444444444444 0.0075 0.026222222222222223
0 0.976 0.2431111111111111 0.00825 0.015555555555555555
0 0.74525 0.3711111111111111 0.011 0.012888888888888889
0 0.27575 0.9835555555555555 0.0115 0.03288888888888889
0 0.73575 0.36844444444444446 0.00825 0.010666666666666666
0 0.45225 0.6955555555555556 0.0065 0.024
0 0.42725 0.7057777777777777 0.012 0.012888888888888889
0 0.50475 0.7275555555555555 0.008 0.011111111111111112
0 0.9785 0.24222222222222223 0.014 0.01911111111111111
0 0.74125 0.37022222222222223 0.0195 0.016888888888888887
0 0.498 0.864 0.01075 0.020888888888888887
0 0.58275 0.5728888888888889 0.00975 0.025333333333333333
0 0.7675 0.45155555555555554 0.0075 0.025777777777777778
0 0.6135 0.6133333333333333 0.01175 0.014666666666666666
0 0.91425 0.8186666666666667 0.00825 0.024
0 0.56325 0.18622222222222223 0.013 0.012444444444444444
0 0.81 0.8084444444444444 0.00725 0.021777777777777778
0 0.91725 0.7248888888888889 0.0075 0.021777777777777778
0 0.72875 0.9231111111111111 0.0075 0.024888888888888887
0 0.9875 0.18 0.01025 0.025777777777777778
0 0.955 0.8075555555555556 0.008 0.02
0 0.58425 0.8653333333333333 0.008 0.02
0 0.606 0.9453333333333334 0.0105 0.016444444444444446
0 0.64075 0.9346666666666666 0.008 0.026222222222222223
0 0.666 0.8342222222222222 0.01075 0.021333333333333333
0 0.5275 0.5057777777777778 0.0145 0.015111111111111112
0 0.83175 0.8142222222222222 0.011 0.018222222222222223
0 0.7765 0.9568888888888889 0.0075 0.02266666666666667
0 0.43125 0.8373333333333334 0.012 0.021777777777777778
0 0.679 0.07733333333333334 0.00675 0.02266666666666667
0 0.40275 0.46844444444444444 0.0105 0.01911111111111111
0 0.84725 0.8564444444444445 0.0065 0.02311111111111111
0 0.692 0.35777777777777775 0.0085 0.015111111111111112
0 0.62475 0.124 0.00725 0.017777777777777778
0 0.8515 0.5328888888888889 0.009 0.017333333333333333
0 0.46775 0.7191111111111111 0.0095 0.018666666666666668
0 0.7295 0.9617777777777777 0.008 0.01911111111111111
0 0.8875 0.39911111111111114 0.01325 0.018666666666666668
0 0.7605 0.8204444444444444 0.00675 0.02
0 0.91925 0.76 0.008 0.022222222222222223
0 0.8635 0.5706666666666667 0.01025 0.01911111111111111
0 0.5315 0.688 0.00725 0.026222222222222223
0 0.6605 0.8742222222222222 0.00775 0.017333333333333333
0 0.7995 0.44622222222222224 0.01075 0.02311111111111111
0 0.94975 0.26666666666666666 0.01175 0.02
0 0.8865 0.7946666666666666 0.01225 0.013333333333333334
0 0.5455 0.116 0.0115 0.020444444444444446
0 0.90625 0.48533333333333334 0.00975 0.029777777777777778
0 0.359 0.49777777777777776 0.015 0.016888888888888887
0 0.6295 0.744 0.00825 0.016444444444444446
0 0.77425 0.9853333333333333 0.00725 0.028
0 0.74125 0.6306666666666667 0.00775 0.021777777777777778
0 0.57025 0.36 0.007 0.028888888888888888
0 0.696 0.736 0.0065 0.020444444444444446
0 0.77825 0.5484444444444444 0.008 0.023555555555555555
0 0.88225 0.27066666666666667 0.00775 0.02266666666666667
0 0.907 0.4008888888888889 0.011 0.012444444444444444
0 0.3335 0.5955555555555555 0.01325 0.016444444444444446
0 0.87125 0.10088888888888889 0.00925 0.02311111111111111
0 0.313 0.5706666666666667 0.00625 0.02666666666666667
0 0.88 0.5253333333333333 0.009 0.012888888888888889
0 0.7155 0.02711111111111111 0.00875 0.020888888888888887
0 0.4635 0.21244444444444444 0.00725 0.02711111111111111
0 0.69525 0.9911111111111112 0.00725 0.017777777777777778
0 0.943 0.41155555555555556 0.00975 0.024444444444444446
0 0.99425 0.7177777777777777 0.01125 0.024
0 0.32075 0.9835555555555555 0.00875 0.020444444444444446
0 0.665 0.6817777777777778 0.0085 0.019555555555555555
0 0.6655 0.6391111111111111 0.01175 0.016
0 0.42225 0.24977777777777777 0.0135 0.015111111111111112
0 0.9335 0.9857777777777778 0.0095 0.028
0 0.20075 0.4288888888888889 0.01375 0.014222222222222223
0 0.32075 0.6484444444444445 0.013 0.017333333333333333
0 0.723 0.27466666666666667 0.00825 0.012444444444444444
0 0.1855 0.5226666666666666 0.01475 0.013333333333333334
0 0.3385 0.4408888888888889 0.0155 0.017777777777777778
0 0.1205 0.29733333333333334 0.0125 0.016888888888888887
0 0.213 0.9337777777777778 0.01125 0.017333333333333333
0 0.6335 0.5053333333333333 0.00675 0.020444444444444446
0 0.2455 0.3591111111111111 0.0115 0.017333333333333333
0 0.19825 0.48088888888888887 0.01475 0.016
0 0.6355 0.31466666666666665 0.01175 0.016444444444444446
0 0.98875 0.9675555555555555 0.00925 0.03111111111111111
0 0.1095 0.7017777777777777 0.00775 0.030666666666666665
0 0.188 0.612 0.00625 0.02
0 0.166 0.5733333333333334 0.01375 0.013333333333333334
0 0.491 0.8217777777777778 0.011 0.018666666666666668
0 0.21425 0.8422222222222222 0.01125 0.017333333333333333
0 0.18575 0.8284444444444444 0.0145 0.015111111111111112
0 0.2035 0.7075555555555556 0.0135 0.013777777777777778
0 0.243 0.636 0.007 0.014666666666666666
0 0.2405 0.3848888888888889 0.00525 0.028444444444444446
0 0.274 0.31155555555555553 0.01125 0.012
0 0.1075 0.26844444444444443 0.01025 0.010666666666666666
0 0.27175 0.216 0.008 0.016444444444444446
0 0.1595 0.34844444444444445 0.01075 0.010222222222222223
0 0.1865 0.364 0.01125 0.010666666666666666
0 0.03975 0.26711111111111113 0.0145 0.010666666666666666
0 0.05675 0.36533333333333334 0.00875 0.018222222222222223
0 0.951 0.020888888888888887 0.0145 0.030222222222222223
0 0.941 0.09288888888888888 0.00875 0.028
0 0.931 0.10888888888888888 0.01325 0.021333333333333333
0 0.81875 0.1431111111111111 0.01175 0.016
0 0.81375 0.1288888888888889 0.009 0.022222222222222223
0 0.7255 0.18844444444444444 0.01175 0.012444444444444444
0 0.7505 0.2591111111111111 0.00975 0.027555555555555555
0 0.64625 0.24133333333333334 0.0125 0.029333333333333333
0 0.607 0.10266666666666667 0.0105 0.017333333333333333
0 0.65425 0.14444444444444443 0.01225 0.012444444444444444
0 0.624 0.023555555555555555 0.009 0.028
0 0.61175 0.033777777777777775 0.01425 0.016
0 0.599 0.025777777777777778 0.0115 0.037333333333333336
0 0.58475 0.02711111111111111 0.01525 0.027555555555555555
0 0.55725 0.09066666666666667 0.015 0.02266666666666667
0 0.541 0.088 0.01125 0.025333333333333333
0 0.52325 0.028888888888888888 0.0155 0.017777777777777778
0 0.51325 0.07333333333333333 0.0165 0.01911111111111111
0 0.50075 0.14133333333333334 0.0095 0.03333333333333333
0 0.49825 0.0044444444444444444 0.00775 0.008888888888888889
0 0.47075 0.15422222222222223 0.0145 0.01911111111111111
0 0.57025 0.30444444444444446 0.01175 0.01911111111111111
0 0.76575 0.3297777777777778 0.00775 0.02266666666666667
0 0.74725 0.33155555555555555 0.013 0.021333333333333333
0 0.72625 0.5111111111111111 0.0135 0.018666666666666668
0 0.72775 0.4951111111111111 0.0135 0.010666666666666666
0 0.7355 0.5191111111111111 0.01 0.020444444444444446
0 0.74425 0.5911111111111111 0.01275 0.022222222222222223
0 0.76825 0.5342222222222223 0.014 0.014666666666666666
0 0.8735 0.48 0.01475 0.012888888888888889
0 0.73475 0.5955555555555555 0.00975 0.02711111111111111
0 0.6615 0.5906666666666667 0.01475 0.017333333333333333
0 0.65275 0.6066666666666667 0.016 0.017333333333333333
0 0.34725 0.7048888888888889 0.00575 0.030666666666666665
0 0.05 0.06755555555555555 0.00875 0.02311111111111111
0 0.05 0.048 0.0115 0.02266666666666667
0 0.09175 0.012888888888888889 0.01625 0.013777777777777778
0 0.16525 0.08222222222222222 0.01 0.025333333333333333
0 0.24775 0.03955555555555555 0.014 0.024
0 0.28275 0.03333333333333333 0.00625 0.028
0 0.24325 0.09333333333333334 0.013 0.016888888888888887
0 0.23525 0.13555555555555557 0.00625 0.029333333333333333
0 0.22925 0.13555555555555557 0.00675 0.020888888888888887
0 0.2645 0.10622222222222222 0.006 0.02
0 0.26175 0.21555555555555556 0.00875 0.023555555555555555
0 0.2535 0.32711111111111113 0.01125 0.02311111111111111
0 0.24075 0.3164444444444444 0.009 0.027555555555555555
0 0.1445 0.30133333333333334 0.0155 0.016888888888888887
0 0.007 0.36088888888888887 0.014 0.017777777777777778
0 0.00675 0.2822222222222222 0.0135 0.025333333333333333
0 0.00875 0.252 0.00975 0.023555555555555555
0 0.147 0.5968888888888889 0.0185 0.020444444444444446
0 0.13525 0.6177777777777778 0.014 0.012888888888888889
0 0.10475 0.6768888888888889 0.015 0.016444444444444446
0 0.029 0.7044444444444444 0.01875 0.020888888888888887
0 0.00475 0.7231111111111111 0.0095 0.018666666666666668
0 0.044 0.7368888888888889 0.015 0.017333333333333333
0 0.06225 0.7413333333333333 0.00775 0.028888888888888888
0 0.0695 0.736 0.0115 0.025333333333333333
0 0.1895 0.7151111111111111 0.0085 0.021777777777777778
0 0.1265 0.7915555555555556 0.01275 0.020888888888888887
0 0.1615 0.8426666666666667 0.0095 0.028888888888888888
0 0.252 0.9168888888888889 0.0115 0.028444444444444446
0 0.2625 0.9275555555555556 0.01325 0.019555555555555555
0 0.334 0.9577777777777777 0.01225 0.025777777777777778
0 0.23725 0.936 0.0135 0.025333333333333333
0 0.04675 0.9151111111111111 0.01225 0.015555555555555555
0 0.03675 0.8791111111111111 0.01275 0.017333333333333333
0 0.03225 0.9013333333333333 0.0105 0.024888888888888887
0 0.01175 0.8662222222222222 0.01025 0.018222222222222223
0 0.05275 0.9764444444444444 0.015 0.020444444444444446
0 0.0415 0.9711111111111111 0.013 0.012888888888888889
0 0.05475 0.9426666666666667 0.0165 0.02
0 0.2545 0.0035555555555555557 0.0145 0.0071111111111111115
0 0.46375 0.4782222222222222 0.01575 0.018666666666666668
0 0.54225 0.9262222222222222 0.0125 0.016888888888888887
0 0.3485 0.8457777777777777 0.0085 0.023555555555555555
0 0.2125 0.7444444444444445 0.00775 0.018666666666666668
0 0.20925 0.7551111111111111 0.0065 0.021333333333333333
0 0.0655 0.49333333333333335 0.0125 0.017777777777777778
0 0.138 0.4968888888888889 0.013 0.014222222222222223
0 0.07275 0.43733333333333335 0.01175 0.012888888888888889
0 0.25775 0.7946666666666666 0.01075 0.019555555555555555
0 0.51925 0.6631111111111111 0.01575 0.017333333333333333
0 0.41275 0.8017777777777778 0.00925 0.028444444444444446
0 0.9765 0.068 0.01725 0.021777777777777778
0 0.8465 0.2942222222222222 0.0165 0.018666666666666668
0 0.97625 0.416 0.0165 0.026222222222222223
0 0.987 0.4444444444444444 0.018 0.024888888888888887
0 0.89425 0.5026666666666667 0.01325 0.041777777777777775
0 0.85 0.5088888888888888 0.014 0.029333333333333333
0 0.86725 0.5888888888888889 0.0125 0.021777777777777778
0 0.9395 0.6111111111111112 0.0165 0.029333333333333333
0 0.9595 0.6191111111111111 0.01725 0.02
0 0.9645 0.6328888888888888 0.0165 0.02311111111111111
0 0.88875 0.6608888888888889 0.0195 0.02311111111111111
0 0.978 0.6702222222222223 0.014 0.029333333333333333
0 0.90075 0.8404444444444444 0.0125 0.03244444444444444
0 0.789 0.05288888888888889 0.01875 0.021777777777777778
0 0.675 0.776 0.014 0.028
0 0.657 0.4622222222222222 0.0095 0.016888888888888887
0 0.61525 0.23155555555555554 0.01325 0.02
0 0.49725 0.6964444444444444 0.01325 0.026222222222222223
0 0.4805 0.3688888888888889 0.02025 0.024888888888888887
0 0.4945 0.32133333333333336 0.011 0.03244444444444444
0 0.35675 0.10533333333333333 0.01325 0.021777777777777778
0 0.36525 0.13466666666666666 0.01325 0.03111111111111111
0 0.3715 0.6537777777777778 0.0085 0.024888888888888887
0 0.129 0.5195555555555555 0.0125 0.029333333333333333
0 0.04325 0.9017777777777778 0.01475 0.021777777777777778
0 0.4245 0.6831111111111111 0.007 0.021777777777777778