0 0.40525 0.364 0.01225 0.020888888888888887
0 0.4345 0.15644444444444444 0.00525 0.02311111111111111
0 0.167 0.5128888888888888 0.006 0.017777777777777778
0 0.17175 0.5271111111111111 0.0075 0.015111111111111112
0 0.439 0.16933333333333334 0.0115 0.013333333333333334
0 0.42975 0.20444444444444446 0.0095 0.012888888888888889
0 0.39625 0.20755555555555555 0.00775 0.020888888888888887
0 0.80175 0.6 0.008 0.023555555555555555
0 0.7785 0.6133333333333333 0.00675 0.020888888888888887
0 0.78025 0.6297777777777778 0.006 0.021777777777777778
0 0.81125 0.604 0.00975 0.012444444444444444
0 0.77725 0.5697777777777778 0.008 0.016888888888888887
0 0.72725 0.4955555555555556 0.00675 0.017777777777777778
0 0.701 0.49866666666666665 0.01025 0.013333333333333334
0 0.701 0.5191111111111111 0.00875 0.008888888888888889
0 0.61075 0.5635555555555556 0.013 0.012444444444444444
0 0.5705 0.6177777777777778 0.00975 0.019555555555555555
0 0.56475 0.5391111111111111 0.00825 0.020888888888888887
0 0.592 0.39066666666666666 0.01175 0.014222222222222223
0 0.5965 0.39511111111111114 0.00575 0.02311111111111111
0 0.56925 0.4008888888888889 0.0055 0.021777777777777778
0 0.5475 0.39866666666666667 0.00725 0.02266666666666667
0 0.825 0.47688888888888886 0.00975 0.011555555555555555
0 0.6665 0.4951111111111111 0.00925 0.016888888888888887
0 0.66875 0.5226666666666666 0.00875 0.013333333333333334
0 0.73075 0.3591111111111111 0.0065 0.022222222222222223
0 0.509 0.4484444444444444 0.0075 0.01911111111111111
0 0.494 0.37555555555555553 0.01075 0.016444444444444446
0 0.52775 0.36933333333333335 0.01075 0.011555555555555555
0 0.6155 0.4053333333333333 0.00725 0.024
0 0.6765 0.25733333333333336 0.01025 0.015555555555555555
0 0.651 0.25244444444444447 0.0055 0.025333333333333333
0 0.73775 0.22844444444444445 0.011 0.010222222222222223
0 0.73525 0.21822222222222223 0.0045 0.018222222222222223
0 0.6395 0.10577777777777778 0.01125 0.02
0 0.6265 0.13111111111111112 0.0085 0.020888888888888887
0 0.6125 0.12755555555555556 0.0085 0.015111111111111112
0 0.60025 0.128 0.00925 0.02711111111111111
0 0.5965 0.15777777777777777 0.0115 0.016444444444444446
0 0.6495 0.108 0.0085 0.017333333333333333
0 0.70875 0.008888888888888889 0.0115 0.011111111111111112
0 0.71175 0.03777777777777778 0.00825 0.02266666666666667
0 0.59625 0.24888888888888888 0.00775 0.020444444444444446
0 0.61325 0.05555555555555555 0.008 0.021777777777777778
0 0.58775 0.03822222222222222 0.01 0.015111111111111112
0 0.4385 0.043111111111111114 0.00525 0.024
0 0.41 0.06311111111111112 0.01025 0.014666666666666666
0 0.35475 0.14177777777777778 0.0095 0.016888888888888887
0 0.456 0.23955555555555555 0.0095 0.011111111111111112
0 0.421 0.41555555555555557 0.00975 0.02
0 0.56225 0.060444444444444446 0.00575 0.02
0 0.5615 0.008888888888888889 0.00725 0.017777777777777778
0 0.33875 0.43066666666666664 0.01 0.016
0 0.332 0.33955555555555555 0.0095 0.018666666666666668
0 0.5075 0.284 0.00525 0.02266666666666667
0 0.403 0.5008888888888889 0.00725 0.018222222222222223
0 0.81175 0.1608888888888889 0.01325 0.010222222222222223
0 0.8155 0.2008888888888889 0.00475 0.015555555555555555
0 0.809 0.204 0.0055 0.021333333333333333
0 0.594 0.8466666666666667 0.0055 0.024888888888888887
0 0.5335 0.7182222222222222 0.01 0.014222222222222223
0 0.523 0.7168888888888889 0.00525 0.02666666666666667
0 0.17 0.52 0.01175 0.03155555555555556
0 0.543 0.35333333333333333 0.00925 0.021777777777777778
0 0.25725 0.38533333333333336 0.009 0.020444444444444446
0 0.24125 0.03911111111111111 0.008 0.024444444444444446
0 0.28175 0.14755555555555555 0.00875 0.014222222222222223
0 0.32025 0.34044444444444444 0.0115 0.012444444444444444
0 0.46475 0.112 0.00925 0.023555555555555555
0 0.3095 0.4151111111111111 0.007 0.016
0 0.3915 0.14933333333333335 0.006 0.022222222222222223
0 0.436 0.7893333333333333 0.00725 0.02666666666666667
0 0.40725 0.8373333333333334 0.01225 0.019555555555555555
0 0.2875 0.20266666666666666 0.006 0.02311111111111111
0 0.26525 0.23066666666666666 0.00875 0.024888888888888887
0 0.08975 0.34 0.011 0.011555555555555555
0 0.74525 0.4622222222222222 0.01175 0.013333333333333334
0 0.4805 0.49733333333333335 0.01075 0.014666666666666666
0 0.15975 0.3888888888888889 0.01 0.021333333333333333
0 0.2105 0.4351111111111111 0.007 0.027555555555555555
0 0.447 0.7591111111111111 0.00675 0.02266666666666667
0 0.44375 0.7888888888888889 0.00825 0.021333333333333333
0 0.4145 0.7862222222222223 0.0105 0.02
0 0.76025 0.3808888888888889 0.0085 0.014222222222222223
0 0.2755 0.056 0.0055 0.025777777777777778
0 0.168 0.7786666666666666 0.00875 0.021333333333333333
0 0.079 0.22444444444444445 0.006 0.01911111111111111
0 0.252 0.516 0.007 0.03244444444444444
0 0.4305 0.011111111111111112 0.006 0.020444444444444446
0 0.4125 0.016888888888888887 0.00775 0.025777777777777778
0 0.30575 0.5151111111111111 0.0135 0.013333333333333334
0 0.022 0.5364444444444444 0.01325 0.013777777777777778
0 0.8875 0.38177777777777777 0.00775 0.017777777777777778
0 0.24425 0.8293333333333334 0.00975 0.013333333333333334
0 0.70925 0.1431111111111111 0.00675 0.024888888888888887
0 0.13325 0.45644444444444443 0.01175 0.01911111111111111
0 0.232 0.9293333333333333 0.01175 0.015111111111111112
0 0.2625 0.7582222222222222 0.00525 0.017333333333333333
0 0.2775 0.768 0.00575 0.020888888888888887
0 0.25825 0.7835555555555556 0.01125 0.022222222222222223
0 0.80125 0.09955555555555555 0.009 0.021333333333333333
0 0.89625 0.08311111111111111 0.00925 0.024444444444444446
0 0.124 0.49466666666666664 0.006 0.02711111111111111
0 0.07725 0.9324444444444444 0.00925 0.020444444444444446
0 0.09875 0.4151111111111111 0.0135 0.012
0 0.11725 0.050666666666666665 0.006 0.026222222222222223
0 0.7145 0.6746666666666666 0.00525 0.017333333333333333
0 0.7015 0.6733333333333333 0.00575 0.025777777777777778
0 0.86525 0.6964444444444444 0.007 0.024888888888888887
0 0.7675 0.8635555555555555 0.008 0.024
0 0.766 0.9182222222222223 0.01225 0.015111111111111112
0 0.61575 0.8724444444444445 0.01075 0.015111111111111112
0 0.88425 0.19066666666666668 0.0065 0.023555555555555555
0 0.868 0.18755555555555556 0.005 0.016
0 0.84125 0.17377777777777778 0.00475 0.020888888888888887
0 0.8365 0.1688888888888889 0.0035 0.016
0 0.98925 0.964 0.0055 0.015111111111111112
0 0.98375 0.972 0.00775 0.010222222222222223
0 0.954 0.96 0.007 0.021777777777777778
0 0.99725 0.8026666666666666 0.00525 0.024444444444444446
0 0.8655 0.7706666666666667 0.00475 0.023555555555555555
0 0.8325 0.8684444444444445 0.005 0.022222222222222223
0 0.81375 0.7897777777777778 0.0095 0.012888888888888889
0 0.8305 0.7275555555555555 0.0045 0.017777777777777778
0 0.719 0.9208888888888889 0.01225 0.012
0 0.75825 0.944 0.00575 0.022222222222222223
0 0.8085 0.7106666666666667 0.00525 0.024444444444444446
0 0.80575 0.744 0.00775 0.013333333333333334
0 0.71375 0.8764444444444445 0.009 0.014222222222222223
0 0.96475 0.5955555555555555 0.01275 0.017777777777777778
0 0.9475 0.6231111111111111 0.00525 0.02266666666666667
0 0.963 0.011555555555555555 0.0075 0.020444444444444446
0 0.78325 0.033777777777777775 0.0065 0.019555555555555555
0 0.77725 0.033777777777777775 0.00675 0.017333333333333333
0 0.81425 0.48133333333333334 0.00725 0.010666666666666666
0 0.7855 0.7177777777777777 0.0085 0.018222222222222223
0 0.66925 0.8022222222222222 0.0045 0.015111111111111112
0 0.66725 0.8293333333333334 0.00525 0.018666666666666668
0 0.6725 0.7582222222222222 0.00625 0.022222222222222223
0 0.59275 0.888 0.009 0.012444444444444444
0 0.58925 0.7742222222222223 0.00675 0.018666666666666668
0 0.612 0.7053333333333334 0.01475 0.012
0 0.5665 0.7222222222222222 0.00575 0.021777777777777778
0 0.533 0.8653333333333333 0.0065 0.018222222222222223
0 0.488 0.7084444444444444 0.01375 0.011111111111111112
0 0.47675 0.7115555555555556 0.00975 0.008888888888888889
0 0.472 0.7053333333333334 0.01 0.011111111111111112
0 0.46325 0.7102222222222222 0.00525 0.018666666666666668
0 0.43625 0.9213333333333333 0.007 0.021333333333333333
0 0.337 0.832 0.011 0.010666666666666666
0 0.39725 0.788 0.008 0.01911111111111111
0 0.386 0.7924444444444444 0.00725 0.016444444444444446
0 0.37725 0.7333333333333333 0.006 0.02266666666666667
0 0.444 0.6595555555555556 0.009 0.013333333333333334
0 0.463 0.8853333333333333 0.00625 0.012444444444444444
0 0.428 0.9706666666666667 0.00575 0.016444444444444446
0 0.338 0.9457777777777778 0.00675 0.018666666666666668
0 0.45325 0.736 0.01 0.011111111111111112
0 0.322 0.6377777777777778 0.006 0.02311111111111111
0 0.33375 0.548 0.0075 0.021777777777777778
0 0.328 0.5848888888888889 0.00975 0.009333333333333334
0 0.52225 0.5995555555555555 0.00525 0.018666666666666668
0 0.535 0.5648888888888889 0.00525 0.017333333333333333
0 0.3415 0.5044444444444445 0.00925 0.012888888888888889
0 0.39 0.6266666666666667 0.01275 0.012888888888888889
0 0.454 0.6053333333333333 0.00625 0.01911111111111111
0 0.4135 0.42044444444444445 0.0055 0.010222222222222223
0 0.47375 0.2862222222222222 0.01225 0.009777777777777778
0 0.47325 0.2942222222222222 0.01125 0.012444444444444444
0 0.46025 0.19955555555555557 0.007 0.018222222222222223
0 0.503 0.268 0.007 0.018222222222222223
0 0.348 0.19733333333333333 0.00425 0.018222222222222223
0 0.3675 0.08622222222222223 0.007 0.011111111111111112
0 0.526 0.01911111111111111 0.0105 0.010666666666666666
0 0.6775 0.112 0.0085 0.012444444444444444
0 0.6255 0.252 0.009 0.015555555555555555
0 0.7295 0.10888888888888888 0.01075 0.014666666666666666
0 0.80875 0.24133333333333334 0.011 0.011111111111111112
0 0.84325 0.25022222222222223 0.009 0.009777777777777778
0 0.81775 0.04577777777777778 0.005 0.016444444444444446
0 0.83225 0.17422222222222222 0.005 0.010222222222222223
0 0.6505 0.3431111111111111 0.006 0.015555555555555555
0 0.77225 0.7617777777777778 0.01025 0.012888888888888889
0 0.583 0.6595555555555556 0.00825 0.018222222222222223
0 0.2885 0.7217777777777777 0.008 0.023555555555555555
0 0.44025 0.8715555555555555 0.00825 0.02
0 0.471 0.9102222222222223 0.007 0.018666666666666668
0 0.50725 0.8973333333333333 0.0075 0.012
0 0.39175 0.9626666666666667 0.01075 0.011111111111111112
0 0.391 0.9844444444444445 0.0085 0.021333333333333333
0 0.123 0.7533333333333333 0.009 0.014222222222222223
0 0.1025 0.7791111111111111 0.00825 0.015111111111111112
0 0.09825 0.8017777777777778 0.00625 0.01911111111111111
0 0.0965 0.8248888888888889 0.00875 0.016444444444444446
0 0.0845 0.9515555555555556 0.012 0.011555555555555555
0 0.01175 0.7173333333333334 0.01075 0.018222222222222223
0 0.00425 0.7 0.006 0.017333333333333333
0 0.13975 0.7706666666666667 0.007 0.018666666666666668
0 0.1605 0.7 0.008 0.013777777777777778
0 0.1505 0.7302222222222222 0.01075 0.012
0 0.1265 0.7155555555555555 0.0075 0.013333333333333334
0 0.06575 0.6168888888888889 0.011 0.013777777777777778
0 0.08025 0.5653333333333334 0.00725 0.013333333333333334
0 0.0895 0.5177777777777778 0.0095 0.014222222222222223
0 0.10175 0.4617777777777778 0.0075 0.012888888888888889
0 0.07775 0.49466666666666664 0.00875 0.020888888888888887
0 0.30925 0.7733333333333333 0.01325 0.013333333333333334
0 0.18375 0.6906666666666667 0.007 0.012888888888888889
0 0.1795 0.6848888888888889 0.007 0.010666666666666666
0 0.1765 0.6795555555555556 0.00675 0.012888888888888889
0 0.1705 0.68 0.005 0.022222222222222223
0 0.1835 0.7057777777777777 0.008 0.009777777777777778
0 0.22725 0.6208888888888889 0.00575 0.014222222222222223
0 0.22225 0.6413333333333333 0.00625 0.029777777777777778
0 0.2105 0.6315555555555555 0.0065 0.01911111111111111
0 0.2455 0.6297777777777778 0.00975 0.019555555555555555
0 0.227 0.6551111111111111 0.0075 0.013333333333333334
0 0.175 0.9404444444444444 0.009 0.021333333333333333
0 0.178 0.9622222222222222 0.00775 0.017333333333333333
0 0.29875 0.9613333333333334 0.01 0.009333333333333334
0 0.28925 0.9582222222222222 0.006 0.024444444444444446
0 0.23725 0.6782222222222222 0.00525 0.018222222222222223
0 0.259 0.688 0.006 0.019555555555555555
0 0.16175 0.5671111111111111 0.00525 0.018222222222222223
0 0.20975 0.3497777777777778 0.0125 0.016444444444444446
0 0.27125 0.27644444444444444 0.01275 0.012888888888888889
0 0.276 0.2946666666666667 0.00525 0.023555555555555555
0 0.26 0.2906666666666667 0.0085 0.012444444444444444
0 0.0165 0.37777777777777777 0.00575 0.017333333333333333
0 0.06225 0.45155555555555554 0.00925 0.013777777777777778
0 0.0675 0.5133333333333333 0.0055 0.019555555555555555
0 0.0625 0.484 0.00825 0.01911111111111111
0 0.0095 0.4026666666666667 0.006 0.018222222222222223
0 0.196 0.2768888888888889 0.0105 0.013333333333333334
0 0.07925 0.27155555555555555 0.00575 0.024888888888888887
0 0.04275 0.208 0.0075 0.014222222222222223
0 0.0255 0.2608888888888889 0.00475 0.020888888888888887
0 0.013 0.8684444444444445 0.0075 0.015111111111111112
0 0.1145 0.8071111111111111 0.01025 0.009333333333333334
0 0.08825 0.40355555555555556 0.005 0.017333333333333333
0 0.14825 0.2902222222222222 0.0115 0.012888888888888889
0 0.107 0.196 0.00725 0.015111111111111112
0 0.097 0.18755555555555556 0.007 0.021777777777777778
0 0.1065 0.06266666666666666 0.00525 0.017333333333333333
0 0.09275 0.07333333333333333 0.00975 0.016888888888888887
0 0.01075 0.1511111111111111 0.00975 0.02
0 0.1475 0.8871111111111111 0.0065 0.017777777777777778
0 0.25125 0.7502222222222222 0.00575 0.017777777777777778
0 0.249 0.20222222222222222 0.00525 0.016444444444444446
0 0.9095 0.776 0.01225 0.025777777777777778
0 0.9575 0.8142222222222222 0.00625 0.02711111111111111
0 0.9185 0.9848888888888889 0.0165 0.02
0 0.9305 0.9884444444444445 0.01 0.02311111111111111
0 0.73275 0.8208888888888889 0.0095 0.02
0 0.53275 0.7071111111111111 0.0095 0.012444444444444444
0 0.51125 0.33155555555555555 0.01175 0.016888888888888887
0 0.5835 0.2431111111111111 0.0095 0.013777777777777778
0 0.6215 0.28888888888888886 0.01175 0.018666666666666668
0 0.32975 0.8208888888888889 0.00775 0.02311111111111111
0 0.19175 0.2866666666666667 0.01475 0.016888888888888887
0 0.00525 0.2751111111111111 0.0105 0.018666666666666668
0 0.075 0.736 0.011 0.03244444444444444
0 0.0245 0.7715555555555556 0.0195 0.02