0 0.937 0.5405405405405406 0.014666666666666666 0.018243243243243244
0 0.136 0.9574324324324325 0.011666666666666667 0.016891891891891893
0 0.8266666666666667 0.07094594594594594 0.011666666666666667 0.01756756756756757
0 0.11366666666666667 0.768918918918919 0.017333333333333333 0.012837837837837839
0 0.087 0.9668918918918918 0.015333333333333332 0.016891891891891893
0 0.6033333333333334 0.28716216216216217 0.013666666666666667 0.016216216216216217
0 0.042666666666666665 0.46959459459459457 0.011666666666666667 0.01756756756756757
0 0.9423333333333334 0.6398648648648648 0.013333333333333334 0.021621621621621623
0 0.777 0.8668918918918919 0.014666666666666666 0.01756756756756757
0 0.04133333333333333 0.04594594594594595 0.014 0.016891891891891893
0 0.5756666666666667 0.7344594594594595 0.018 0.016891891891891893
0 0.3586666666666667 0.14527027027027026 0.011333333333333334 0.016891891891891893
0 0.28933333333333333 0.5567567567567567 0.013333333333333334 0.018243243243243244
0 0.9836666666666667 0.3108108108108108 0.015666666666666666 0.015540540540540541
0 0.116 0.1222972972972973 0.014 0.016891891891891893
0 0.268 0.020945945945945947 0.015 0.016216216216216217
0 0.32033333333333336 0.1304054054054054 0.015333333333333332 0.01756756756756757
0 0.074 0.6310810810810811 0.015 0.01891891891891892
0 0.7343333333333333 0.0472972972972973 0.010666666666666666 0.0222972972972973
0 0.40066666666666667 0.05810810810810811 0.017666666666666667 0.015540540540540541
0 0.06466666666666666 0.7783783783783784 0.015 0.019594594594594596
0 0.543 0.5918918918918918 0.016 0.01891891891891892
0 0.5446666666666666 0.46824324324324323 0.011 0.021621621621621623
0 0.202 0.2560810810810811 0.012666666666666666 0.019594594594594596
0 0.5756666666666667 0.04256756756756757 0.014333333333333333 0.019594594594594596
0 0.07066666666666667 0.2141891891891892 0.011333333333333334 0.020945945945945947
0 0.06466666666666666 0.5668918918918919 0.010333333333333333 0.020945945945945947
0 0.9246666666666666 0.6871621621621622 0.015666666666666666 0.018243243243243244
0 0.35233333333333333 0.4864864864864865 0.015333333333333332 0.013513513513513514
0 0.7746666666666666 0.46418918918918917 0.009 0.01756756756756757
0 0.49066666666666664 0.07364864864864865 0.011 0.0222972972972973
0 0.15133333333333332 0.2527027027027027 0.008333333333333333 0.021621621621621623
0 0.20466666666666666 0.6614864864864864 0.013333333333333334 0.01891891891891892
0 0.616 0.42162162162162165 0.009666666666666667 0.019594594594594596
0 0.7126666666666667 0.7432432432432432 0.010666666666666666 0.021621621621621623
0 0.4746666666666667 0.16486486486486487 0.013666666666666667 0.016216216216216217
0 0.23766666666666666 0.16148648648648647 0.016666666666666666 0.013513513513513514
0 0.8083333333333333 0.006081081081081081 0.015333333333333332 0.012162162162162163
0 0.2793333333333333 0.5398648648648648 0.012666666666666666 0.015540540540540541
0 0.742 0.9851351351351352 0.018333333333333333 0.01756756756756757
0 0.12466666666666666 0.1831081081081081 0.012 0.014864864864864866
0 0.756 0.6851351351351351 0.016666666666666666 0.016891891891891893
0 0.631 0.5391891891891892 0.011 0.021621621621621623
0 0.6436666666666667 0.7614864864864865 0.010333333333333333 0.02027027027027027
0 0.6796666666666666 0.2641891891891892 0.008666666666666666 0.020945945945945947
0 0.545 0.8858108108108108 0.014666666666666666 0.020945945945945947
0 0.10333333333333333 0.7033783783783784 0.011333333333333334 0.015540540540540541
0 0.29633333333333334 0.04932432432432433 0.013333333333333334 0.018243243243243244
0 0.6293333333333333 0.20472972972972972 0.016666666666666666 0.016216216216216217
0 0.8703333333333333 0.1608108108108108 0.014666666666666666 0.02027027027027027
0 0.042333333333333334 0.40945945945945944 0.009 0.01891891891891892
0 0.21766666666666667 0.4837837837837838 0.015666666666666666 0.013513513513513514
0 0.81 0.42364864864864865 0.014333333333333333 0.016216216216216217
0 0.5286666666666666 0.672972972972973 0.014 0.021621621621621623
0 0.16433333333333333 0.8114864864864865 0.013666666666666667 0.014864864864864866
0 0.9813333333333333 0.05 0.009333333333333334 0.0222972972972973
0 0.4886666666666667 0.856081081081081 0.018 0.020945945945945947
0 0.7766666666666666 0.9466216216216217 0.014333333333333333 0.02027027027027027
0 0.7046666666666667 0.8486486486486486 0.011 0.0222972972972973
0 0.656 0.05675675675675676 0.014 0.016891891891891893
0 0.356 0.6310810810810811 0.008333333333333333 0.01756756756756757
0 0.5623333333333334 0.11216216216216217 0.012666666666666666 0.02364864864864865
0 0.21666666666666667 0.8182432432432433 0.010333333333333333 0.0222972972972973
0 0.5513333333333333 0.40675675675675677 0.012666666666666666 0.019594594594594596
0 0.28 0.43716216216216214 0.013333333333333334 0.019594594594594596
0 0.619 0.09797297297297297 0.013 0.015540540540540541
0 0.4613333333333333 0.40675675675675677 0.012666666666666666 0.014864864864864866
0 0.36633333333333334 0.9918918918918919 0.015 0.015540540540540541
0 0.25066666666666665 0.14797297297297296 0.015 0.014864864864864866
0 0.7423333333333333 0.39594594594594595 0.017333333333333333 0.01756756756756757
0 0.9513333333333334 0.03783783783783784 0.010666666666666666 0.027702702702702704
0 0.4503333333333333 0.44054054054054054 0.011333333333333334 0.019594594594594596
0 0.4646666666666667 0.8108108108108109 0.016 0.014864864864864866
0 0.29933333333333334 0.4689189189189189 0.009333333333333334 0.019594594594594596
0 0.015666666666666666 0.7378378378378379 0.012 0.015540540540540541
0 0.7653333333333333 0.32432432432432434 0.01633333333333333 0.01756756756756757
0 0.08433333333333333 0.07364864864864865 0.008666666666666666 0.02027027027027027
0 0.6463333333333333 0.602027027027027 0.012 0.022972972972972974
0 0.7093333333333334 0.26756756756756755 0.017333333333333333 0.019594594594594596
0 0.677 0.7155405405405405 0.01 0.021621621621621623
0 0.043 0.10743243243243243 0.010666666666666666 0.022972972972972974
0 0.514 0.43648648648648647 0.013333333333333334 0.016891891891891893
0 0.31466666666666665 0.9628378378378378 0.011333333333333334 0.027702702702702704
0 0.702 0.8087837837837838 0.01633333333333333 0.015540540540540541
0 0.247 0.5790540540540541 0.015333333333333332 0.022972972972972974
0 0.32066666666666666 0.7486486486486487 0.009666666666666667 0.025675675675675677
0 0.259 0.3635135135135135 0.009333333333333334 0.024324324324324326
0 0.8493333333333334 0.08513513513513514 0.010333333333333333 0.018243243243243244
0 0.6196666666666667 0.825 0.011 0.0222972972972973
0 0.22566666666666665 0.952027027027027 0.014 0.016891891891891893
0 0.06966666666666667 0.31283783783783786 0.009666666666666667 0.022972972972972974
0 0.11833333333333333 0.5783783783783784 0.008 0.020945945945945947
0 0.4013333333333333 0.22094594594594594 0.011666666666666667 0.02027027027027027
0 0.9483333333333334 0.1608108108108108 0.017 0.018243243243243244
0 0.8106666666666666 0.9567567567567568 0.013 0.020945945945945947
0 0.07233333333333333 0.6013513513513513 0.018666666666666668 0.014864864864864866
0 0.4236666666666667 0.5243243243243243 0.008333333333333333 0.020945945945945947
0 0.135 0.9054054054054054 0.011 0.019594594594594596
0 0.7066666666666667 0.010135135135135136 0.009333333333333334 0.02027027027027027
0 0.19766666666666666 0.7236486486486486 0.009 0.022972972972972974
0 0.698 0.9804054054054054 0.016666666666666666 0.0222972972972973
0 0.15166666666666667 0.11891891891891893 0.009666666666666667 0.022972972972972974
0 0.573 0.9587837837837838 0.01 0.019594594594594596
0 0.512 0.11689189189189189 0.010666666666666666 0.012837837837837839
0 0.41 0.5783783783783784 0.014 0.014864864864864866
0 0.09833333333333333 0.9 0.010666666666666666 0.0222972972972973
0 0.079 0.3831081081081081 0.009333333333333334 0.020945945945945947
0 0.3883333333333333 0.731081081081081 0.014666666666666666 0.021621621621621623
0 0.4563333333333333 0.35945945945945945 0.009 0.022972972972972974
0 0.42 0.643918918918919 0.009 0.027702702702702704
0 0.367 0.8162162162162162 0.008333333333333333 0.02837837837837838
0 0.19033333333333333 0.17567567567567569 0.008333333333333333 0.019594594594594596
0 0.8076666666666666 0.8925675675675676 0.017666666666666667 0.015540540540540541
0 0.9673333333333334 0.8466216216216216 0.014666666666666666 0.01756756756756757
0 0.8603333333333333 0.7283783783783784 0.008 0.02837837837837838
0 0.41433333333333333 0.9398648648648649 0.012333333333333333 0.018243243243243244
0 0.8256666666666667 0.2702702702702703 0.018666666666666668 0.016891891891891893
0 0.9356666666666666 0.25067567567567567 0.012333333333333333 0.016216216216216217
0 0.616 0.13445945945945945 0.01 0.01756756756756757
0 0.791 0.28040540540540543 0.012333333333333333 0.02027027027027027
0 0.9176666666666666 0.018243243243243244 0.012666666666666666 0.02364864864864865
0 0.7103333333333334 0.06013513513513514 0.008333333333333333 0.027702702702702704
0 0.7956666666666666 0.5837837837837838 0.014 0.022972972972972974
0 0.9556666666666667 0.027702702702702704 0.011 0.02364864864864865
0 0.636 0.6831081081081081 0.012 0.0222972972972973
0 0.36533333333333334 0.05945945945945946 0.012 0.016216216216216217
0 0.8603333333333333 0.12297297297297298 0.017666666666666667 0.016891891891891893
0 0.6503333333333333 0.28445945945945944 0.009666666666666667 0.025
0 0.8853333333333333 0.44932432432432434 0.011 0.022972972972972974
0 0.5436666666666666 0.37027027027027026 0.012666666666666666 0.013513513513513514
0 0.05566666666666667 0.7608108108108108 0.009333333333333334 0.0222972972972973
0 0.41533333333333333 0.1304054054054054 0.011333333333333334 0.0222972972972973
0 0.745 0.6168918918918919 0.015 0.0222972972972973
0 0.896 0.20067567567567568 0.01 0.025675675675675677
0 0.49766666666666665 0.6135135135135135 0.013666666666666667 0.013513513513513514
0 0.7646666666666667 0.2939189189189189 0.009 0.0222972972972973
0 0.6866666666666666 0.36486486486486486 0.011666666666666667 0.0222972972972973
0 0.21733333333333332 0.7351351351351352 0.01 0.024324324324324326
0 0.8076666666666666 0.02027027027027027 0.014333333333333333 0.01756756756756757
0 0.09266666666666666 0.8993243243243243 0.011 0.02837837837837838
0 0.792 0.8202702702702702 0.017 0.016216216216216217
0 0.494 0.4527027027027027 0.009333333333333334 0.021621621621621623
0 0.307 0.8364864864864865 0.014333333333333333 0.02364864864864865
0 0.3343333333333333 0.5831081081081081 0.013666666666666667 0.015540540540540541
0 0.585 0.00472972972972973 0.016666666666666666 0.00945945945945946
0 0.9583333333333334 0.3472972972972973 0.013 0.01418918918918919
0 0.8773333333333333 0.1912162162162162 0.011666666666666667 0.021621621621621623
0 0.2956666666666667 0.9108108108108108 0.016666666666666666 0.016216216216216217
0 0.973 0.24256756756756756 0.014333333333333333 0.018243243243243244
0 0.5243333333333333 0.8135135135135135 0.01 0.027702702702702704
0 0.355 0.5804054054054054 0.009 0.02837837837837838
0 0.49933333333333335 0.20337837837837838 0.013333333333333334 0.022972972972972974
0 0.22066666666666668 0.5121621621621621 0.009 0.02027027027027027
0 0.952 0.8168918918918919 0.012333333333333333 0.01756756756756757
0 0.6283333333333333 0.4972972972972973 0.009666666666666667 0.0222972972972973
0 0.8066666666666666 0.7236486486486486 0.008666666666666666 0.031081081081081083
0 0.9396666666666667 0.8817567567567568 0.009333333333333334 0.01756756756756757
0 0.11466666666666667 0.5304054054054054 0.009 0.022972972972972974
0 0.328 0.18175675675675676 0.012333333333333333 0.012837837837837839
0 0.25 0.19324324324324324 0.01 0.02364864864864865
0 0.24033333333333334 0.3162162162162162 0.01 0.021621621621621623
0 0.9373333333333334 0.2587837837837838 0.013333333333333334 0.020945945945945947
0 0.5823333333333334 0.24797297297297297 0.009666666666666667 0.025675675675675677
0 0.21633333333333332 0.497972972972973 0.014 0.01418918918918919
0 0.8056666666666666 0.9094594594594595 0.015666666666666666 0.015540540540540541
0 0.5016666666666667 0.12162162162162163 0.011333333333333334 0.022972972972972974
0 0.7803333333333333 0.775 0.018333333333333333 0.01756756756756757
0 0.756 0.3533783783783784 0.008666666666666666 0.020945945945945947
0 0.09866666666666667 0.697972972972973 0.013333333333333334 0.02837837837837838
0 0.656 0.11756756756756757 0.012333333333333333 0.02364864864864865
0 0.464 0.1277027027027027 0.007333333333333333 0.02364864864864865
0 0.59 0.5182432432432432 0.01633333333333333 0.016216216216216217
0 0.968 0.34864864864864864 0.013 0.014864864864864866
0 0.4593333333333333 0.14391891891891892 0.01633333333333333 0.02027027027027027
0 0.676 0.8351351351351352 0.012333333333333333 0.02027027027027027
0 0.23233333333333334 0.5391891891891892 0.010333333333333333 0.027702702702702704
0 0.21 0.5128378378378379 0.009666666666666667 0.01891891891891892
0 0.15933333333333333 0.2391891891891892 0.011 0.011486486486486487
0 0.226 0.23513513513513515 0.009666666666666667 0.025
0 0.24633333333333332 0.41824324324324325 0.01 0.026351351351351353
0 0.9643333333333334 0.6006756756756757 0.009 0.0222972972972973
0 0.41333333333333333 0.9506756756756757 0.009333333333333334 0.020945945945945947
0 0.7206666666666667 0.016216216216216217 0.01 0.021621621621621623
0 0.441 0.6939189189189189 0.013 0.02027027027027027
0 0.13166666666666665 0.06013513513513514 0.014666666666666666 0.016891891891891893
0 0.6416666666666667 0.6601351351351351 0.01 0.026351351351351353
0 0.6976666666666667 0.9614864864864865 0.01 0.021621621621621623
0 0.12133333333333333 0.9858108108108108 0.010333333333333333 0.02364864864864865
0 0.5506666666666666 0.38716216216216215 0.007333333333333333 0.01891891891891892
0 0.020666666666666667 0.16486486486486487 0.010333333333333333 0.016891891891891893
0 0.022 0.19797297297297298 0.009333333333333334 0.024324324324324326
0 0.14766666666666667 0.24797297297297297 0.008333333333333333 0.021621621621621623
0 0.21633333333333332 0.2087837837837838 0.009333333333333334 0.029054054054054056
0 0.17666666666666667 0.14054054054054055 0.010333333333333333 0.024324324324324326
0 0.18466666666666667 0.2851351351351351 0.006666666666666667 0.029054054054054056
0 0.2986666666666667 0.037162162162162164 0.009333333333333334 0.019594594594594596
0 0.327 0.06486486486486487 0.008 0.026351351351351353
0 0.33366666666666667 0.06891891891891892 0.007 0.02027027027027027
0 0.32 0.18716216216216217 0.008 0.022972972972972974
0 0.323 0.21013513513513513 0.008 0.021621621621621623
0 0.33366666666666667 0.1945945945945946 0.009333333333333334 0.01891891891891892
0 0.3456666666666667 0.12027027027027028 0.006666666666666667 0.025
0 0.35 0.0945945945945946 0.005666666666666667 0.02837837837837838
0 0.389 0.10608108108108108 0.012666666666666666 0.025
0 0.39366666666666666 0.12297297297297298 0.007333333333333333 0.026351351351351353
0 0.4146666666666667 0.10202702702702703 0.008 0.029054054054054056
0 0.37233333333333335 0.1608108108108108 0.006333333333333333 0.024324324324324326
0 0.409 0.14797297297297296 0.012666666666666666 0.013513513513513514
0 0.4146666666666667 0.15743243243243243 0.008 0.025675675675675677
0 0.4206666666666667 0.28175675675675677 0.011666666666666667 0.030405405405405407
0 0.49266666666666664 0.29121621621621624 0.008333333333333333 0.029054054054054056
0 0.492 0.3168918918918919 0.009 0.018243243243243244
0 0.35 0.24256756756756756 0.007 0.016891891891891893
0 0.18266666666666667 0.34121621621621623 0.010333333333333333 0.01756756756756757
0 0.23033333333333333 0.375 0.008333333333333333 0.02837837837837838
0 0.33166666666666667 0.37635135135135134 0.013 0.01756756756756757
0 0.243 0.46283783783783783 0.011333333333333334 0.024324324324324326
0 0.269 0.48243243243243245 0.008666666666666666 0.024324324324324326
0 0.21233333333333335 0.575 0.008333333333333333 0.02702702702702703
0 0.178 0.5047297297297297 0.007666666666666666 0.024324324324324326
0 0.03766666666666667 0.5216216216216216 0.006666666666666667 0.027702702702702704
0 0.08233333333333333 0.5513513513513514 0.011666666666666667 0.025
0 0.09 0.6047297297297297 0.007 0.031081081081081083
0 0.020666666666666667 0.647972972972973 0.007666666666666666 0.02702702702702703
0 0.4073333333333333 0.42702702702702705 0.009333333333333334 0.01891891891891892
0 0.4866666666666667 0.6283783783783784 0.010333333333333333 0.02702702702702703
0 0.5066666666666667 0.5675675675675675 0.012333333333333333 0.025
0 0.31066666666666665 0.6722972972972973 0.011666666666666667 0.033783783783783786
0 0.3506666666666667 0.6972972972972973 0.008 0.030405405405405407
0 0.39566666666666667 0.7351351351351352 0.007666666666666666 0.02364864864864865
0 0.42933333333333334 0.8371621621621622 0.010333333333333333 0.025675675675675677
0 0.3913333333333333 0.6945945945945946 0.009333333333333334 0.01891891891891892
0 0.39766666666666667 0.6891891891891891 0.012666666666666666 0.015540540540540541
0 0.4503333333333333 0.6918918918918919 0.008666666666666666 0.02837837837837838
0 0.33166666666666667 0.7763513513513514 0.008666666666666666 0.022972972972972974
0 0.24566666666666667 0.8182432432432433 0.008666666666666666 0.030405405405405407
0 0.249 0.8547297297297297 0.008666666666666666 0.03513513513513514
0 0.29533333333333334 0.847972972972973 0.015666666666666666 0.021621621621621623
0 0.19833333333333333 0.8614864864864865 0.009 0.025675675675675677
0 0.051666666666666666 0.7439189189189189 0.014 0.012837837837837839
0 0.026333333333333334 0.7087837837837838 0.006333333333333333 0.02702702702702703
0 0.005666666666666667 0.8831081081081081 0.011 0.021621621621621623
0 0.0033333333333333335 0.9121621621621622 0.006666666666666667 0.029054054054054056
0 0.008333333333333333 0.922972972972973 0.006 0.02837837837837838
0 0.018333333333333333 0.9135135135135135 0.012666666666666666 0.011486486486486487
0 0.060333333333333336 0.995945945945946 0.013 0.008108108108108109
0 0.17533333333333334 0.9175675675675675 0.007666666666666666 0.0222972972972973
0 0.185 0.9162162162162162 0.007 0.025
0 0.21566666666666667 0.952027027027027 0.005666666666666667 0.021621621621621623
0 0.2793333333333333 0.9851351351351352 0.007666666666666666 0.01756756756756757
0 0.242 0.9324324324324325 0.011333333333333334 0.011486486486486487
0 0.3873333333333333 0.9594594594594594 0.007333333333333333 0.02837837837837838
0 0.46166666666666667 0.9513513513513514 0.009333333333333334 0.02837837837837838
0 0.493 0.9533783783783784 0.010666666666666666 0.020945945945945947
0 0.996 0.7621621621621621 0.008 0.021621621621621623
0 0.9013333333333333 0.8087837837837838 0.012333333333333333 0.027702702702702704
0 0.928 0.8067567567567567 0.008666666666666666 0.024324324324324326
0 0.9326666666666666 0.8216216216216217 0.014 0.01756756756756757
0 0.9443333333333334 0.852027027027027 0.009666666666666667 0.021621621621621623
0 0.9516666666666667 0.8641891891891892 0.01 0.018243243243243244
0 0.914 0.902027027027027 0.010333333333333333 0.030405405405405407
0 0.8386666666666667 0.95 0.008666666666666666 0.02702702702702703
0 0.8263333333333334 0.8810810810810811 0.008 0.029054054054054056
0 0.8066666666666666 0.9878378378378379 0.008 0.022972972972972974
0 0.74 0.9567567567567568 0.014 0.014864864864864866
0 0.7123333333333334 0.9662162162162162 0.008666666666666666 0.022972972972972974
0 0.784 0.9527027027027027 0.013666666666666667 0.013513513513513514
0 0.8083333333333333 0.7945945945945946 0.009333333333333334 0.02364864864864865
0 0.7883333333333333 0.7601351351351351 0.008333333333333333 0.02364864864864865
0 0.7403333333333333 0.7439189189189189 0.01 0.029054054054054056
0 0.5576666666666666 0.8770270270270271 0.010333333333333333 0.027702702702702704
0 0.5476666666666666 0.7391891891891892 0.008333333333333333 0.029054054054054056
0 0.677 0.6371621621621621 0.009666666666666667 0.02364864864864865
0 0.7066666666666667 0.6263513513513513 0.01 0.027702702702702704
0 0.7256666666666667 0.5702702702702702 0.008 0.031081081081081083
0 0.7816666666666666 0.6506756756756756 0.008 0.02702702702702703
0 0.8056666666666666 0.5581081081081081 0.007 0.02837837837837838
0 0.945 0.606081081081081 0.008 0.027702702702702704
0 0.971 0.6047297297297297 0.006666666666666667 0.03175675675675676
0 0.9966666666666667 0.6168918918918919 0.006666666666666667 0.025675675675675677
0 0.9536666666666667 0.5391891891891892 0.008666666666666666 0.025
0 0.8346666666666667 0.46013513513513515 0.009666666666666667 0.031081081081081083
0 0.6543333333333333 0.5858108108108108 0.010333333333333333 0.030405405405405407
0 0.6646666666666666 0.5418918918918919 0.009 0.02702702702702703
0 0.6686666666666666 0.5175675675675676 0.013 0.016891891891891893
0 0.688 0.4925675675675676 0.015333333333333332 0.012837837837837839
0 0.723 0.5054054054054054 0.008333333333333333 0.03175675675675676
0 0.6913333333333334 0.5121621621621621 0.007 0.024324324324324326
0 0.5803333333333334 0.5310810810810811 0.009666666666666667 0.02837837837837838
0 0.5773333333333334 0.5716216216216217 0.007 0.031081081081081083
0 0.5226666666666666 0.5162162162162162 0.008333333333333333 0.019594594594594596
0 0.5476666666666666 0.3567567567567568 0.010333333333333333 0.019594594594594596
0 0.562 0.37567567567567567 0.015666666666666666 0.018243243243243244
0 0.5593333333333333 0.3344594594594595 0.008333333333333333 0.030405405405405407
0 0.5876666666666667 0.35945945945945945 0.008 0.022972972972972974
0 0.6223333333333333 0.34324324324324323 0.008333333333333333 0.03445945945945946
0 0.7346666666666667 0.3662162162162162 0.005666666666666667 0.025
0 0.7616666666666667 0.36486486486486486 0.006 0.020945945945945947
0 0.822 0.41824324324324325 0.009666666666666667 0.030405405405405407
0 0.8566666666666667 0.3993243243243243 0.017 0.011486486486486487
0 0.859 0.4114864864864865 0.012666666666666666 0.01756756756756757
0 0.9553333333333334 0.3878378378378378 0.008 0.031081081081081083
0 0.968 0.3716216216216216 0.007333333333333333 0.02702702702702703
0 0.9703333333333334 0.4081081081081081 0.008333333333333333 0.025
0 0.9973333333333333 0.4006756756756757 0.005 0.02702702702702703
0 0.9146666666666666 0.29527027027027025 0.007 0.029054054054054056
0 0.891 0.32432432432432434 0.011666666666666667 0.01418918918918919
0 0.9783333333333334 0.24932432432432433 0.006333333333333333 0.02027027027027027
0 0.9613333333333334 0.32972972972972975 0.009 0.025
0 0.5236666666666666 0.15945945945945947 0.007666666666666666 0.02702702702702703
0 0.5976666666666667 0.15878378378378377 0.008333333333333333 0.027702702702702704
0 0.604 0.12972972972972974 0.009 0.010810810810810811
0 0.6086666666666667 0.12027027027027028 0.014 0.00945945945945946
0 0.8866666666666667 0.17364864864864865 0.012666666666666666 0.02027027027027027
0 0.9106666666666666 0.1885135135135135 0.008333333333333333 0.026351351351351353
0 0.9753333333333334 0.10202702702702703 0.010333333333333333 0.022972972972972974
0 0.873 0.07027027027027027 0.007333333333333333 0.02364864864864865
0 0.6923333333333334 0.051351351351351354 0.006333333333333333 0.03310810810810811
0 0.5326666666666666 0.025 0.007333333333333333 0.025