0 0.01525 0.020444444444444446 0.01 0.029333333333333333
0 0.03225 0.132 0.0135 0.021333333333333333
0 0.05075 0.12355555555555556 0.008 0.030222222222222223
0 0.077 0.13733333333333334 0.0055 0.017333333333333333
0 0.084 0.13066666666666665 0.008 0.021333333333333333
0 0.12625 0.10088888888888889 0.014 0.015555555555555555
0 0.1305 0.08755555555555555 0.01 0.02
0 0.165 0.088 0.01275 0.025777777777777778
0 0.139 0.19333333333333333 0.0105 0.021333333333333333
0 0.1085 0.236 0.01325 0.024888888888888887
0 0.08425 0.20577777777777778 0.00675 0.024444444444444446
0 0.0575 0.20577777777777778 0.012 0.014222222222222223
0 0.0415 0.2111111111111111 0.01575 0.016444444444444446
0 0.0615 0.2591111111111111 0.01175 0.01911111111111111
0 0.0965 0.2702222222222222 0.00825 0.02311111111111111
0 0.07825 0.33644444444444443 0.0085 0.030222222222222223
0 0.07775 0.36533333333333334 0.01475 0.02311111111111111
0 0.041 0.3497777777777778 0.0105 0.017777777777777778
0 0.17875 0.18844444444444444 0.00825 0.025777777777777778
0 0.2075 0.2817777777777778 0.01 0.021333333333333333
0 0.22075 0.21688888888888888 0.0075 0.024444444444444446
0 0.2305 0.20533333333333334 0.01175 0.028
0 0.251 0.15733333333333333 0.01575 0.016444444444444446
0 0.26475 0.19733333333333333 0.00625 0.024444444444444446
0 0.21775 0.092 0.01225 0.02266666666666667
0 0.21725 0.007555555555555556 0.00775 0.014666666666666666
0 0.265 0.07511111111111111 0.01 0.02711111111111111
0 0.23325 0.068 0.01025 0.02
0 0.23775 0.288 0.01325 0.02
0 0.1925 0.32222222222222224 0.00825 0.029777777777777778
0 0.18 0.3293333333333333 0.0115 0.020888888888888887
0 0.13775 0.3368888888888889 0.00575 0.022222222222222223
0 0.16675 0.40444444444444444 0.00875 0.030222222222222223
0 0.09725 0.4142222222222222 0.007 0.022222222222222223
0 0.0765 0.43955555555555553 0.00775 0.024444444444444446
0 0.0545 0.4582222222222222 0.00875 0.030222222222222223
0 0.0145 0.42 0.01375 0.015555555555555555
0 0.02575 0.49644444444444447 0.01275 0.01911111111111111
0 0.00325 0.5088888888888888 0.0055 0.024888888888888887
0 0.05925 0.5928888888888889 0.00825 0.036444444444444446
0 0.1245 0.6071111111111112 0.008 0.028
0 0.12575 0.5813333333333334 0.015 0.016888888888888887
0 0.10575 0.6342222222222222 0.00775 0.018222222222222223
0 0.1115 0.624 0.01125 0.015555555555555555
0 0.09125 0.6195555555555555 0.0075 0.03422222222222222
0 0.0425 0.6284444444444445 0.00875 0.02711111111111111
0 0.05175 0.6222222222222222 0.01325 0.016444444444444446
0 0.06475 0.644 0.0115 0.016444444444444446
0 0.047 0.6502222222222223 0.013 0.015555555555555555
0 0.00775 0.6382222222222222 0.00875 0.02266666666666667
0 0.01875 0.6311111111111111 0.0125 0.016444444444444446
0 0.00925 0.6191111111111111 0.01425 0.013333333333333334
0 0.02375 0.6973333333333334 0.00975 0.03111111111111111
0 0.03425 0.7222222222222222 0.0135 0.01911111111111111
0 0.04875 0.7115555555555556 0.0125 0.024888888888888887
0 0.03275 0.7475555555555555 0.0115 0.016
0 0.0385 0.7373333333333333 0.00625 0.011111111111111112
0 0.04775 0.7355555555555555 0.01175 0.019555555555555555
0 0.0755 0.6897777777777778 0.0135 0.02311111111111111
0 0.06875 0.7635555555555555 0.012 0.016
0 0.07775 0.8111111111111111 0.01 0.02711111111111111
0 0.0775 0.788 0.01125 0.021333333333333333
0 0.02975 0.8333333333333334 0.01225 0.026222222222222223
0 0.014 0.8715555555555555 0.0065 0.02666666666666667
0 0.0225 0.8911111111111111 0.01175 0.016888888888888887
0 0.03475 0.9053333333333333 0.01175 0.012888888888888889
0 0.105 0.8386666666666667 0.0145 0.02266666666666667
0 0.14325 0.7595555555555555 0.00825 0.020444444444444446
0 0.0195 0.9591111111111111 0.0095 0.016
0 0.0295 0.9506666666666667 0.01425 0.013333333333333334
0 0.06525 0.9342222222222222 0.0105 0.020888888888888887
0 0.06175 0.9937777777777778 0.0085 0.012444444444444444
0 0.01 0.9955555555555555 0.01 0.008888888888888889
0 0.01875 0.9937777777777778 0.0075 0.012444444444444444
0 0.1345 0.9426666666666667 0.0115 0.021333333333333333
0 0.123 0.9777777777777777 0.014 0.017333333333333333
0 0.13175 0.9884444444444445 0.0085 0.02311111111111111
0 0.16575 0.9866666666666667 0.0065 0.02666666666666667
0 0.18 0.9622222222222222 0.0125 0.021333333333333333
0 0.18675 0.9573333333333334 0.00725 0.024
0 0.183 0.9168888888888889 0.007 0.02266666666666667
0 0.18775 0.9355555555555556 0.00725 0.023555555555555555
0 0.205 0.9711111111111111 0.008 0.020888888888888887
0 0.21375 0.8764444444444445 0.00725 0.02266666666666667
0 0.1785 0.8604444444444445 0.01675 0.023555555555555555
0 0.245 0.9342222222222222 0.01 0.02666666666666667
0 0.244 0.9097777777777778 0.009 0.017333333333333333
0 0.25625 0.9346666666666666 0.0085 0.024
0 0.245 0.9702222222222222 0.00875 0.02266666666666667
0 0.275 0.9875555555555555 0.01375 0.012888888888888889
0 0.2565 0.8217777777777778 0.007 0.020888888888888887
0 0.24825 0.8013333333333333 0.00875 0.024888888888888887
0 0.183 0.7253333333333334 0.0145 0.021333333333333333
0 0.2015 0.7088888888888889 0.008 0.027555555555555555
0 0.216 0.6626666666666666 0.0175 0.01911111111111111
0 0.22225 0.6466666666666666 0.0065 0.03155555555555556
0 0.238 0.692 0.01325 0.011111111111111112
0 0.27025 0.6982222222222222 0.01225 0.018222222222222223
0 0.27025 0.6848888888888889 0.01025 0.021333333333333333
0 0.276 0.7315555555555555 0.01175 0.012444444444444444
0 0.27675 0.7204444444444444 0.0125 0.017333333333333333
0 0.289 0.724 0.01425 0.016
0 0.29775 0.7191111111111111 0.00875 0.01911111111111111
0 0.29975 0.7528888888888889 0.00975 0.02311111111111111
0 0.2665 0.7733333333333333 0.01175 0.029333333333333333
0 0.31125 0.6302222222222222 0.01225 0.021333333333333333
0 0.24375 0.5342222222222223 0.00725 0.028888888888888888
0 0.23 0.5284444444444445 0.0065 0.024
0 0.20675 0.49822222222222223 0.00875 0.026222222222222223
0 0.20525 0.584 0.01325 0.017333333333333333
0 0.21275 0.4488888888888889 0.0125 0.015555555555555555
0 0.21525 0.416 0.0135 0.029333333333333333
0 0.18725 0.4186666666666667 0.014 0.010222222222222223
0 0.22025 0.38711111111111113 0.0105 0.019555555555555555
0 0.23725 0.412 0.0125 0.017333333333333333
0 0.215 0.3511111111111111 0.011 0.014666666666666666
0 0.22375 0.3506666666666667 0.0085 0.03333333333333333
0 0.207 0.3422222222222222 0.0105 0.016
0 0.2685 0.011555555555555555 0.00625 0.02311111111111111
0 0.33775 0.036 0.0145 0.018222222222222223
0 0.326 0.19066666666666668 0.008 0.023555555555555555
0 0.33375 0.288 0.013 0.016888888888888887
0 0.32675 0.2608888888888889 0.00725 0.022222222222222223
0 0.3025 0.4142222222222222 0.01275 0.017777777777777778
0 0.315 0.41644444444444445 0.01175 0.025777777777777778
0 0.35125 0.4048888888888889 0.00875 0.03288888888888889
0 0.398 0.4177777777777778 0.0085 0.02311111111111111
0 0.32575 0.47555555555555556 0.0125 0.017333333333333333
0 0.3215 0.46266666666666667 0.01175 0.009777777777777778
0 0.31875 0.5071111111111111 0.01525 0.023555555555555555
0 0.30575 0.5262222222222223 0.01425 0.019555555555555555
0 0.33925 0.5382222222222223 0.0075 0.014666666666666666
0 0.347 0.5431111111111111 0.011 0.014666666666666666
0 0.34675 0.5164444444444445 0.013 0.01911111111111111
0 0.35675 0.4817777777777778 0.012 0.026222222222222223
0 0.363 0.5008888888888889 0.014 0.017777777777777778
0 0.3785 0.5324444444444445 0.01425 0.020444444444444446
0 0.38925 0.5382222222222223 0.00775 0.024444444444444446
0 0.3215 0.5675555555555556 0.01 0.024444444444444446
0 0.364 0.6186666666666667 0.01225 0.023555555555555555
0 0.37475 0.6471111111111111 0.01 0.021333333333333333
0 0.38725 0.6471111111111111 0.0125 0.016444444444444446
0 0.37425 0.6915555555555556 0.01375 0.012444444444444444
0 0.36125 0.7164444444444444 0.00975 0.021333333333333333
0 0.36475 0.7186666666666667 0.00875 0.016444444444444446
0 0.372 0.7511111111111111 0.01325 0.02
0 0.3905 0.7573333333333333 0.013 0.016
0 0.406 0.7057777777777777 0.01475 0.028888888888888888
0 0.3935 0.7884444444444444 0.0145 0.017333333333333333
0 0.3715 0.8075555555555556 0.01225 0.01911111111111111
0 0.328 0.8271111111111111 0.01475 0.018222222222222223
0 0.378 0.8528888888888889 0.0145 0.016444444444444446
0 0.3605 0.8684444444444445 0.012 0.01911111111111111
0 0.3095 0.9097777777777778 0.0095 0.023555555555555555
0 0.32625 0.912 0.007 0.02666666666666667
0 0.3295 0.984 0.0075 0.029777777777777778
0 0.35675 0.9951111111111111 0.009 0.009777777777777778
0 0.36075 0.9844444444444445 0.0105 0.017777777777777778
0 0.3585 0.972 0.01375 0.012
0 0.37675 0.9764444444444444 0.011 0.013333333333333334
0 0.36325 0.9955555555555555 0.0065 0.008888888888888889
0 0.4215 0.956 0.0175 0.014666666666666666
0 0.4325 0.9404444444444444 0.0135 0.016888888888888887
0 0.44 0.9493333333333334 0.00675 0.029777777777777778
0 0.44125 0.9266666666666666 0.00825 0.02266666666666667
0 0.40825 0.8866666666666667 0.015 0.01911111111111111
0 0.41125 0.8431111111111111 0.01225 0.018222222222222223
0 0.4345 0.8182222222222222 0.01125 0.017777777777777778
0 0.434 0.8502222222222222 0.0065 0.028888888888888888
0 0.43825 0.8413333333333334 0.01075 0.016888888888888887
0 0.4835 0.8906666666666667 0.007 0.03111111111111111
0 0.4645 0.9311111111111111 0.015 0.03111111111111111
0 0.52675 0.9791111111111112 0.01375 0.02666666666666667
0 0.51325 0.9422222222222222 0.013 0.016888888888888887
0 0.50425 0.9186666666666666 0.01125 0.017333333333333333
0 0.4955 0.8977777777777778 0.0065 0.027555555555555555
0 0.50575 0.9066666666666666 0.01275 0.014222222222222223
0 0.50125 0.8791111111111111 0.0055 0.024
0 0.50775 0.8635555555555555 0.008 0.02266666666666667
0 0.51625 0.8831111111111111 0.0095 0.02266666666666667
0 0.52175 0.8355555555555556 0.00975 0.014666666666666666
0 0.52725 0.8284444444444444 0.00675 0.03288888888888889
0 0.4845 0.8413333333333334 0.014 0.016888888888888887
0 0.50175 0.7724444444444445 0.01 0.015555555555555555
0 0.47525 0.7933333333333333 0.00775 0.025777777777777778
0 0.45175 0.7453333333333333 0.0095 0.021333333333333333
0 0.51525 0.7115555555555556 0.0125 0.016
0 0.49 0.7617777777777778 0.01125 0.012444444444444444
0 0.5525 0.784 0.01575 0.016888888888888887
0 0.5595 0.7764444444444445 0.009 0.020888888888888887
0 0.55725 0.9075555555555556 0.00875 0.029777777777777778
0 0.54025 0.9657777777777777 0.01275 0.020888888888888887
0 0.5765 0.9506666666666667 0.01375 0.016
0 0.499 0.5991111111111111 0.015 0.020888888888888887
0 0.43975 0.6186666666666667 0.0085 0.025777777777777778
0 0.51875 0.6191111111111111 0.011 0.021333333333333333
0 0.5205 0.5177777777777778 0.01 0.023555555555555555
0 0.48125 0.49733333333333335 0.012 0.024
0 0.438 0.45466666666666666 0.01525 0.018222222222222223
0 0.45425 0.4017777777777778 0.0105 0.026222222222222223
0 0.49975 0.41955555555555557 0.01025 0.023555555555555555
0 0.487 0.43333333333333335 0.0145 0.018222222222222223
0 0.475 0.4368888888888889 0.00775 0.024444444444444446
0 0.54825 0.3728888888888889 0.015 0.018222222222222223
0 0.4335 0.27644444444444444 0.01675 0.023555555555555555
0 0.43475 0.25244444444444447 0.01275 0.024444444444444446
0 0.442 0.2564444444444444 0.00775 0.022222222222222223
0 0.41025 0.20044444444444445 0.009 0.02311111111111111
0 0.3985 0.2613333333333333 0.01325 0.026222222222222223
0 0.41375 0.164 0.0095 0.02666666666666667
0 0.38925 0.12577777777777777 0.00775 0.028
0 0.45375 0.168 0.01375 0.025777777777777778
0 0.50425 0.14355555555555555 0.01025 0.020444444444444446
0 0.49425 0.18444444444444444 0.0135 0.024444444444444446
0 0.552 0.1902222222222222 0.0165 0.017333333333333333
0 0.55475 0.14355555555555555 0.01375 0.024
0 0.57775 0.20444444444444446 0.01525 0.017777777777777778
0 0.55325 0.24444444444444444 0.0145 0.020444444444444446
0 0.542 0.27466666666666667 0.01225 0.02
0 0.514 0.10088888888888889 0.01075 0.028888888888888888
0 0.46425 0.09955555555555555 0.01475 0.016444444444444446
0 0.4655 0.05688888888888889 0.009 0.024444444444444446
0 0.412 0.009333333333333334 0.01525 0.014222222222222223
0 0.4855 0.013333333333333334 0.015 0.015555555555555555
0 0.48525 0.0035555555555555557 0.0165 0.006666666666666667
0 0.506 0.050222222222222224 0.007 0.036
0 0.52925 0.03866666666666667 0.01625 0.017777777777777778
0 0.52675 0.0071111111111111115 0.01125 0.014222222222222223
0 0.54 0.072 0.008 0.03244444444444444
0 0.54675 0.06533333333333333 0.009 0.01911111111111111
0 0.57625 0.006222222222222222 0.0145 0.012444444444444444
0 0.26825 0.8835555555555555 0.01275 0.017777777777777778
0 0.583 0.7831111111111111 0.0085 0.022222222222222223
0 0.58925 0.7915555555555556 0.0105 0.02
0 0.60125 0.7817777777777778 0.01375 0.012888888888888889
0 0.566 0.8497777777777777 0.006 0.022222222222222223
0 0.60425 0.8608888888888889 0.01675 0.016444444444444446
0 0.6055 0.8488888888888889 0.018 0.014222222222222223
0 0.625 0.8808888888888889 0.01125 0.022222222222222223
0 0.63225 0.8564444444444445 0.0125 0.02266666666666667
0 0.65425 0.9017777777777778 0.017 0.018222222222222223
0 0.64475 0.9813333333333333 0.00875 0.03244444444444444
0 0.70025 0.8991111111111111 0.01225 0.02311111111111111
0 0.6865 0.9293333333333333 0.015 0.01911111111111111
0 0.69225 0.8782222222222222 0.01225 0.014666666666666666
0 0.67575 0.8706666666666667 0.009 0.02266666666666667
0 0.6665 0.86 0.009 0.021333333333333333
0 0.643 0.7648888888888888 0.01225 0.014666666666666666
0 0.632 0.7088888888888889 0.01325 0.017333333333333333
0 0.60475 0.6977777777777778 0.01025 0.02311111111111111
0 0.595 0.7386666666666667 0.01625 0.019555555555555555
0 0.59925 0.6555555555555556 0.00525 0.021333333333333333
0 0.673 0.7093333333333334 0.01025 0.02711111111111111
0 0.69075 0.7253333333333334 0.00875 0.028888888888888888
0 0.747 0.7924444444444444 0.0105 0.02666666666666667
0 0.746 0.8768888888888889 0.0115 0.028
0 0.787 0.8875555555555555 0.0125 0.022222222222222223
0 0.7905 0.8328888888888889 0.0095 0.024888888888888887
0 0.80775 0.8155555555555556 0.0105 0.028888888888888888
0 0.81825 0.8457777777777777 0.01125 0.023555555555555555
0 0.56975 0.4902222222222222 0.01025 0.036
0 0.586 0.5395555555555556 0.01 0.026222222222222223
0 0.576 0.5524444444444444 0.015 0.01911111111111111
0 0.61375 0.6004444444444444 0.0145 0.016
0 0.698 0.6342222222222222 0.0105 0.028888888888888888
0 0.73 0.644 0.0125 0.02711111111111111
0 0.7185 0.6648888888888889 0.01375 0.023555555555555555
0 0.6145 0.4457777777777778 0.012 0.024888888888888887
0 0.6235 0.4351111111111111 0.012 0.015555555555555555
0 0.628 0.42577777777777776 0.00975 0.011111111111111112
0 0.63475 0.4368888888888889 0.0115 0.016
0 0.6355 0.4222222222222222 0.01225 0.015555555555555555
0 0.64775 0.4351111111111111 0.0065 0.020888888888888887
0 0.64475 0.47644444444444445 0.013 0.013777777777777778
0 0.653 0.46355555555555555 0.01 0.015555555555555555
0 0.679 0.4008888888888889 0.01175 0.016444444444444446
0 0.69525 0.43466666666666665 0.013 0.017777777777777778
0 0.6525 0.4177777777777778 0.0095 0.017777777777777778
0 0.71475 0.48577777777777775 0.014 0.016888888888888887
0 0.7235 0.436 0.0055 0.02
0 0.74325 0.42488888888888887 0.007 0.022222222222222223
0 0.753 0.42577777777777776 0.0065 0.026222222222222223
0 0.72975 0.3897777777777778 0.01225 0.016888888888888887
0 0.70375 0.312 0.01225 0.01911111111111111
0 0.6225 0.24444444444444444 0.01125 0.018222222222222223
0 0.6225 0.19377777777777777 0.0085 0.032
0 0.59175 0.2942222222222222 0.011 0.029333333333333333
0 0.609 0.3022222222222222 0.0095 0.028888888888888888
0 0.68025 0.19822222222222222 0.0135 0.019555555555555555
0 0.02375 0.36933333333333335 0.00825 0.016444444444444446
0 0.60925 0.02711111111111111 0.01525 0.022222222222222223
0 0.6685 0.076 0.01575 0.019555555555555555
0 0.64425 0.05333333333333334 0.009 0.016888888888888887
0 0.673 0.01911111111111111 0.01325 0.016
0 0.67825 0.03911111111111111 0.01025 0.024444444444444446
0 0.72925 0.09022222222222222 0.0105 0.020444444444444446
0 0.73375 0.07022222222222223 0.0115 0.023555555555555555
0 0.7525 0.057777777777777775 0.009 0.018666666666666668
0 0.762 0.06 0.00925 0.030222222222222223
0 0.68925 0.7751111111111111 0.01075 0.016
0 0.781 0.6062222222222222 0.009 0.03288888888888889
0 0.78575 0.5204444444444445 0.01125 0.022222222222222223
0 0.724 0.2591111111111111 0.01 0.030222222222222223
0 0.7395 0.30577777777777776 0.01075 0.03111111111111111
0 0.75275 0.29244444444444445 0.0095 0.03288888888888889
0 0.7935 0.1688888888888889 0.019 0.015111111111111112
0 0.80475 0.14266666666666666 0.013 0.02666666666666667
0 0.804 0.088 0.008 0.02311111111111111
0 0.81275 0.08444444444444445 0.013 0.032
0 0.825 0.037333333333333336 0.01225 0.02666666666666667
0 0.85175 0.042666666666666665 0.008 0.030222222222222223
0 0.851 0.19866666666666666 0.01125 0.035555555555555556
0 0.82925 0.27466666666666667 0.01 0.022222222222222223
0 0.81 0.37422222222222223 0.01675 0.019555555555555555
0 0.82725 0.3662222222222222 0.01225 0.019555555555555555
0 0.84425 0.35244444444444445 0.0085 0.03288888888888889
0 0.78825 0.34933333333333333 0.009 0.02311111111111111
0 0.835 0.41333333333333333 0.01525 0.019555555555555555
0 0.835 0.4728888888888889 0.009 0.04088888888888889
0 0.4955 0.036444444444444446 0.01125 0.016
0 0.815 0.6777777777777778 0.0085 0.024888888888888887
0 0.843 0.6515555555555556 0.013 0.03111111111111111
0 0.843 0.6102222222222222 0.0085 0.024888888888888887
0 0.8305 0.7444444444444445 0.0135 0.019555555555555555
0 0.834 0.7946666666666666 0.013 0.019555555555555555
0 0.844 0.7853333333333333 0.01175 0.034666666666666665
0 0.84775 0.7613333333333333 0.0135 0.016888888888888887
0 0.8595 0.7404444444444445 0.01625 0.020444444444444446
0 0.92575 0.7306666666666667 0.01275 0.024
0 0.9385 0.7026666666666667 0.009 0.028444444444444446
0 0.909 0.7062222222222222 0.018 0.02666666666666667
0 0.918 0.68 0.01 0.041777777777777775
0 0.8735 0.616 0.01075 0.024
0 0.9105 0.5808888888888889 0.009 0.030222222222222223
0 0.9225 0.5871111111111111 0.015 0.016
0 0.9475 0.6711111111111111 0.01 0.03111111111111111
0 0.9695 0.7217777777777777 0.00725 0.024
0 0.97725 0.7084444444444444 0.00725 0.024
0 0.98325 0.7071111111111111 0.0105 0.016
0 0.9895 0.5542222222222222 0.01075 0.02666666666666667
0 0.827 0.5364444444444444 0.014 0.015555555555555555
0 0.835 0.5444444444444444 0.01225 0.014666666666666666
0 0.887 0.4737777777777778 0.007 0.02711111111111111
0 0.88775 0.4608888888888889 0.01 0.018666666666666668
0 0.89525 0.524 0.007 0.028
0 0.9135 0.5488888888888889 0.0065 0.016444444444444446
0 0.9575 0.5133333333333333 0.00775 0.019555555555555555
0 0.974 0.4786666666666667 0.012 0.021777777777777778
0 0.9945 0.47155555555555556 0.011 0.018666666666666668
0 0.96425 0.4182222222222222 0.01575 0.012888888888888889
0 0.99425 0.3857777777777778 0.00975 0.017777777777777778
0 0.878 0.36 0.00825 0.028
0 0.90925 0.30622222222222223 0.00925 0.02711111111111111
0 0.95575 0.3293333333333333 0.01 0.03111111111111111
0 0.9665 0.25333333333333335 0.00875 0.026222222222222223
0 0.92025 0.25733333333333336 0.01125 0.013777777777777778
0 0.91675 0.24755555555555556 0.01175 0.014222222222222223
0 0.911 0.2737777777777778 0.01425 0.015111111111111112
0 0.8775 0.268 0.0145 0.024444444444444446
0 0.87325 0.21911111111111112 0.00775 0.022222222222222223
0 0.94075 0.19377777777777777 0.012 0.02666666666666667
0 0.93175 0.17822222222222223 0.0075 0.028444444444444446
0 0.938 0.17066666666666666 0.01125 0.022222222222222223
0 0.9475 0.15733333333333333 0.006 0.017777777777777778
0 0.9225 0.1537777777777778 0.0155 0.014666666666666666
0 0.90375 0.10755555555555556 0.014 0.016888888888888887
0 0.94475 0.04622222222222222 0.00975 0.024444444444444446
0 0.9715 0.04577777777777778 0.00825 0.02311111111111111
0 0.7495 0.18577777777777776 0.01 0.012
0 0.745 0.21644444444444444 0.008 0.021333333333333333
0 0.758 0.5933333333333334 0.0105 0.020888888888888887