0 0.27591015625000004 0.007805071315372425 0.0105078125 0.015602218700475437
0 0.07661328125 0.8853961965134706 0.01245703125 0.017583201267828846
0 0.57794140625 0.21916006339144214 0.01521875 0.01936608557844691
0 0.9119140625 0.15719492868462756 0.010683593750000001 0.018415213946117275
0 0.45321875 0.007765451664025357 0.0130625 0.015538827258320126
0 0.83365625 0.3712044374009509 0.013984374999999999 0.01857369255150555
0 0.13873828125 0.11536450079239303 0.01352734375 0.019381933438985737
0 0.39230078125 0.04277337559429477 0.01377734375 0.019326465927099842
0 0.30631640625 0.24228209191759112 0.014332031249999998 0.018993660855784467
0 0.019035156249999997 0.5122820919175911 0.013664062499999999 0.017194928684627575
0 0.29097265625 0.3234310618066561 0.01357421875 0.020808240887480192
0 0.26508984375 0.13438985736925516 0.01272265625 0.023431061806656103
0 0.05841015625 0.007702060221870048 0.01148828125 0.015404120443740095
0 0.409875 0.8522979397781298 0.014808593749999998 0.02008716323296355
0 0.04030078125 0.3957606973058637 0.015187500000000001 0.020039619651347068
0 0.6396953125 0.4995721077654517 0.0138984375 0.01807448494453249
0 0.050515624999999995 0.8839936608557843 0.0091328125 0.026790808240887483
0 0.2196328125 0.45809033280507133 0.01503515625 0.02152931854199683
0 0.29569531250000003 0.1396513470681458 0.01286328125 0.018312202852614895
0 0.7571679687499999 0.3697939778129953 0.013984374999999999 0.024263074484944535
0 0.5860390625 0.07751188589540411 0.01640625 0.018050713153724248
0 0.393484375 0.73040412044374 0.016984375 0.017709984152139462
0 0.60526953125 0.008645007923930269 0.008734374999999999 0.017290015847860538
0 0.7476406250000001 0.26356576862123615 0.01005859375 0.02146592709984152
0 0.4143203125 0.39753565768621235 0.017359375 0.017028526148969887
0 0.23786718750000002 0.07939778129952457 0.012886718750000001 0.021624405705229794
0 0.98170703125 0.8695958795562599 0.01476953125 0.018898573692551508
0 0.12455468750000001 0.09264659270998415 0.011125 0.021624405705229794
0 0.20467578125000002 0.4389144215530903 0.015734375000000002 0.020483359746434233
0 0.35446093749999996 0.4318304278922346 0.01163671875 0.016584786053882725
0 0.92868359375 0.7945721077654516 0.016121093750000003 0.016648177496038037
0 0.7961015625 0.030110935023771792 0.015144531250000001 0.02030110935023772
0 0.4864453125 0.12989698890649762 0.01780078125 0.019730586370839936
0 0.6284804687500001 0.9902297939778131 0.013671875 0.019532488114104594
0 0.25062890625 0.09634706814580032 0.01728125 0.01722662440570523
0 0.82971875 0.9436925515055468 0.016886718749999998 0.02290015847860539
0 0.13431640625000002 0.7243740095087163 0.01451953125 0.02072107765451664
0 0.7076445312499999 0.6581537242472266 0.01890234375 0.01809825673534073
0 0.47451953125 0.49531695721077657 0.013695312500000001 0.019984152139461173
0 0.647015625 0.8232250396196514 0.01344140625 0.020998415213946117
0 0.17753515625 0.22549128367670365 0.017625 0.01637083993660856
0 0.3919921875 0.00884310618066561 0.0115859375 0.01768621236133122
0 0.36639453125 0.4293898573692551 0.015515625 0.0179635499207607
0 0.4078046875 0.42604595879556256 0.014624999999999999 0.01896988906497623
0 0.1521875 0.41502377179080824 0.01403515625 0.015816164817749605
0 0.48024218750000003 0.21580031695721075 0.0112578125 0.021291600633914422
0 0.32630078125 0.45633122028526146 0.0123828125 0.018692551505546752
0 0.7418125 0.8113866877971474 0.014832031249999999 0.022305863708399366
0 0.5855390625 0.725919175911252 0.01059765625 0.017036450079239304
0 0.03279296875 0.2680190174326466 0.011757812500000001 0.022852614896988907
0 0.26608984375 0.9459825673534072 0.01540625 0.019286846275752775
0 0.69191015625 0.2564817749603803 0.0135625 0.01945324881141046
0 0.9205273437500001 0.15230586370839938 0.012644531249999999 0.014690966719492868
0 0.41666015625 0.10229793977812995 0.01010546875 0.023835182250396197
0 0.5427890625 0.8376148969889065 0.015214843750000002 0.018985736925515057
0 0.96200390625 0.35181458003169574 0.013457031250000001 0.022543581616481775
0 0.9193242187499999 0.6175990491283676 0.01344140625 0.024857369255150554
0 0.20690234375 0.06664025356576862 0.00807421875 0.021790808240887482
0 0.97853125 0.46457210776545166 0.013484375000000002 0.01886687797147385
0 0.02727734375 0.9768462757527734 0.01424609375 0.016648177496038037
0 0.35026953125000004 0.10591917591125197 0.01065625 0.022329635499207606
0 0.8221015625 0.6580982567353407 0.01781640625 0.016980982567353406
0 0.50984375 0.5853328050713155 0.0149140625 0.01608557844690967
0 0.71359375 0.43141045958795565 0.01343359375 0.02532488114104596
0 0.354828125 0.8886529318541997 0.0115078125 0.02511093502377179
0 0.39476171875 0.5507052297939778 0.01218359375 0.01896988906497623
0 0.8996718749999999 0.45080031695721073 0.016515625 0.018225039619651346
0 0.28971484375 0.7961727416798732 0.01484375 0.02379556259904913
0 0.3182421875 0.9461093502377179 0.012152343749999999 0.017654516640253567
0 0.30392578124999997 0.47455625990491285 0.01640625 0.01589540412044374
0 0.2624453125 0.27023771790808243 0.0175625 0.014817749603803486
0 0.80339453125 0.8347068145800318 0.016890625 0.01980190174326466
0 0.7824296875 0.9693502377179081 0.014453125 0.01988906497622821
0 0.76103125 0.7615610142630745 0.013507812499999999 0.020649762282091918
0 0.7360703125 0.7040095087163233 0.01123828125 0.021806656101426306
0 0.92275390625 0.923026941362916 0.01812890625 0.017828843106180665
0 0.0912734375 0.49378763866877967 0.00892578125 0.028835182250396198
0 0.84504296875 0.3388034865293185 0.01240234375 0.01936608557844691
0 0.08687109374999999 0.6037400950871632 0.0126640625 0.020055467511885895
0 0.35137890625 0.045538827258320126 0.01034765625 0.023114104595879557
0 0.67515234375 0.46177496038034865 0.01136328125 0.025079239302694137
0 0.7600039062499999 0.7433438985736925 0.01465234375 0.020427892234548335
0 0.940046875 0.7526782884310618 0.01681640625 0.01857369255150555
0 0.47200390625 0.7406735340729002 0.01144921875 0.02216323296354992
0 0.84651953125 0.06717908082408874 0.0103046875 0.02207606973058637
0 0.7004335937499999 0.5756418383518226 0.01137890625 0.02187797147385103
0 0.1032265625 0.3578050713153724 0.01674609375 0.020618066561014264
0 0.9316718749999999 0.9820602218700475 0.013003906249999999 0.020309033280507132
0 0.091671875 0.11022187004754358 0.010683593750000001 0.013589540412044373
0 0.26096875 0.2545562599049128 0.01522265625 0.015887480190174327
0 0.020515625000000003 0.8484072900158479 0.01057421875 0.0256973058637084
0 0.24419140625 0.839215530903328 0.006441406249999999 0.022543581616481775
0 0.924 0.7206259904912836 0.011722656250000001 0.020142630744849448
0 0.56790625 0.008288431061806658 0.0165703125 0.016584786053882725
0 0.1627109375 0.6630190174326466 0.013597656250000001 0.018082408874801902
0 0.0185859375 0.917757527733756 0.01016796875 0.019754358161648177
0 0.081859375 0.321973058637084 0.01135546875 0.023431061806656103
0 0.32243750000000004 0.04841521394611727 0.01634375 0.014928684627575278
0 0.50003515625 0.013129952456418384 0.01366015625 0.023264659270998415
0 0.2700703125 0.98770206022187 0.01560546875 0.016846275752773376
0 0.9342812500000001 0.40972266244057054 0.01290234375 0.024255150554675118
0 0.25086328125 0.5372503961965135 0.013390625 0.021862123613312204
0 0.896796875 0.41154516640253563 0.015628906249999998 0.019397781299524564
0 0.25774609375 0.3857448494453249 0.00904296875 0.021561014263074486
0 0.03134765625 0.8255071315372424 0.00919140625 0.024397781299524565
0 0.25544921875000004 0.6519968304278922 0.01060546875 0.02513470681458003
0 0.04398828125 0.3321553090332805 0.011484375 0.02855784469096672
0 0.9480078125 0.26419968304278924 0.00771484375 0.021101426307448493
0 0.84307421875 0.49994453248811405 0.01246875 0.025729001584786054
0 0.13128125 0.4148494453248811 0.008921875 0.021014263074484944
0 0.09716796875 0.33204437400950876 0.0143828125 0.014009508716323296
0 0.65912890625 0.528755942947702 0.013019531249999999 0.018193343898573692
0 0.21069921875 0.3861568938193344 0.0117421875 0.01558637083993661
0 0.55494921875 0.5580982567353407 0.01115234375 0.021656101426307448
0 0.8595625 0.6045879556259905 0.01717578125 0.019635499207606974
0 0.70354296875 0.13030110935023773 0.0145625 0.015935023771790808
0 0.665125 0.006236133122028527 0.01136328125 0.012472266244057053
0 0.62696484375 0.1084944532488114 0.00956640625 0.021283676703645008
0 0.87897265625 0.8657923930269414 0.0164375 0.01949286846275753
0 0.95866796875 0.9480269413629161 0.0109296875 0.018026941362916007
0 0.9837734375 0.1295879556259905 0.0133125 0.022099841521394614
0 0.8484921875 0.39847860538827257 0.01776171875 0.01595879556259905
0 0.430578125 0.058320126782884306 0.0086484375 0.02992868462757528
0 0.489328125 0.017060221870047545 0.00768359375 0.029270998415213946
0 0.49442578125000003 0.05007131537242472 0.00790234375 0.03190966719492869
0 0.16568359375 0.012876386687797147 0.00914453125 0.025752773375594295
0 0.04894140625 0.0985974643423138 0.00825390625 0.025966719492868464
0 0.0035859374999999997 0.06294770206022186 0.007171874999999999 0.023328050713153727
0 0.08317187499999999 0.10794770206022186 0.009453125 0.019144215530903327
0 0.08089453125 0.215229793977813 0.00619921875 0.02772583201267829
0 0.092125 0.2112678288431062 0.007828125 0.02508716323296355
0 0.08740234375 0.3342868462757528 0.01010546875 0.022004754358161648
0 0.15315234375 0.3198732171156894 0.0062109375 0.02838351822503962
0 0.16562890624999999 0.2304120443740095 0.0086015625 0.02904120443740095
0 0.24667578125 0.29896196513470685 0.01187109375 0.027939778129952453
0 0.2623515625 0.2970919175911252 0.0098125 0.025079239302694137
0 0.46751953124999995 0.3214104595879556 0.01093359375 0.027939778129952453
0 0.51069921875 0.24427892234548335 0.0105078125 0.02772583201267829
0 0.28139453125 0.34088748019017434 0.014046875 0.022004754358161648
0 0.183421875 0.38380348652931856 0.008171875 0.025966719492868464
0 0.20712890625 0.40427099841521397 0.0121875 0.01936608557844691
0 0.30629296875 0.4314500792393027 0.007867187500000001 0.027068145800316953
0 0.31616796875 0.42352614896988905 0.008953125000000001 0.029706814580031698
0 0.31898828125 0.4007448494453249 0.01503125 0.015839936608557842
0 0.36059765625 0.39810618066561015 0.013191406250000001 0.015839936608557842
0 0.32560546874999996 0.48910459587955624 0.008304687500000001 0.025301109350237716
0 0.261484375 0.5004358161648177 0.007640625 0.02772583201267829
0 0.46741015625 0.462472266244057 0.00724609375 0.031022187004754356
0 0.08491015625000001 0.5052773375594295 0.0085859375 0.02332012678288431
0 0.09141796875 0.5343264659270999 0.007285156249999999 0.03124405705229794
0 0.06233984375 0.5993581616481775 0.00944921875 0.023985736925515054
0 0.0689609375 0.5947385103011094 0.007933593749999999 0.022662440570522982
0 0.08002734375000001 0.5973771790808241 0.007933593749999999 0.025301109350237716
0 0.16258984375000002 0.56216323296355 0.00816796875 0.032345483359746435
0 0.27548046875 0.605958795562599 0.0108984375 0.021339144215530903
0 0.28150390625 0.6125594294770206 0.00960546875 0.02619651347068146
0 0.33439453124999996 0.609041204437401 0.01286328125 0.017820919175911252
0 0.35294921874999996 0.5864817749603803 0.00830859375 0.027282091917591126
0 0.37459375 0.5402694136291601 0.013847656250000001 0.019358161648177497
0 0.40583984375000004 0.6219096671949287 0.00864453125 0.03300316957210776
0 0.45194921875 0.543676703645008 0.010171875 0.029706814580031698
0 0.494859375 0.5452218700475436 0.00963671875 0.029263074484944532
0 0.0293046875 0.7077416798732171 0.00846875 0.02772583201267829
0 0.017207031249999998 0.8173296354992077 0.0072734375 0.02508716323296355
0 0.004078125 0.960594294770206 0.007488281250000001 0.03168779714738511
0 0.251234375 0.8393423137876387 0.009265625 0.02332012678288431
0 0.18353124999999998 0.8291045958795562 0.007953125 0.026624405705229795
0 0.19546484375 0.9561965134706815 0.007523437500000001 0.027282091917591126
0 0.23202734375 0.922527733755943 0.0099140625 0.025966719492868464
0 0.28296875 0.9612519809825673 0.01415625 0.014516640253565768
0 0.3086796875 0.9571870047543581 0.00830078125 0.023985736925515054
0 0.291265625 0.7199524564183836 0.008624999999999999 0.02574484944532488
0 0.302984375 0.7308478605388273 0.01123046875 0.02376386687797147
0 0.2941953125 0.7036687797147385 0.01187890625 0.013423137876386689
0 0.39509765625000004 0.8809350237717908 0.006687500000000001 0.027282091917591126
0 0.41403125 0.8132646592709983 0.00853515625 0.03190966719492869
0 0.43291015625 0.7198415213946118 0.0085390625 0.02992868462757528
0 0.47614453125 0.8855546751188589 0.00995703125 0.025966719492868464
0 0.470828125 0.8947939778129953 0.01277734375 0.010118858954041203
0 0.47245703125 0.9054675118858955 0.009523437499999999 0.0112202852614897
0 0.50934375 0.9279160063391442 0.00996484375 0.027060221870047543
0 0.470828125 0.9436529318541997 0.0075703125 0.025966719492868464
0 0.49437109375 0.965879556259905 0.0099609375 0.015839936608557842
0 0.47066406250000004 0.9624643423137877 0.008546874999999999 0.021339144215530903
0 0.45694140625 0.9667591125198098 0.00800390625 0.032567353407290014
0 0.96628125 0.025974643423137878 0.012125 0.012765451664025356
0 0.9734453125 0.032353407290015845 0.009523437499999999 0.013201267828843106
0 0.9774570312499999 0.04489698890649762 0.00930859375 0.02508716323296355
0 0.9953593749999999 0.08736925515055467 0.007355468749999999 0.032567353407290014
0 0.9531015625 0.0431378763866878 0.0091953125 0.023328050713153727
0 0.9443125 0.04061014263074485 0.008542968750000001 0.027068145800316953
0 0.92082421875 0.023660855784469095 0.01450390625 0.016061806656101425
0 0.89581640625 0.029381933438985736 0.00918359375 0.02574484944532488
0 0.8798671875 0.10717908082408874 0.0111328125 0.022004754358161648
0 0.7950234375 0.09903328050713155 0.010249999999999999 0.02508716323296355
0 0.71820703125 0.03455625990491284 0.00633203125 0.02992868462757528
0 0.66352734375 0.06965927099841521 0.00892578125 0.027068145800316953
0 0.6658593749999999 0.10486529318541997 0.00621484375 0.025309033280507133
0 0.67285546875 0.10981774960380349 0.005890625 0.02464342313787639
0 0.7228203125 0.12071315372424724 0.01012890625 0.016061806656101425
0 0.8995585937499999 0.18805071315372424 0.00755859375 0.025301109350237716
0 0.9886874999999999 0.18838351822503963 0.00833203125 0.0286053882725832
0 0.9405703125 0.24087163232963552 0.00756640625 0.025301109350237716
0 0.94881640625 0.2339381933438986 0.00930078125 0.027282091917591126
0 0.99681640625 0.28015055467511885 0.0063671875000000005 0.019358161648177497
0 0.891421875 0.27629952456418383 0.0095078125 0.02045958795562599
0 0.9231015625 0.303256735340729 0.0073437500000000005 0.02332012678288431
0 0.89581640625 0.3089778129952456 0.00918359375 0.03036450079239303
0 0.84856640625 0.23107765451664025 0.00928515625 0.01716323296354992
0 0.8393437499999999 0.22601426307448497 0.0095 0.032567353407290014
0 0.8461796874999999 0.3200950871632329 0.011453125 0.01737717908082409
0 0.8763945312500001 0.27553090332805075 0.014171875 0.018042789223454835
0 0.8803007812500001 0.2627654516640254 0.010265625 0.01716323296354992
0 0.9932968750000001 0.3831378763866878 0.00757421875 0.029920760697305863
0 0.81672265625 0.366743264659271 0.013726562500000001 0.024421553090332806
0 0.65001953125 0.26705229793977814 0.0118515625 0.02574484944532488
0 0.664015625 0.2726703645007924 0.012507812500000002 0.026402535657686212
0 0.615515625 0.08781299524564183 0.00794140625 0.03168779714738511
0 0.59094140625 0.05766244057052298 0.0095625 0.0286053882725832
0 0.54070703125 0.046877971473851025 0.00846875 0.029049128367670363
0 0.5364765625000001 0.13226624405705228 0.007816406250000001 0.02992868462757528
0 0.5345234375000001 0.22282091917591124 0.014328125 0.016497622820919176
0 0.56425390625 0.368946117274168 0.010859375000000001 0.027947702060221874
0 0.58871875 0.41912044374009505 0.01205859375 0.030586370839936608
0 0.588828125 0.4677575277337559 0.013144531249999999 0.017820919175911252
0 0.6560937499999999 0.4400316957210777 0.0140234375 0.015182250396196514
0 0.6598359375 0.4581854199683043 0.0071874999999999994 0.02772583201267829
0 0.6715546875 0.5545721077654516 0.00719140625 0.03300316957210776
0 0.695640625 0.535095087163233 0.00980078125 0.02574484944532488
0 0.6150820312499999 0.5056101426307449 0.011414062499999999 0.016061806656101425
0 0.60656640625 0.517931854199683 0.013472656250000001 0.02838351822503962
0 0.62159375 0.5327892234548336 0.01011328125 0.026402535657686212
0 0.7994726562500001 0.48426307448494454 0.00786328125 0.032345483359746435
0 0.8169921875 0.5053882725832012 0.009929687500000001 0.029706814580031698
0 0.91968359375 0.5341045958795563 0.0083203125 0.021125198098256734
0 0.92733203125 0.5353169572107765 0.0066953125 0.027947702060221874
0 0.9382929687500001 0.526188589540412 0.009515625 0.026402535657686212
0 0.93259375 0.5961648177496038 0.0085390625 0.02904120443740095
0 0.54396484375 0.5557844690966719 0.01107421875 0.018700475435816166
0 0.5623554687500001 0.5521553090332806 0.01140234375 0.02464342313787639
0 0.63835546875 0.6043106180665611 0.00848828125 0.02332012678288431
0 0.63444921875 0.634350237717908 0.0097890625 0.02002377179080824
0 0.64600390625 0.6394057052297939 0.00555859375 0.017820919175911252
0 0.57276953125 0.6882646592709984 0.0075 0.02574484944532488
0 0.55416015625 0.6944215530903328 0.008906250000000001 0.029263074484944532
0 0.5584492187500001 0.7680348652931854 0.008796875 0.03124405705229794
0 0.52085546875 0.833066561014263 0.006511718750000001 0.023985736925515054
0 0.6307070312499999 0.6818858954041204 0.012718750000000001 0.01473851030110935
0 0.631953125 0.6971790808240887 0.00826953125 0.02772583201267829
0 0.6409570312499999 0.7006973058637084 0.0071874999999999994 0.0286053882725832
0 0.6571796875 0.6868304278922345 0.00794921875 0.02464342313787639
0 0.66043359375 0.7135736925515055 0.00599609375 0.03322503961965135
0 0.7421289062499999 0.7272187004754358 0.00861328125 0.024421553090332806
0 0.6986796875 0.7579160063391442 0.0128359375 0.03036450079239303
0 0.734046875 0.6736291600633915 0.015015625 0.01671949286846276
0 0.79176953125 0.6597622820919176 0.00894921875 0.023328050713153727
0 0.8093984375 0.6653803486529318 0.00949609375 0.03454833597464342
0 0.64025390625 0.7637480190174326 0.00924609375 0.03322503961965135
0 0.6464921875 0.7974167987321712 0.014347656249999998 0.016061806656101425
0 0.6347734375 0.837797147385103 0.0078359375 0.026402535657686212
0 0.64594921875 0.8532012678288431 0.01803515625 0.01671949286846276
0 0.8542617187499999 0.7833359746434232 0.007656250000000001 0.031022187004754356
0 0.87742578125 0.8089698890649762 0.0114609375 0.020681458003169572
0 0.940515625 0.6954199683042789 0.00832421875 0.023328050713153727
0 0.96026171875 0.7169809825673534 0.00789453125 0.03036450079239303
0 0.9344921875000001 0.7169809825673534 0.011902343749999999 0.014524564183835182
0 0.92684375 0.688486529318542 0.00701953125 0.01473851030110935
0 0.923265625 0.7021315372424722 0.008972656249999999 0.013858954041204435
0 0.93698828125 0.840768621236133 0.005609375 0.021782884310618065
0 0.9059062499999999 0.874770206022187 0.0072343749999999995 0.03168779714738511
0 0.8578398437500001 0.8901743264659272 0.009609375 0.027282091917591126
0 0.89771484375 0.9670839936608558 0.012546874999999999 0.027939778129952453
0 0.8653281249999999 0.9924009508716324 0.01156640625 0.01519809825673534
0 0.9558125000000001 0.9963629160063392 0.012882812499999998 0.007274167987321711
0 0.9797890625000001 0.9941600633914423 0.00659375 0.011671949286846277
0 0.90438671875 0.9961410459587956 0.00636328125 0.007709984152139461
0 0.7534140625 0.9083280507131537 0.009484375 0.026624405705229795
0 0.7109375 0.9734706814580032 0.00784765625 0.031022187004754356
0 0.5762968749999999 0.9644453248811411 0.016722656250000002 0.01737717908082409
0 0.5594257812500001 0.9697305863708399 0.0068476562500000004 0.02002377179080824
0 0.7867773437500001 0.0903407290015848 0.00981640625 0.02002377179080824
0 0.82669921875 0.24264659270998418 0.01240625 0.02072107765451664
0 0.74221484375 0.3129160063391442 0.01687890625 0.01667987321711569
0 0.35452343750000004 0.6219413629160063 0.01003515625 0.02464342313787639
0 0.43315234374999995 0.634270998415214 0.008417968750000001 0.024270998415213945
0 0.11673437499999999 0.6660935023771791 0.01108203125 0.020229793977812997
0 0.528296875 0.7723058637083994 0.0150390625 0.018320126782884312
0 0.5170078124999999 0.5981774960380348 0.0117421875 0.015499207606973058
0 0.5272187500000001 0.6004278922345483 0.010496093750000001 0.027892234548335976
0 0.514296875 0.5488589540412044 0.00966015625 0.012678288431061807
0 0.50234765625 0.5446275752773376 0.008542968750000001 0.017749603803486527