0 0.56525 0.22266666666666668 0.009 0.013333333333333334
0 0.328 0.9853333333333333 0.011 0.016
0 0.172 0.8986666666666666 0.013 0.014222222222222223
0 0.7335 0.28444444444444444 0.013 0.015111111111111112
0 0.811 0.25866666666666666 0.013 0.019555555555555555
0 0.47675 0.9906666666666667 0.01 0.018666666666666668
0 0.248 0.9084444444444445 0.013 0.015111111111111112
0 0.0865 0.992 0.013 0.016
0 0.168 0.7528888888888889 0.0115 0.014222222222222223
0 0.864 0.456 0.011 0.017777777777777778
0 0.77975 0.8768888888888889 0.013 0.016
0 0.75825 0.9853333333333333 0.012 0.019555555555555555
0 0.40225 0.4493333333333333 0.011 0.016
0 0.97725 0.050222222222222224 0.011 0.017777777777777778
0 0.278 0.7804444444444445 0.014 0.019555555555555555
0 0.88325 0.8622222222222222 0.0115 0.016
0 0.801 0.19066666666666668 0.011 0.016888888888888887
0 0.17325 0.9431111111111111 0.011 0.02311111111111111
0 0.137 0.21688888888888888 0.0115 0.013333333333333334
0 0.646 0.3488888888888889 0.01 0.017777777777777778
0 0.07275 0.7204444444444444 0.01 0.014222222222222223
0 0.67225 0.04933333333333333 0.01 0.012444444444444444
0 0.532 0.30622222222222223 0.0105 0.016
0 0.91775 0.023555555555555555 0.0115 0.015111111111111112
0 0.64225 0.268 0.0145 0.018666666666666668
0 0.5245 0.11511111111111111 0.0155 0.014222222222222223
0 0.57625 0.9271111111111111 0.011 0.017777777777777778
0 0.5185 0.35644444444444445 0.013 0.019555555555555555
0 0.58725 0.48577777777777775 0.013 0.018666666666666668
0 0.542 0.42533333333333334 0.0105 0.015111111111111112
0 0.51625 0.007555555555555556 0.0115 0.012444444444444444
0 0.80575 0.04933333333333333 0.0125 0.019555555555555555
0 0.00725 0.9093333333333333 0.011 0.020444444444444446
0 0.73925 0.9808888888888889 0.013 0.016888888888888887
0 0.6075 0.34044444444444444 0.01 0.014222222222222223
0 0.0895 0.9097777777777778 0.011 0.016888888888888887
0 0.72425 0.7924444444444444 0.008 0.016
0 0.81775 0.7093333333333334 0.012 0.016
0 0.557 0.29288888888888887 0.009 0.017777777777777778
0 0.2405 0.7817777777777778 0.014 0.016888888888888887
0 0.70025 0.24 0.009 0.019555555555555555
0 0.9085 0.384 0.014 0.017777777777777778
0 0.668 0.9897777777777778 0.0115 0.020444444444444446
0 0.23325 0.9577777777777777 0.011 0.017777777777777778
0 0.5185 0.5711111111111111 0.009 0.017777777777777778
0 0.424 0.264 0.011 0.021333333333333333
0 0.1895 0.41644444444444445 0.01 0.017777777777777778
0 0.2665 0.39644444444444443 0.0105 0.018666666666666668
0 0.278 0.8675555555555555 0.0075 0.017777777777777778
0 0.80875 0.8524444444444444 0.012 0.014222222222222223
0 0.39525 0.608 0.014 0.016888888888888887
0 0.44425 0.5582222222222222 0.009 0.021333333333333333
0 0.13425 0.7591111111111111 0.011 0.015111111111111112
0 0.64475 0.5431111111111111 0.012 0.016
0 0.6155 0.7164444444444444 0.012 0.014222222222222223
0 0.583 0.5617777777777778 0.016 0.015111111111111112
0 0.47325 0.5128888888888888 0.0105 0.016
0 0.31 0.9826666666666667 0.01 0.016888888888888887
0 0.3385 0.6035555555555555 0.01 0.020444444444444446
0 0.48875 0.6666666666666666 0.015 0.012444444444444444
0 0.56075 0.252 0.009 0.015111111111111112
0 0.94275 0.1368888888888889 0.012 0.016888888888888887
0 0.4685 0.3497777777777778 0.014 0.017777777777777778
0 0.575 0.38533333333333336 0.014 0.015111111111111112
0 0.39475 0.7524444444444445 0.014 0.016888888888888887
0 0.58825 0.6951111111111111 0.013 0.014222222222222223
0 0.10525 0.08844444444444445 0.015 0.015111111111111112
0 0.7175 0.06311111111111112 0.01 0.019555555555555555
0 0.0295 0.48444444444444446 0.011 0.017777777777777778
0 0.57475 0.4711111111111111 0.011 0.017777777777777778
0 0.737 0.33955555555555555 0.015 0.015111111111111112
0 0.67375 0.6866666666666666 0.01 0.015111111111111112
0 0.043 0.152 0.014 0.016
0 0.61775 0.38266666666666665 0.012 0.015111111111111112
0 0.182 0.268 0.0165 0.016
0 0.74325 0.8191111111111111 0.01 0.017777777777777778
0 0.71925 0.8582222222222222 0.0135 0.018666666666666668
0 0.4 0.11955555555555555 0.012 0.016
0 0.13375 0.4862222222222222 0.007 0.016
0 0.36775 0.5728888888888889 0.012 0.019555555555555555
0 0.16425 0.512 0.0125 0.016888888888888887
0 0.922 0.4737777777777778 0.015 0.013333333333333334
0 0.5405 0.16844444444444445 0.008 0.030222222222222223
0 0.47475 0.18577777777777776 0.008 0.02666666666666667
0 0.41175 0.7928888888888889 0.012 0.022222222222222223
0 0.99325 0.9413333333333334 0.0115 0.020444444444444446
0 0.24025 0.35644444444444445 0.011 0.021333333333333333
0 0.75975 0.5097777777777778 0.015 0.016
0 0.70175 0.6573333333333333 0.014 0.014222222222222223
0 0.55025 0.15155555555555555 0.015 0.015111111111111112
0 0.134 0.3973333333333333 0.0125 0.016888888888888887
0 0.551 0.116 0.016 0.012444444444444444
0 0.6905 0.028 0.016 0.014222222222222223
0 0.834 0.396 0.01 0.016888888888888887
0 0.22775 0.4235555555555556 0.0135 0.016
0 0.488 0.3831111111111111 0.008 0.016
0 0.6915 0.38177777777777777 0.013 0.021333333333333333
0 0.51675 0.4822222222222222 0.011 0.019555555555555555
0 0.474 0.9213333333333333 0.009 0.014222222222222223
0 0.71775 0.35333333333333333 0.015 0.016
0 0.1335 0.028888888888888888 0.0155 0.017777777777777778
0 0.05125 0.12533333333333332 0.008 0.017777777777777778
0 0.30875 0.33955555555555555 0.015 0.014222222222222223
0 0.14025 0.892 0.0165 0.015111111111111112
0 0.57475 0.24266666666666667 0.011 0.014222222222222223
0 0.0425 0.492 0.015 0.014222222222222223
0 0.459 0.9662222222222222 0.006 0.014222222222222223
0 0.6755 0.7373333333333333 0.015 0.014222222222222223
0 0.95425 0.8177777777777778 0.009 0.019555555555555555
0 0.17675 0.035111111111111114 0.012 0.015111111111111112
0 0.75775 0.812 0.0145 0.014222222222222223
0 0.9805 0.88 0.0095 0.02666666666666667
0 0.33725 0.6875555555555556 0.011 0.015111111111111112
0 0.232 0.057777777777777775 0.017 0.016
0 0.072 0.17955555555555555 0.013 0.016
0 0.52825 0.5675555555555556 0.008 0.021333333333333333
0 0.179 0.644 0.01 0.019555555555555555
0 0.44325 0.18222222222222223 0.016 0.014222222222222223
0 0.0065 0.8711111111111111 0.0125 0.016888888888888887
0 0.146 0.42533333333333334 0.011 0.021333333333333333
0 0.1335 0.35155555555555557 0.013 0.012444444444444444
0 0.36975 0.31155555555555553 0.011 0.016
0 0.57125 0.3244444444444444 0.012 0.014222222222222223
0 0.61 0.556 0.008 0.014222222222222223
0 0.28275 0.4657777777777778 0.012 0.014222222222222223
0 0.51225 0.7902222222222223 0.0135 0.021333333333333333
0 0.799 0.5213333333333333 0.012 0.02666666666666667
0 0.83375 0.11733333333333333 0.008 0.016
0 0.27525 0.7982222222222223 0.013 0.014222222222222223
0 0.1725 0.17377777777777778 0.0155 0.014222222222222223
0 0.59325 0.6835555555555556 0.015 0.015111111111111112
0 0.545 0.6595555555555556 0.009 0.014222222222222223
0 0.38175 0.3048888888888889 0.0135 0.014222222222222223
0 0.35025 0.8337777777777777 0.014 0.014222222222222223
0 0.69225 0.4182222222222222 0.009 0.020444444444444446
0 0.44025 0.4151111111111111 0.017 0.013333333333333334
0 0.589 0.7493333333333333 0.012 0.012444444444444444
0 0.891 0.04888888888888889 0.012 0.016
0 0.5385 0.051111111111111114 0.013 0.014222222222222223
0 0.36675 0.12222222222222222 0.0145 0.016
0 0.134 0.6173333333333333 0.011 0.016
0 0.01875 0.42488888888888887 0.008 0.017777777777777778
0 0.9385 0.020888888888888887 0.009 0.019555555555555555
0 0.18275 0.08044444444444444 0.013 0.019555555555555555
0 0.09125 0.16311111111111112 0.0115 0.016
0 0.09275 0.9311111111111111 0.009 0.02311111111111111
0 0.2345 0.3391111111111111 0.01 0.014222222222222223
0 0.58475 0.8106666666666666 0.008 0.019555555555555555
0 0.59075 0.4617777777777778 0.012 0.016888888888888887
0 0.63425 0.9151111111111111 0.01 0.019555555555555555
0 0.46725 0.7004444444444444 0.009 0.02311111111111111
0 0.8085 0.09333333333333334 0.009 0.022222222222222223
0 0.62925 0.8248888888888889 0.0125 0.019555555555555555
0 0.6335 0.6062222222222222 0.01 0.016
0 0.7975 0.9493333333333334 0.015 0.014222222222222223
0 0.9205 0.04711111111111111 0.015 0.015111111111111112
0 0.9145 0.19555555555555557 0.0085 0.016
0 0.753 0.030666666666666665 0.0145 0.016
0 0.3995 0.8844444444444445 0.0095 0.021333333333333333
0 0.55875 0.47555555555555556 0.011 0.021333333333333333
0 0.92225 0.35244444444444445 0.013 0.014222222222222223
0 0.297 0.6657777777777778 0.0105 0.017777777777777778
0 0.64925 0.07511111111111111 0.0115 0.014222222222222223
0 0.30825 0.792 0.016 0.014222222222222223
0 0.1665 0.2311111111111111 0.009 0.013333333333333334
0 0.8935 0.25422222222222224 0.0075 0.019555555555555555
0 0.84125 0.9515555555555556 0.012 0.013333333333333334
0 0.646 0.5604444444444444 0.0105 0.019555555555555555
0 0.1765 0.6924444444444444 0.012 0.014222222222222223
0 0.3795 0.8022222222222222 0.0135 0.019555555555555555
0 0.2585 0.04666666666666667 0.013 0.018666666666666668
0 0.12475 0.9373333333333334 0.016 0.014222222222222223
0 0.262 0.8066666666666666 0.0145 0.014222222222222223
0 0.11025 0.25422222222222224 0.013 0.015111111111111112
0 0.46 0.5591111111111111 0.011 0.013333333333333334
0 0.95325 0.48444444444444446 0.012 0.016888888888888887
0 0.01 0.5635555555555556 0.0145 0.019555555555555555
0 0.1195 0.2613333333333333 0.0125 0.014222222222222223
0 0.006 0.6595555555555556 0.012 0.016
0 0.2555 0.5173333333333333 0.009 0.014222222222222223
0 0.5835 0.16355555555555557 0.012 0.017777777777777778
0 0.14725 0.6648888888888889 0.0115 0.015111111111111112
0 0.3425 0.3413333333333333 0.012 0.019555555555555555
0 0.697 0.18622222222222223 0.017 0.021333333333333333
0 0.8375 0.38266666666666665 0.0115 0.015111111111111112
0 0.0605 0.868 0.0095 0.021333333333333333
0 0.87525 0.9391111111111111 0.012 0.016
0 0.80625 0.4582222222222222 0.0165 0.012444444444444444
0 0.1365 0.12222222222222222 0.01 0.016888888888888887
0 0.1645 0.8746666666666667 0.012 0.017777777777777778
0 0.5895 0.532 0.0145 0.015111111111111112
0 0.90175 0.572 0.015 0.018666666666666668
0 0.74875 0.16355555555555557 0.013 0.017777777777777778
0 0.97 0.32844444444444443 0.014 0.016
0 0.694 0.48 0.011 0.019555555555555555
0 0.4585 0.296 0.011 0.016
0 0.54275 0.44222222222222224 0.009 0.021333333333333333
0 0.0955 0.6084444444444445 0.0095 0.016
0 0.35175 0.3675555555555556 0.012 0.019555555555555555
0 0.39 0.4008888888888889 0.015 0.016
0 0.81225 0.35777777777777775 0.014 0.016
0 0.3735 0.7004444444444444 0.008 0.019555555555555555
0 0.8485 0.2902222222222222 0.009 0.020444444444444446
0 0.05025 0.21555555555555556 0.01 0.021333333333333333
0 0.805 0.07644444444444444 0.011 0.017777777777777778
0 0.86425 0.7644444444444445 0.011 0.017777777777777778
0 0.60325 0.296 0.01 0.014222222222222223
0 0.91725 0.8862222222222222 0.0125 0.028444444444444446
0 0.27125 0.5515555555555556 0.015 0.02666666666666667
0 0.8955 0.7186666666666667 0.011 0.014222222222222223
0 0.20825 0.42844444444444446 0.015 0.016
0 0.24475 0.628 0.013 0.014222222222222223
0 0.30775 0.056 0.012 0.019555555555555555
0 0.17625 0.37244444444444447 0.0125 0.016
0 0.82875 0.5582222222222222 0.0115 0.016
0 0.93825 0.5875555555555556 0.009 0.017777777777777778
0 0.309 0.08311111111111111 0.013 0.014222222222222223
0 0.20625 0.7168888888888889 0.018 0.013333333333333334
0 0.1655 0.09466666666666666 0.0085 0.016
0 0.91275 0.816 0.011 0.014222222222222223
0 0.53125 0.8804444444444445 0.01 0.021333333333333333
0 0.4675 0.38711111111111113 0.008 0.022222222222222223
0 0.409 0.27644444444444444 0.016 0.017777777777777778
0 0.25325 0.49822222222222223 0.0085 0.022222222222222223
0 0.08925 0.30533333333333335 0.0095 0.016
0 0.47425 0.07955555555555556 0.009 0.014222222222222223
0 0.966 0.664 0.0105 0.016
0 0.76725 0.012888888888888889 0.013 0.016
0 0.7655 0.156 0.009 0.03288888888888889
0 0.1065 0.029333333333333333 0.012 0.014222222222222223
0 0.384 0.028888888888888888 0.011 0.022222222222222223
0 0.38825 0.5315555555555556 0.015 0.016
0 0.2525 0.05733333333333333 0.0095 0.019555555555555555
0 0.91775 0.5466666666666666 0.01 0.013333333333333334
0 0.3485 0.6177777777777778 0.006 0.016888888888888887
0 0.46475 0.14666666666666667 0.007 0.018666666666666668
0 0.06375 0.4008888888888889 0.0075 0.027555555555555555
0 0.8525 0.82 0.01 0.012444444444444444
0 0.913 0.6773333333333333 0.0085 0.019555555555555555
0 0.28975 0.5977777777777777 0.0105 0.028444444444444446
0 0.25175 0.9853333333333333 0.0075 0.029333333333333333
0 0.737 0.028888888888888888 0.008 0.024888888888888887
0 0.43925 0.9946666666666667 0.006 0.010666666666666666
0 0.7235 0.9368888888888889 0.014 0.014222222222222223
0 0.10225 0.13733333333333334 0.0145 0.018666666666666668
0 0.86775 0.39111111111111113 0.012 0.014222222222222223
0 0.45075 0.48444444444444446 0.008 0.027555555555555555
0 0.11675 0.03111111111111111 0.013 0.012444444444444444
0 0.64625 0.6848888888888889 0.012 0.019555555555555555
0 0.69825 0.47244444444444444 0.0135 0.010666666666666666
0 0.64875 0.852 0.011 0.012444444444444444
0 0.01575 0.6813333333333333 0.0095 0.028444444444444446
0 0.1205 0.14 0.0165 0.018666666666666668
0 0.05775 0.3542222222222222 0.0065 0.021333333333333333
0 0.676 0.5444444444444444 0.01 0.016
0 0.2495 0.3426666666666667 0.012 0.016
0 0.48725 0.37155555555555553 0.007 0.014222222222222223
0 0.3745 0.04844444444444444 0.017 0.013333333333333334
0 0.9435 0.30666666666666664 0.009 0.019555555555555555
0 0.693 0.25422222222222224 0.012 0.014222222222222223
0 0.028 0.8977777777777778 0.014 0.016
0 0.06075 0.005333333333333333 0.0095 0.010666666666666666
0 0.31075 0.034666666666666665 0.008 0.016888888888888887
0 0.64925 0.4493333333333333 0.008 0.016
0 0.793 0.176 0.0115 0.017777777777777778
0 0.328 0.3586666666666667 0.0075 0.016
0 0.1355 0.04844444444444444 0.017 0.017777777777777778
0 0.60875 0.5711111111111111 0.011 0.019555555555555555
0 0.46025 0.4031111111111111 0.0155 0.012444444444444444
0 0.06275 0.192 0.0125 0.014222222222222223
0 0.03925 0.9924444444444445 0.0075 0.015111111111111112
0 0.8385 0.6044444444444445 0.0065 0.024
0 0.31 0.6724444444444444 0.011 0.020444444444444446
0 0.29875 0.22133333333333333 0.0135 0.015111111111111112
0 0.41025 0.40044444444444444 0.014 0.017777777777777778
0 0.18125 0.4262222222222222 0.016 0.012444444444444444
0 0.83575 0.9008888888888889 0.012 0.015111111111111112
0 0.90775 0.208 0.007 0.020444444444444446
0 0.05075 0.31422222222222224 0.013 0.019555555555555555
0 0.35 0.7755555555555556 0.009 0.016888888888888887
0 0.9405 0.4151111111111111 0.01 0.02311111111111111
0 0.1505 0.26622222222222225 0.014 0.021333333333333333
0 0.68075 0.9302222222222222 0.0095 0.02666666666666667
0 0.43725 0.11866666666666667 0.007 0.017777777777777778
0 0.78 0.76 0.018 0.012444444444444444
0 0.1295 0.9053333333333333 0.01 0.020444444444444446
0 0.879 0.7426666666666667 0.011 0.014222222222222223
0 0.78525 0.9555555555555556 0.015 0.009777777777777778
0 0.398 0.176 0.01 0.016
0 0.941 0.09822222222222222 0.015 0.012444444444444444
0 0.9125 0.6595555555555556 0.015 0.013333333333333334
0 0.531 0.9475555555555556 0.007 0.019555555555555555
0 0.87675 0.9124444444444444 0.011 0.019555555555555555
0 0.068 0.12088888888888889 0.009 0.02311111111111111
0 0.72 0.1431111111111111 0.009 0.028444444444444446
0 0.899 0.5484444444444444 0.0085 0.014222222222222223
0 0.8955 0.5386666666666666 0.0125 0.014222222222222223
0 0.67575 0.8133333333333334 0.009 0.024888888888888887
0 0.3655 0.7853333333333333 0.008 0.014222222222222223
0 0.66475 0.8431111111111111 0.013 0.019555555555555555
0 0.60725 0.8897777777777778 0.009 0.024888888888888887
0 0.64925 0.20444444444444446 0.007 0.017777777777777778
0 0.34075 0.2693333333333333 0.009 0.016888888888888887
0 0.16525 0.05733333333333333 0.008 0.016
0 0.19975 0.472 0.009 0.012444444444444444
0 0.9565 0.10933333333333334 0.0135 0.010666666666666666
0 0.0045 0.22666666666666666 0.009 0.015111111111111112
0 0.824 0.15022222222222223 0.0075 0.012444444444444444
0 0.12525 0.29688888888888887 0.0105 0.014222222222222223
0 0.3605 0.7186666666666667 0.0125 0.02311111111111111
0 0.33275 0.12977777777777777 0.009 0.030222222222222223
0 0.1825 0.6746666666666666 0.0125 0.012444444444444444
0 0.864 0.06222222222222222 0.012 0.014222222222222223
0 0.4325 0.6497777777777778 0.007 0.019555555555555555
0 0.8815 0.792 0.018 0.015111111111111112
0 0.80325 0.2826666666666667 0.011 0.014222222222222223
0 0.19575 0.13244444444444445 0.013 0.014222222222222223
0 0.01325 0.3546666666666667 0.009 0.020444444444444446
0 0.65125 0.9591111111111111 0.006 0.011555555555555555
0 0.33025 0.268 0.01 0.021333333333333333
0 0.797 0.7591111111111111 0.011 0.028444444444444446
0 0.74825 0.8217777777777778 0.007 0.015111111111111112
0 0.60875 0.9457777777777778 0.01 0.020444444444444446
0 0.48875 0.8195555555555556 0.007 0.016
0 0.40325 0.16444444444444445 0.0185 0.010666666666666666
0 0.26575 0.19955555555555557 0.0125 0.02311111111111111
0 0.952 0.9244444444444444 0.007 0.017777777777777778
0 0.65375 0.6631111111111111 0.006 0.020444444444444446
0 0.35425 0.7662222222222222 0.0115 0.018666666666666668
0 0.83475 0.7231111111111111 0.0125 0.016888888888888887
0 0.37875 0.6835555555555556 0.012 0.014222222222222223
0 0.7805 0.014666666666666666 0.013 0.013333333333333334
0 0.67425 0.5551111111111111 0.009 0.012444444444444444
0 0.78025 0.4746666666666667 0.01 0.028444444444444446
0 0.6675 0.9035555555555556 0.011 0.024888888888888887
0 0.63575 0.7248888888888889 0.012 0.030222222222222223
0 0.85575 0.7697777777777778 0.013 0.024
0 0.87825 0.18533333333333332 0.008 0.030222222222222223
0 0.835 0.3337777777777778 0.007 0.014222222222222223
0 0.938 0.6768888888888889 0.0125 0.012444444444444444
0 0.13975 0.3457777777777778 0.011 0.03111111111111111
0 0.33675 0.8288888888888889 0.009 0.019555555555555555
0 0.93625 0.23244444444444445 0.013 0.019555555555555555
0 0.7185 0.8893333333333333 0.009 0.024888888888888887
0 0.48625 0.7191111111111111 0.0085 0.010666666666666666
0 0.45875 0.98 0.006 0.010666666666666666
0 0.007 0.8346666666666667 0.014 0.016
0 0.7575 0.16755555555555557 0.008 0.02311111111111111
0 0.8605 0.7137777777777777 0.0075 0.028444444444444446
0 0.892 0.6897777777777778 0.017 0.0071111111111111115
0 0.1895 0.4697777777777778 0.0125 0.02311111111111111
0 0.713 0.6124444444444445 0.007 0.028444444444444446
0 0.46775 0.29644444444444445 0.0065 0.016
0 0.70825 0.9053333333333333 0.008 0.02311111111111111
0 0.8785 0.7133333333333334 0.01 0.014222222222222223
0 0.03925 0.9075555555555556 0.011 0.016888888888888887
0 0.92475 0.06355555555555556 0.008 0.019555555555555555
0 0.39075 0.5924444444444444 0.009 0.018666666666666668
0 0.63025 0.2817777777777778 0.012 0.012444444444444444
0 0.88175 0.568 0.006 0.02666666666666667
0 0.68325 0.5484444444444444 0.007 0.008888888888888889
0 0.26075 0.5382222222222223 0.009 0.030222222222222223
0 0.254 0.33244444444444443 0.012 0.010666666666666666
0 0.99725 0.08711111111111111 0.0055 0.009777777777777778
0 0.108 0.04533333333333334 0.008 0.019555555555555555
0 0.35625 0.8106666666666666 0.007 0.017777777777777778
0 0.08125 0.284 0.006 0.024888888888888887
0 0.03375 0.7 0.009 0.024888888888888887
0 0.1745 0.29155555555555557 0.008 0.021333333333333333
0 0.64225 0.3293333333333333 0.007 0.017777777777777778
0 0.34225 0.3626666666666667 0.008 0.018666666666666668
0 0.55175 0.2617777777777778 0.01 0.030222222222222223
0 0.378 0.4057777777777778 0.01 0.024
0 0.59 0.027555555555555555 0.0085 0.012444444444444444
0 0.50975 0.37422222222222223 0.007 0.017777777777777778
0 0.43825 0.1288888888888889 0.0075 0.011555555555555555
0 0.0055 0.36844444444444446 0.011 0.018666666666666668
0 0.45275 0.6026666666666667 0.007 0.032
0 0.66225 0.5471111111111111 0.0075 0.013333333333333334
0 0.14875 0.6906666666666667 0.008 0.022222222222222223
0 0.16075 0.2262222222222222 0.0105 0.020444444444444446
0 0.47975 0.6235555555555555 0.0105 0.024
0 0.3405 0.24977777777777777 0.007 0.017777777777777778
0 0.977 0.9808888888888889 0.009 0.028444444444444446
0 0.88675 0.9142222222222223 0.006 0.03288888888888889
0 0.881 0.9102222222222223 0.007 0.033777777777777775
0 0.941 0.7862222222222223 0.0105 0.035555555555555556
0 0.83775 0.9351111111111111 0.0095 0.022222222222222223
0 0.85525 0.7035555555555556 0.005 0.02666666666666667
0 0.9675 0.536 0.006 0.02666666666666667
0 0.96225 0.4831111111111111 0.0065 0.03111111111111111
0 0.91425 0.5 0.007 0.028444444444444446
0 0.9545 0.33555555555555555 0.008 0.024
0 0.7705 0.33511111111111114 0.009 0.030222222222222223
0 0.66725 0.26355555555555554 0.007 0.02666666666666667
0 0.521 0.13644444444444445 0.008 0.030222222222222223
0 0.58775 0.8088888888888889 0.006 0.030222222222222223
0 0.4485 0.8631111111111112 0.007 0.032
0 0.33025 0.8222222222222222 0.0065 0.011555555555555555
0 0.36525 0.7662222222222222 0.0075 0.021333333333333333
0 0.3125 0.20666666666666667 0.008 0.029333333333333333
0 0.26075 0.059555555555555556 0.0065 0.02311111111111111
0 0.19325 0.468 0.0055 0.021333333333333333
0 0.2275 0.7022222222222222 0.0135 0.013333333333333334
0 0.22 0.6946666666666667 0.011 0.010666666666666666
0 0.25525 0.6715555555555556 0.006 0.019555555555555555
0 0.1485 0.9448888888888889 0.005 0.028444444444444446
0 0.08325 0.848 0.011 0.024
0 0.075 0.8253333333333334 0.015 0.013333333333333334
0 0.06625 0.7115555555555556 0.0085 0.021333333333333333
0 0.003 0.35733333333333334 0.0055 0.024888888888888887
0 0.003 0.08488888888888889 0.006 0.028444444444444446
0 0.9615 0.15555555555555556 0.011 0.021333333333333333
0 0.95625 0.29688888888888887 0.0085 0.021333333333333333
0 0.03775 0.296 0.0115 0.024888888888888887
0 0.254 0.22 0.011 0.021333333333333333
0 0.3315 0.2368888888888889 0.0055 0.024
0 0.38925 0.5555555555555556 0.009 0.024888888888888887