0 0.76375 0.7302222222222222 0.01025 0.013777777777777778
0 0.41375 0.268 0.013 0.015555555555555555
0 0.68875 0.8066666666666666 0.0085 0.013333333333333334
0 0.2455 0.3426666666666667 0.009 0.014666666666666666
0 0.48175 0.2995555555555556 0.013 0.015555555555555555
0 0.9055 0.5782222222222222 0.0085 0.016444444444444446
0 0.934 0.7515555555555555 0.01175 0.017777777777777778
0 0.81225 0.236 0.01375 0.016444444444444446
0 0.733 0.9555555555555556 0.012 0.016444444444444446
0 0.32475 0.28933333333333333 0.012 0.017777777777777778
0 0.5075 0.188 0.012 0.016444444444444446
0 0.5645 0.30444444444444446 0.0095 0.016888888888888887
0 0.43625 0.5195555555555555 0.014 0.013777777777777778
0 0.42975 0.014666666666666666 0.014 0.015555555555555555
0 0.36975 0.768 0.009 0.016444444444444446
0 0.32725 0.9377777777777778 0.0095 0.014666666666666666
0 0.5675 0.37466666666666665 0.012 0.014666666666666666
0 0.23125 0.9431111111111111 0.0095 0.016444444444444446
0 0.29125 0.732 0.012 0.018666666666666668
0 0.92875 0.38 0.00975 0.014666666666666666
0 0.142 0.8288888888888889 0.012 0.013777777777777778
0 0.7415 0.5035555555555555 0.012 0.012444444444444444
0 0.231 0.09644444444444444 0.009 0.019555555555555555
0 0.379 0.9195555555555556 0.01025 0.012444444444444444
0 0.95325 0.8822222222222222 0.013 0.015555555555555555
0 0.00575 0.32666666666666666 0.011 0.012444444444444444
0 0.83175 0.4533333333333333 0.011 0.019555555555555555
0 0.76475 0.11644444444444445 0.01175 0.013333333333333334
0 0.833 0.524 0.0105 0.013333333333333334
0 0.892 0.15511111111111112 0.00825 0.016444444444444446
0 0.86825 0.24888888888888888 0.009 0.017777777777777778
0 0.7535 0.17733333333333334 0.0095 0.02
0 0.59875 0.8226666666666667 0.013 0.015555555555555555
0 0.93675 0.21155555555555555 0.01 0.026222222222222223
0 0.0615 0.22088888888888888 0.00975 0.013777777777777778
0 0.497 0.12977777777777777 0.0085 0.013333333333333334
0 0.2745 0.18755555555555556 0.009 0.021777777777777778
0 0.98625 0.5528888888888889 0.00975 0.016888888888888887
0 0.477 0.41733333333333333 0.01175 0.017777777777777778
0 0.56725 0.7835555555555556 0.007 0.016444444444444446
0 0.89875 0.9662222222222222 0.0075 0.013333333333333334
0 0.557 0.8857777777777778 0.0085 0.019555555555555555
0 0.741 0.4751111111111111 0.0085 0.017777777777777778
0 0.93325 0.47955555555555557 0.0095 0.018666666666666668
0 0.18825 0.5164444444444445 0.01025 0.013777777777777778
0 0.57725 0.25066666666666665 0.012 0.013333333333333334
0 0.59325 0.5168888888888888 0.0105 0.011555555555555555
0 0.73125 0.3048888888888889 0.01025 0.013333333333333334
0 0.152 0.7893333333333333 0.01175 0.016888888888888887
0 0.429 0.7248888888888889 0.00825 0.013777777777777778
0 0.84175 0.06 0.01325 0.016444444444444446
0 0.26375 0.6875555555555556 0.0095 0.014666666666666666
0 0.85625 0.08711111111111111 0.01325 0.017777777777777778
0 0.01875 0.9573333333333334 0.00975 0.028444444444444446
0 0.0445 0.9284444444444444 0.0145 0.014666666666666666
0 0.0495 0.9168888888888889 0.006 0.035111111111111114
0 0.05875 0.8835555555555555 0.01 0.02266666666666667
0 0.08625 0.8533333333333334 0.0075 0.032
0 0.07825 0.8408888888888889 0.00775 0.029333333333333333
0 0.10425 0.8266666666666667 0.0125 0.013333333333333334
0 0.423 0.44222222222222224 0.0085 0.015555555555555555
0 0.97125 0.8755555555555555 0.0065 0.023555555555555555
0 0.9735 0.8635555555555555 0.01025 0.015555555555555555
0 0.892 0.204 0.0105 0.020888888888888887
0 0.87025 0.37644444444444447 0.0095 0.013777777777777778
0 0.66825 0.5435555555555556 0.009 0.016444444444444446
0 0.642 0.9208888888888889 0.009 0.016888888888888887
0 0.9345 0.036 0.0095 0.016444444444444446
0 0.50825 0.23866666666666667 0.00775 0.012444444444444444
0 0.18425 0.9804444444444445 0.008 0.011555555555555555
0 0.19425 0.9697777777777777 0.0085 0.015555555555555555
0 0.8115 0.8484444444444444 0.009 0.011555555555555555
0 0.28775 0.8088888888888889 0.01125 0.012444444444444444
0 0.9425 0.7257777777777777 0.01125 0.013777777777777778
0 0.58575 0.3217777777777778 0.00675 0.016444444444444446
0 0.036 0.1942222222222222 0.011 0.015555555555555555
0 0.14775 0.3302222222222222 0.0085 0.016444444444444446
0 0.24775 0.22577777777777777 0.008 0.028444444444444446
0 0.7285 0.3626666666666667 0.0095 0.015555555555555555
0 0.8555 0.9062222222222223 0.012 0.011555555555555555
0 0.20475 0.09688888888888889 0.0085 0.016888888888888887
0 0.87425 0.13155555555555556 0.0085 0.02
0 0.4295 0.3128888888888889 0.01125 0.013777777777777778
0 0.59375 0.6315555555555555 0.00775 0.017777777777777778
0 0.25475 0.03288888888888889 0.01025 0.013333333333333334
0 0.2345 0.2991111111111111 0.0085 0.018666666666666668
0 0.37875 0.37822222222222224 0.01125 0.013333333333333334
0 0.988 0.7902222222222223 0.009 0.015555555555555555
0 0.156 0.8586666666666667 0.012 0.017777777777777778
0 0.36 0.07733333333333334 0.00975 0.02
0 0.6155 0.7764444444444445 0.0085 0.017777777777777778
0 0.7095 0.936 0.011 0.011555555555555555
0 0.126 0.9804444444444445 0.00825 0.015555555555555555
0 0.61875 0.14044444444444446 0.013 0.013333333333333334
0 0.449 0.24755555555555556 0.0075 0.019555555555555555
0 0.7525 0.6711111111111111 0.0075 0.017777777777777778
0 0.4155 0.7915555555555556 0.00825 0.015555555555555555
0 0.44 0.06977777777777777 0.009 0.013777777777777778
0 0.52475 0.1942222222222222 0.00975 0.012444444444444444
0 0.60225 0.7315555555555555 0.00825 0.019555555555555555
0 0.80875 0.39955555555555555 0.012 0.013777777777777778
0 0.8905 0.3808888888888889 0.0125 0.024
0 0.98225 0.18888888888888888 0.0075 0.018666666666666668
0 0.70575 0.1648888888888889 0.0105 0.013777777777777778
0 0.4345 0.34 0.0105 0.013777777777777778
0 0.85425 0.956 0.00925 0.020888888888888887
0 0.886 0.6146666666666667 0.0085 0.011555555555555555
0 0.13375 0.3008888888888889 0.009 0.016444444444444446
0 0.6465 0.5844444444444444 0.01025 0.017777777777777778
0 0.695 0.6968888888888889 0.01025 0.019555555555555555
0 0.52625 0.5351111111111111 0.0145 0.015555555555555555
0 0.22625 0.9862222222222222 0.0085 0.009333333333333334
0 0.05575 0.824 0.0145 0.015555555555555555
0 0.09325 0.21555555555555556 0.0145 0.016444444444444446
0 0.618 0.6524444444444445 0.007 0.017777777777777778
0 0.79825 0.21022222222222223 0.012 0.024
0 0.3495 0.8533333333333334 0.0095 0.016444444444444446
0 0.31 0.892 0.012 0.013333333333333334
0 0.811 0.7302222222222222 0.0095 0.021777777777777778
0 0.8635 0.33955555555555555 0.009 0.019555555555555555
0 0.32 0.844 0.012 0.013333333333333334
0 0.8575 0.5093333333333333 0.01425 0.010222222222222223
0 0.1415 0.712 0.01025 0.018666666666666668
0 0.9145 0.7071111111111111 0.00875 0.024444444444444446
0 0.893 0.5302222222222223 0.01175 0.013333333333333334
0 0.44775 0.5142222222222222 0.00675 0.012444444444444444
0 0.797 0.04622222222222222 0.01325 0.013333333333333334
0 0.0925 0.916 0.0055 0.030666666666666665
0 0.127 0.8951111111111111 0.01025 0.016444444444444446
0 0.3755 0.23644444444444446 0.00975 0.013333333333333334
0 0.72175 0.8964444444444445 0.007 0.02711111111111111
0 0.955 0.5351111111111111 0.00775 0.015555555555555555
0 0.95025 0.08 0.01125 0.017777777777777778
0 0.75075 0.5311111111111111 0.01025 0.011555555555555555
0 0.535 0.9275555555555556 0.011 0.02711111111111111
0 0.496 0.33466666666666667 0.00825 0.013777777777777778
0 0.632 0.6751111111111111 0.0075 0.029333333333333333
0 0.63625 0.6613333333333333 0.0085 0.011555555555555555
0 0.45075 0.7844444444444445 0.0095 0.02666666666666667
0 0.205 0.7533333333333333 0.0095 0.020888888888888887
0 0.89575 0.152 0.01025 0.020888888888888887
0 0.0925 0.6048888888888889 0.009 0.02
0 0.602 0.4088888888888889 0.00675 0.03155555555555556
0 0.9325 0.3302222222222222 0.00825 0.016444444444444446
0 0.73075 0.8822222222222222 0.009 0.012444444444444444
0 0.76475 0.30266666666666664 0.00825 0.02
0 0.6135 0.9617777777777777 0.00825 0.017777777777777778
0 0.395 0.5222222222222223 0.00825 0.02
0 0.354 0.21822222222222223 0.00625 0.014666666666666666
0 0.42975 0.74 0.0095 0.016444444444444446
0 0.42175 0.9884444444444445 0.013 0.007555555555555556
0 0.22725 0.18088888888888888 0.009 0.017777777777777778
0 0.96025 0.6408888888888888 0.0085 0.019555555555555555
0 0.23825 0.04488888888888889 0.0065 0.02311111111111111
0 0.02875 0.2862222222222222 0.016 0.014666666666666666
0 0.581 0.4111111111111111 0.00825 0.018666666666666668
0 0.87725 0.6222222222222222 0.00825 0.014666666666666666
0 0.18275 0.13955555555555554 0.00775 0.025333333333333333
0 0.926 0.36577777777777776 0.00825 0.015555555555555555
0 0.15 0.2408888888888889 0.01175 0.012444444444444444
0 0.405 0.4017777777777778 0.00975 0.011555555555555555
0 0.3905 0.0951111111111111 0.00775 0.016888888888888887
0 0.45675 0.9502222222222222 0.00575 0.016444444444444446
0 0.14575 0.4648888888888889 0.00775 0.016888888888888887
0 0.77525 0.8577777777777778 0.00875 0.02711111111111111
0 0.061 0.14933333333333335 0.01025 0.021777777777777778
0 0.37325 0.8351111111111111 0.01125 0.013777777777777778
0 0.302 0.43555555555555553 0.00875 0.022222222222222223
0 0.31425 0.9053333333333333 0.0105 0.016444444444444446
0 0.58575 0.8573333333333333 0.009 0.021777777777777778
0 0.2285 0.9733333333333334 0.009 0.021777777777777778
0 0.23625 0.9595555555555556 0.007 0.015555555555555555
0 0.3845 0.2906666666666667 0.0075 0.019555555555555555
0 0.23075 0.8164444444444444 0.007 0.018666666666666668
0 0.5635 0.1351111111111111 0.007 0.027555555555555555
0 0.56725 0.11511111111111111 0.0095 0.019555555555555555
0 0.14225 0.9115555555555556 0.011 0.012444444444444444
0 0.08975 0.1622222222222222 0.01125 0.017777777777777778
0 0.97525 0.7035555555555556 0.009 0.017777777777777778
0 0.488 0.404 0.0085 0.014666666666666666
0 0.69325 0.28844444444444445 0.00825 0.017777777777777778
0 0.27275 0.632 0.0125 0.010666666666666666
0 0.39975 0.4088888888888889 0.00675 0.012444444444444444
0 0.91125 0.4537777777777778 0.00775 0.018666666666666668
0 0.41475 0.13244444444444445 0.00625 0.016888888888888887
0 0.9555 0.4266666666666667 0.00775 0.029777777777777778
0 0.5505 0.828 0.01075 0.025333333333333333
0 0.8805 0.45644444444444443 0.00825 0.020444444444444446
0 0.405 0.5866666666666667 0.00625 0.025333333333333333
0 0.628 0.29555555555555557 0.00625 0.021333333333333333
0 0.3075 0.2817777777777778 0.009 0.016444444444444446
0 0.9655 0.8902222222222222 0.00775 0.017777777777777778
0 0.42875 0.8035555555555556 0.0085 0.011555555555555555
0 0.43675 0.8008888888888889 0.00775 0.013777777777777778
0 0.52025 0.8728888888888889 0.0095 0.015555555555555555
0 0.4925 0.3888888888888889 0.0095 0.012444444444444444
0 0.2985 0.7826666666666666 0.0065 0.02711111111111111
0 0.06125 0.9911111111111112 0.0105 0.014666666666666666
0 0.2525 0.9146666666666666 0.0055 0.028444444444444446
0 0.2095 0.9093333333333333 0.00975 0.012888888888888889
0 0.072 0.9662222222222222 0.01525 0.015555555555555555
0 0.06675 0.9413333333333334 0.0085 0.027555555555555555
0 0.06725 0.9008888888888889 0.0155 0.017333333333333333
0 0.1335 0.148 0.00575 0.028444444444444446
0 0.16525 0.23644444444444446 0.0135 0.021777777777777778
0 0.1335 0.25244444444444447 0.0125 0.030666666666666665
0 0.221 0.20355555555555555 0.01 0.028444444444444446
0 0.1955 0.2991111111111111 0.008 0.02666666666666667
0 0.11325 0.3977777777777778 0.0085 0.030666666666666665
0 0.0445 0.384 0.0085 0.028
0 0.101 0.5213333333333333 0.00825 0.028
0 0.16525 0.4822222222222222 0.009 0.025777777777777778
0 0.27875 0.3382222222222222 0.01275 0.02266666666666667
0 0.35575 0.4866666666666667 0.011 0.020444444444444446
0 0.353 0.4026666666666667 0.01075 0.028888888888888888
0 0.35675 0.3635555555555556 0.016 0.015111111111111112
0 0.402 0.3893333333333333 0.0115 0.016888888888888887
0 0.01675 0.7511111111111111 0.00675 0.02666666666666667
0 0.01825 0.9186666666666666 0.01075 0.022222222222222223
0 0.1205 0.9764444444444444 0.01425 0.018666666666666668
0 0.376 0.7382222222222222 0.00925 0.029777777777777778
0 0.356 0.7928888888888889 0.0115 0.021333333333333333
0 0.34575 0.8053333333333333 0.00875 0.021777777777777778
0 0.36525 0.9177777777777778 0.00975 0.03244444444444444
0 0.49475 0.7835555555555556 0.00975 0.024
0 0.45975 0.8533333333333334 0.00825 0.02311111111111111
0 0.56825 0.872 0.00925 0.027555555555555555
0 0.59625 0.888 0.007 0.030666666666666665
0 0.59 0.8213333333333334 0.012 0.01911111111111111
0 0.604 0.9902222222222222 0.00625 0.01911111111111111
0 0.60975 0.9888888888888889 0.00625 0.018666666666666668
0 0.686 0.8888888888888888 0.0075 0.026222222222222223
0 0.82275 0.9453333333333334 0.01125 0.030222222222222223
0 0.8295 0.8764444444444445 0.009 0.025777777777777778
0 0.80425 0.7213333333333334 0.007 0.025333333333333333
0 0.99775 0.8426666666666667 0.0045 0.017777777777777778
0 0.965 0.8777777777777778 0.0115 0.014222222222222223
0 0.99625 0.6413333333333333 0.0065 0.028444444444444446
0 0.85225 0.624 0.007 0.025777777777777778
0 0.8005 0.6444444444444445 0.0075 0.024888888888888887
0 0.82525 0.6577777777777778 0.00875 0.02711111111111111
0 0.7775 0.6271111111111111 0.007 0.021777777777777778
0 0.77175 0.6448888888888888 0.01475 0.020444444444444446
0 0.9465 0.48933333333333334 0.00675 0.024888888888888887
0 0.926 0.4688888888888889 0.011 0.016888888888888887
0 0.85775 0.42533333333333334 0.01325 0.024444444444444446
0 0.748 0.36177777777777775 0.01275 0.012444444444444444
0 0.69075 0.45911111111111114 0.0085 0.03288888888888889
0 0.83275 0.31733333333333336 0.00675 0.020888888888888887
0 0.836 0.30666666666666664 0.0075 0.025777777777777778
0 0.9325 0.3 0.00875 0.03155555555555556
0 0.9435 0.32711111111111113 0.0125 0.020888888888888887
0 0.9215 0.14622222222222223 0.01175 0.02
0 0.943 0.07244444444444445 0.005 0.017333333333333333
0 0.9385 0.06177777777777778 0.0095 0.011555555555555555
0 0.78125 0.21688888888888888 0.006 0.024888888888888887
0 0.64925 0.2088888888888889 0.012 0.012888888888888889
0 0.521 0.11377777777777778 0.009 0.028
0 0.46725 0.12933333333333333 0.00775 0.02311111111111111
0 0.418 0.104 0.01025 0.02311111111111111
0 0.42125 0.11022222222222222 0.00775 0.017333333333333333
0 0.47825 0.2831111111111111 0.008 0.030222222222222223
0 0.3465 0.23555555555555555 0.00825 0.027555555555555555
0 0.38175 0.09422222222222222 0.0095 0.021777777777777778
0 0.2345 0.03288888888888889 0.01075 0.014666666666666666
0 0.44 0.1791111111111111 0.00825 0.025333333333333333
0 0.43825 0.432 0.00775 0.028
0 0.60925 0.31777777777777777 0.0105 0.03288888888888889
0 0.90175 0.5373333333333333 0.00675 0.019555555555555555
0 0.95725 0.5395555555555556 0.00625 0.025333333333333333
0 0.65675 0.5617777777777778 0.00975 0.03111111111111111
0 0.6545 0.5848888888888889 0.00825 0.02266666666666667
0 0.5915 0.4928888888888889 0.0125 0.014222222222222223
0 0.99725 0.44177777777777777 0.0055 0.021333333333333333
0 0.833 0.9075555555555556 0.00625 0.02266666666666667
0 0.943 0.9906666666666667 0.00875 0.013333333333333334
0 0.99625 0.9257777777777778 0.0075 0.020444444444444446
0 0.48525 0.5413333333333333 0.00925 0.027555555555555555
0 0.44025 0.5915555555555555 0.011 0.024888888888888887
0 0.413 0.488 0.00775 0.030666666666666665
0 0.49875 0.5253333333333333 0.01075 0.024888888888888887
0 0.51825 0.6226666666666667 0.01275 0.018222222222222223
0 0.52325 0.6062222222222222 0.0115 0.020888888888888887
0 0.54825 0.6137777777777778 0.015 0.017333333333333333
0 0.67125 0.6413333333333333 0.01175 0.028888888888888888
0 0.41725 0.12044444444444445 0.01125 0.016
0 0.286 0.41555555555555557 0.00775 0.024444444444444446
0 0.27625 0.41244444444444445 0.00875 0.021333333333333333
0 0.18475 0.49377777777777776 0.0135 0.021333333333333333
0 0.30425 0.42044444444444445 0.013 0.022222222222222223
0 0.3095 0.4106666666666667 0.01275 0.014666666666666666
0 0.20425 0.7102222222222222 0.01525 0.020444444444444446
0 0.4095 0.8035555555555556 0.00925 0.024444444444444446
0 0.4165 0.8048888888888889 0.01025 0.014666666666666666
0 0.4575 0.864 0.01225 0.020444444444444446
0 0.2275 0.9191111111111111 0.01075 0.024444444444444446
0 0.2785 0.9826666666666667 0.012 0.015111111111111112
0 0.02775 0.824 0.01375 0.016888888888888887
0 0.01875 0.848 0.01 0.020444444444444446
0 0.62875 0.8328888888888889 0.01075 0.016
0 0.63225 0.8657777777777778 0.012 0.016
0 0.5255 0.7804444444444445 0.00925 0.022222222222222223
0 0.782 0.6462222222222223 0.01025 0.015111111111111112
0 0.66825 0.584 0.01125 0.014666666666666666
0 0.88775 0.21288888888888888 0.0085 0.02666666666666667
0 0.52125 0.17644444444444443 0.0065 0.021333333333333333
0 0.87375 0.3542222222222222 0.00725 0.017333333333333333
0 0.6485 0.21466666666666667 0.01425 0.010666666666666666
0 0.755 0.035111111111111114 0.01025 0.013777777777777778