0 0.43466666666666665 0.777027027027027 0.009 0.013513513513513514
0 0.672 0.014864864864864866 0.011333333333333334 0.016891891891891893
0 0.828 0.10135135135135136 0.013 0.01418918918918919
0 0.26666666666666666 0.7155405405405405 0.013 0.01418918918918919
0 0.189 0.7412162162162163 0.013333333333333334 0.01891891891891892
0 0.5233333333333333 0.00945945945945946 0.010333333333333333 0.01891891891891892
0 0.752 0.09121621621621621 0.013333333333333334 0.015540540540540541
0 0.9136666666666666 0.008108108108108109 0.012666666666666666 0.015540540540540541
0 0.832 0.2472972972972973 0.011666666666666667 0.01418918918918919
0 0.136 0.543918918918919 0.011 0.01756756756756757
0 0.22033333333333333 0.12297297297297298 0.013 0.016216216216216217
0 0.24166666666666667 0.014864864864864866 0.011666666666666667 0.01891891891891892
0 0.5976666666666667 0.5506756756756757 0.011 0.016216216216216217
0 0.02266666666666667 0.95 0.011333333333333334 0.01756756756756757
0 0.722 0.2195945945945946 0.013666666666666667 0.02027027027027027
0 0.11666666666666667 0.13783783783783785 0.011666666666666667 0.015540540540540541
0 0.199 0.8094594594594594 0.011 0.016891891891891893
0 0.8266666666666667 0.05675675675675676 0.010666666666666666 0.0222972972972973
0 0.863 0.7831081081081082 0.011333333333333334 0.013513513513513514
0 0.354 0.6513513513513514 0.010333333333333333 0.01756756756756757
0 0.9273333333333333 0.2797297297297297 0.01 0.01418918918918919
0 0.32766666666666666 0.9506756756756757 0.01 0.012837837837837839
0 0.468 0.6939189189189189 0.010666666666666666 0.015540540540540541
0 0.08233333333333333 0.9763513513513513 0.011333333333333334 0.015540540540540541
0 0.3576666666666667 0.7324324324324324 0.014333333333333333 0.018243243243243244
0 0.4756666666666667 0.8851351351351351 0.015666666666666666 0.013513513513513514
0 0.4236666666666667 0.07297297297297298 0.010666666666666666 0.018243243243243244
0 0.4816666666666667 0.643918918918919 0.013 0.019594594594594596
0 0.4126666666666667 0.5141891891891892 0.013 0.01891891891891892
0 0.458 0.5743243243243243 0.010333333333333333 0.014864864864864866
0 0.4836666666666667 0.9925675675675676 0.011666666666666667 0.012162162162162163
0 0.19433333333333333 0.9506756756756757 0.012666666666666666 0.01891891891891892
0 0.9926666666666667 0.09054054054054055 0.011 0.020945945945945947
0 0.26066666666666666 0.01891891891891892 0.013 0.016891891891891893
0 0.39266666666666666 0.6594594594594595 0.01 0.01418918918918919
0 0.9103333333333333 0.09054054054054055 0.011 0.016891891891891893
0 0.27566666666666667 0.20743243243243242 0.008 0.016216216216216217
0 0.18233333333333332 0.2905405405405405 0.011666666666666667 0.015540540540540541
0 0.443 0.7074324324324325 0.009 0.01756756756756757
0 0.7593333333333333 0.21824324324324323 0.014 0.016891891891891893
0 0.2996666666666667 0.7601351351351351 0.009333333333333334 0.01891891891891892
0 0.09166666666666666 0.6162162162162163 0.014333333333333333 0.018243243243243244
0 0.33166666666666667 0.010135135135135136 0.011333333333333334 0.02027027027027027
0 0.7666666666666667 0.04256756756756757 0.011333333333333334 0.018243243243243244
0 0.4816666666666667 0.42905405405405406 0.008666666666666666 0.01756756756756757
0 0.576 0.7358108108108108 0.011 0.021621621621621623
0 0.8106666666666666 0.5831081081081081 0.009666666666666667 0.018243243243243244
0 0.7336666666666667 0.6040540540540541 0.010333333333333333 0.018243243243243244
0 0.722 0.13243243243243244 0.007333333333333333 0.01756756756756757
0 0.19133333333333333 0.14797297297297296 0.012333333333333333 0.014864864864864866
0 0.6046666666666667 0.3918918918918919 0.014 0.016891891891891893
0 0.5556666666666666 0.4418918918918919 0.009 0.021621621621621623
0 0.8656666666666667 0.24121621621621622 0.010666666666666666 0.014864864864864866
0 0.35533333333333333 0.45675675675675675 0.012 0.016891891891891893
0 0.38466666666666666 0.28378378378378377 0.012333333333333333 0.01418918918918919
0 0.417 0.43851351351351353 0.016 0.015540540540540541
0 0.5266666666666666 0.4871621621621622 0.010333333333333333 0.016216216216216217
0 0.69 0.01756756756756757 0.01 0.016891891891891893
0 0.6613333333333333 0.3966216216216216 0.010333333333333333 0.02027027027027027
0 0.511 0.3331081081081081 0.014666666666666666 0.012837837837837839
0 0.43933333333333335 0.7479729729729729 0.008666666666666666 0.014864864864864866
0 0.05733333333333333 0.8628378378378379 0.012 0.016891891891891893
0 0.5313333333333333 0.6506756756756756 0.014 0.01756756756756757
0 0.425 0.6148648648648649 0.014333333333333333 0.015540540540540541
0 0.6053333333333333 0.24797297297297297 0.014333333333333333 0.016891891891891893
0 0.412 0.3047297297297297 0.012666666666666666 0.01418918918918919
0 0.8946666666666667 0.9114864864864864 0.015 0.015540540540540541
0 0.2823333333333333 0.9371621621621622 0.01 0.019594594594594596
0 0.9703333333333334 0.5155405405405405 0.010666666666666666 0.01756756756756757
0 0.42533333333333334 0.529054054054054 0.011333333333333334 0.01756756756756757
0 0.263 0.6601351351351351 0.015 0.015540540540540541
0 0.3263333333333333 0.31351351351351353 0.009666666666666667 0.014864864864864866
0 0.957 0.847972972972973 0.014 0.016216216216216217
0 0.382 0.6168918918918919 0.011666666666666667 0.014864864864864866
0 0.818 0.7317567567567568 0.016666666666666666 0.016216216216216217
0 0.25666666666666665 0.1810810810810811 0.009666666666666667 0.01756756756756757
0 0.281 0.14189189189189189 0.013666666666666667 0.01891891891891892
0 0.6 0.8804054054054054 0.012333333333333333 0.015540540540540541
0 0.8663333333333333 0.5135135135135135 0.007 0.015540540540540541
0 0.6323333333333333 0.42702702702702705 0.012333333333333333 0.019594594594594596
0 0.836 0.48783783783783785 0.012666666666666666 0.016891891891891893
0 0.078 0.5263513513513514 0.015333333333333332 0.013513513513513514
0 0.45966666666666667 0.831081081081081 0.008 0.030405405405405407
0 0.5253333333333333 0.8141891891891891 0.008333333333333333 0.02702702702702703
0 0.5883333333333334 0.20743243243243242 0.012 0.0222972972972973
0 0.006666666666666667 0.05878378378378379 0.011666666666666667 0.02027027027027027
0 0.76 0.6432432432432432 0.010666666666666666 0.020945945945945947
0 0.24033333333333334 0.4905405405405405 0.015 0.015540540540540541
0 0.29833333333333334 0.34256756756756757 0.014 0.01418918918918919
0 0.44966666666666666 0.8486486486486486 0.014666666666666666 0.014864864864864866
0 0.866 0.6027027027027027 0.012666666666666666 0.016891891891891893
0 0.449 0.8837837837837837 0.016 0.011486486486486487
0 0.30966666666666665 0.9716216216216216 0.01633333333333333 0.013513513513513514
0 0.166 0.6040540540540541 0.009666666666666667 0.016891891891891893
0 0.7723333333333333 0.5763513513513514 0.013666666666666667 0.016216216216216217
0 0.512 0.6168918918918919 0.008333333333333333 0.015540540540540541
0 0.30866666666666664 0.6182432432432432 0.013 0.020945945945945947
0 0.48333333333333334 0.5175675675675676 0.011 0.01891891891891892
0 0.526 0.07905405405405405 0.009333333333333334 0.013513513513513514
0 0.2823333333333333 0.6466216216216216 0.014666666666666666 0.015540540540540541
0 0.8663333333333333 0.970945945945946 0.015666666666666666 0.01756756756756757
0 0.9486666666666667 0.8743243243243243 0.008333333333333333 0.018243243243243244
0 0.6913333333333334 0.6608108108108108 0.014666666666666666 0.014864864864864866
0 0.8596666666666667 0.10810810810810811 0.01633333333333333 0.014864864864864866
0 0.42533333333333334 0.7574324324324324 0.011333333333333334 0.014864864864864866
0 0.9576666666666667 0.5081081081081081 0.015333333333333332 0.014864864864864866
0 0.541 0.033783783783783786 0.006333333333333333 0.01418918918918919
0 0.3243333333333333 0.26216216216216215 0.015333333333333332 0.014864864864864866
0 0.04566666666666667 0.18175675675675676 0.009 0.01891891891891892
0 0.823 0.9648648648648649 0.012 0.014864864864864866
0 0.24233333333333335 0.1885135135135135 0.014333333333333333 0.01418918918918919
0 0.019333333333333334 0.1195945945945946 0.009666666666666667 0.026351351351351353
0 0.6626666666666666 0.31216216216216214 0.011 0.014864864864864866
0 0.768 0.9425675675675675 0.017 0.016216216216216217
0 0.928 0.8202702702702702 0.012666666666666666 0.015540540540540541
0 0.4716666666666667 0.43243243243243246 0.008 0.020945945945945947
0 0.821 0.3560810810810811 0.01 0.01891891891891892
0 0.5566666666666666 0.8175675675675675 0.016 0.01418918918918919
0 0.9936666666666667 0.12837837837837837 0.012333333333333333 0.016891891891891893
0 0.854 0.5743243243243243 0.011333333333333334 0.020945945945945947
0 0.8666666666666667 0.6486486486486487 0.013 0.012162162162162163
0 0.6303333333333333 0.6885135135135135 0.011 0.016216216216216217
0 0.42866666666666664 0.6756756756756757 0.012333333333333333 0.014864864864864866
0 0.39 0.44391891891891894 0.008333333333333333 0.014864864864864866
0 0.717 0.5344594594594595 0.012 0.01418918918918919
0 0.4876666666666667 0.21013513513513513 0.013666666666666667 0.021621621621621623
0 0.201 0.47905405405405405 0.012333333333333333 0.02702702702702703
0 0.166 0.8824324324324324 0.008333333333333333 0.015540540540540541
0 0.7246666666666667 0.20135135135135135 0.013333333333333334 0.01418918918918919
0 0.8276666666666667 0.8263513513513514 0.015666666666666666 0.014864864864864866
0 0.4066666666666667 0.3168918918918919 0.014666666666666666 0.015540540540540541
0 0.455 0.34054054054054056 0.009333333333333334 0.01418918918918919
0 0.6183333333333333 0.6952702702702702 0.013333333333333334 0.014864864864864866
0 0.6496666666666666 0.1662162162162162 0.014 0.014864864864864866
0 0.308 0.5817567567567568 0.009 0.02027027027027027
0 0.5596666666666666 0.5851351351351352 0.017 0.013513513513513514
0 0.411 0.25067567567567567 0.012333333333333333 0.012837837837837839
0 0.109 0.9513513513513514 0.011666666666666667 0.016216216216216217
0 0.4613333333333333 0.9486486486486486 0.013333333333333334 0.013513513513513514
0 0.6333333333333333 0.8777027027027027 0.014333333333333333 0.015540540540540541
0 0.866 0.3824324324324324 0.011 0.016216216216216217
0 0.9813333333333333 0.575 0.008 0.01756756756756757
0 0.06133333333333333 0.9790540540540541 0.008666666666666666 0.01891891891891892
0 0.8173333333333334 0.9195945945945946 0.013333333333333334 0.02027027027027027
0 0.9086666666666666 0.8364864864864865 0.011333333333333334 0.016216216216216217
0 0.9073333333333333 0.06891891891891892 0.008666666666666666 0.022972972972972974
0 0.7653333333333333 0.6608108108108108 0.01 0.014864864864864866
0 0.41533333333333333 0.1891891891891892 0.008333333333333333 0.019594594594594596
0 0.4093333333333333 0.5385135135135135 0.011666666666666667 0.016891891891891893
0 0.366 0.08513513513513514 0.01 0.019594594594594596
0 0.5326666666666666 0.2993243243243243 0.009 0.02364864864864865
0 0.19166666666666668 0.9067567567567567 0.009 0.0222972972972973
0 0.37066666666666664 0.175 0.012666666666666666 0.019594594594594596
0 0.36666666666666664 0.3939189189189189 0.01 0.016216216216216217
0 0.20266666666666666 0.05067567567567568 0.014666666666666666 0.014864864864864866
0 0.07966666666666666 0.9527027027027027 0.015 0.015540540540540541
0 0.08533333333333333 0.8040540540540541 0.008666666666666666 0.015540540540540541
0 0.247 0.9695945945945946 0.014333333333333333 0.016891891891891893
0 0.6006666666666667 0.11554054054054054 0.009333333333333334 0.021621621621621623
0 0.44133333333333336 0.5243243243243243 0.011333333333333334 0.020945945945945947
0 0.07766666666666666 0.6472972972972973 0.013 0.013513513513513514
0 0.703 0.3344594594594595 0.010666666666666666 0.018243243243243244
0 0.3506666666666667 0.925 0.011333333333333334 0.014864864864864866
0 0.6916666666666667 0.20810810810810812 0.015666666666666666 0.01418918918918919
0 0.8336666666666667 0.768918918918919 0.008666666666666666 0.013513513513513514
0 0.10633333333333334 0.745945945945946 0.007666666666666666 0.019594594594594596
0 0.159 0.04864864864864865 0.012333333333333333 0.013513513513513514
0 0.354 0.43986486486486487 0.010333333333333333 0.02027027027027027
0 0.8236666666666667 0.30743243243243246 0.012333333333333333 0.014864864864864866
0 0.6206666666666667 0.19797297297297298 0.013333333333333334 0.01891891891891892
0 0.7413333333333333 0.9533783783783784 0.013 0.01891891891891892
0 0.8753333333333333 0.06283783783783783 0.015666666666666666 0.01418918918918919
0 0.738 0.19324324324324324 0.014666666666666666 0.01418918918918919
0 0.89 0.745945945945946 0.013333333333333334 0.015540540540540541
0 0.54 0.4412162162162162 0.011 0.013513513513513514
0 0.04666666666666667 0.5155405405405405 0.011666666666666667 0.016891891891891893
0 0.99 0.43648648648648647 0.014666666666666666 0.019594594594594596
0 0.8806666666666667 0.7385135135135135 0.012666666666666666 0.014864864864864866
0 0.994 0.34054054054054056 0.011666666666666667 0.015540540540540541
0 0.7443333333333333 0.48243243243243245 0.008666666666666666 0.013513513513513514
0 0.41633333333333333 0.8364864864864865 0.012 0.018243243243243244
0 0.8526666666666667 0.33513513513513515 0.011666666666666667 0.014864864864864866
0 0.6573333333333333 0.6587837837837838 0.012 0.02027027027027027
0 0.303 0.8135135135135135 0.016666666666666666 0.021621621621621623
0 0.16233333333333333 0.6175675675675676 0.011333333333333334 0.014864864864864866
0 0.9393333333333334 0.13175675675675674 0.009666666666666667 0.021621621621621623
0 0.12466666666666666 0.060810810810810814 0.011666666666666667 0.015540540540540541
0 0.19366666666666665 0.5418918918918919 0.016666666666666666 0.012162162162162163
0 0.8633333333333333 0.8777027027027027 0.009666666666666667 0.016891891891891893
0 0.8356666666666667 0.125 0.012 0.01756756756756757
0 0.4103333333333333 0.46824324324324323 0.014666666666666666 0.014864864864864866
0 0.098 0.4283783783783784 0.015 0.018243243243243244
0 0.25133333333333335 0.8364864864864865 0.013 0.016891891891891893
0 0.03 0.6716216216216216 0.014 0.016216216216216217
0 0.306 0.5202702702702703 0.011333333333333334 0.02027027027027027
0 0.5413333333333333 0.7040540540540541 0.011 0.016216216216216217
0 0.4573333333333333 0.5574324324324325 0.009333333333333334 0.021621621621621623
0 0.9046666666666666 0.3918918918918919 0.009666666666666667 0.016216216216216217
0 0.6483333333333333 0.6324324324324324 0.012333333333333333 0.01891891891891892
0 0.61 0.5993243243243244 0.015333333333333332 0.016216216216216217
0 0.188 0.6425675675675676 0.014 0.016216216216216217
0 0.6266666666666667 0.2993243243243243 0.008 0.019594594594594596
0 0.15133333333333332 0.7094594594594594 0.009 0.02027027027027027
0 0.9496666666666667 0.7844594594594595 0.01 0.020945945945945947
0 0.195 0.9236486486486486 0.011 0.01756756756756757
0 0.13566666666666666 0.23581081081081082 0.011 0.01756756756756757
0 0.39666666666666667 0.7040540540540541 0.009666666666666667 0.013513513513513514
0 0.08266666666666667 0.11351351351351352 0.012666666666666666 0.02837837837837838
0 0.7286666666666667 0.44797297297297295 0.015 0.02702702702702703
0 0.10433333333333333 0.2810810810810811 0.011333333333333334 0.01418918918918919
0 0.7916666666666666 0.5716216216216217 0.014666666666666666 0.015540540540540541
0 0.7553333333333333 0.3722972972972973 0.013333333333333334 0.01418918918918919
0 0.6923333333333334 0.9439189189189189 0.012 0.019594594594594596
0 0.8236666666666667 0.6277027027027027 0.012333333333333333 0.015540540540540541
0 0.17133333333333334 0.4418918918918919 0.011333333333333334 0.015540540540540541
0 0.062 0.41216216216216217 0.009 0.018243243243243244
0 0.691 0.9168918918918919 0.013 0.014864864864864866
0 0.7936666666666666 0.2831081081081081 0.018333333333333333 0.013513513513513514
0 0.8343333333333334 0.9054054054054054 0.008333333333333333 0.015540540540540541
0 0.08733333333333333 0.18445945945945946 0.011 0.01418918918918919
0 0.4686666666666667 0.1195945945945946 0.009666666666666667 0.020945945945945947
0 0.5323333333333333 0.6128378378378379 0.008 0.0222972972972973
0 0.591 0.7236486486486486 0.016 0.01756756756756757
0 0.7466666666666667 0.5020270270270271 0.008333333333333333 0.0222972972972973
0 0.9106666666666666 0.6945945945945946 0.009333333333333334 0.015540540540540541
0 0.5256666666666666 0.9202702702702703 0.009333333333333334 0.014864864864864866
0 0.034 0.3358108108108108 0.010333333333333333 0.015540540540540541
0 0.23266666666666666 0.9871621621621621 0.012666666666666666 0.016216216216216217
0 0.23466666666666666 0.8439189189189189 0.009 0.03310810810810811
0 0.8936666666666667 0.970945945945946 0.012333333333333333 0.013513513513513514
0 0.616 0.9716216216216216 0.011333333333333334 0.0222972972972973
0 0.6116666666666667 0.46824324324324323 0.015333333333333332 0.015540540540540541
0 0.7476666666666667 0.9425675675675675 0.009333333333333334 0.019594594594594596
0 0.08233333333333333 0.45337837837837835 0.010333333333333333 0.013513513513513514
0 0.6516666666666666 0.3824324324324324 0.006 0.016891891891891893
0 0.535 0.8533783783783784 0.007 0.01891891891891892
0 0.9363333333333334 0.5993243243243244 0.007333333333333333 0.027702702702702704
0 0.14733333333333334 0.17972972972972973 0.010333333333333333 0.012837837837837839
0 0.087 0.3222972972972973 0.008666666666666666 0.01891891891891892
0 0.71 0.40202702702702703 0.010666666666666666 0.029054054054054056
0 0.7483333333333333 0.014864864864864866 0.007666666666666666 0.02972972972972973
0 0.263 0.970945945945946 0.008333333333333333 0.025
0 0.5606666666666666 0.005405405405405406 0.006 0.010135135135135136
0 0.27666666666666667 0.06351351351351352 0.014 0.014864864864864866
0 0.8976666666666666 0.8628378378378379 0.014666666666666666 0.01891891891891892
0 0.13233333333333333 0.6087837837837838 0.012 0.013513513513513514
0 0.5493333333333333 0.5155405405405405 0.007666666666666666 0.027702702702702704
0 0.8833333333333333 0.9689189189189189 0.013 0.012837837837837839
0 0.3536666666666667 0.31486486486486487 0.011666666666666667 0.01891891891891892
0 0.3016666666666667 0.5277027027027027 0.013666666666666667 0.011486486486486487
0 0.351 0.14797297297297296 0.011 0.012837837837837839
0 0.9843333333333333 0.31891891891891894 0.009333333333333334 0.02837837837837838
0 0.8796666666666667 0.8601351351351352 0.01633333333333333 0.018243243243243244
0 0.9423333333333334 0.6459459459459459 0.006333333333333333 0.020945945945945947
0 0.324 0.4554054054054054 0.01 0.015540540540540541
0 0.7503333333333333 0.6574324324324324 0.012333333333333333 0.015540540540540541
0 0.5126666666666667 0.6283783783783784 0.007333333333333333 0.013513513513513514
0 0.6253333333333333 0.9513513513513514 0.016666666666666666 0.013513513513513514
0 0.056666666666666664 0.6932432432432433 0.009 0.01891891891891892
0 0.307 0.745945945945946 0.011666666666666667 0.014864864864864866
0 0.972 0.10202702702702703 0.013666666666666667 0.016216216216216217
0 0.9393333333333334 0.9945945945945946 0.009333333333333334 0.010810810810810811
0 0.689 0.9655405405405405 0.008 0.016891891891891893
0 0.3506666666666667 0.5506756756756757 0.008 0.016891891891891893
0 0.207 0.8236486486486486 0.011333333333333334 0.018243243243243244
0 0.672 0.6412162162162162 0.007333333333333333 0.016891891891891893
0 0.8646666666666667 0.9513513513513514 0.016666666666666666 0.018243243243243244
0 0.3913333333333333 0.42905405405405406 0.011 0.019594594594594596
0 0.5396666666666666 0.5966216216216216 0.015666666666666666 0.012837837837837839
0 0.9373333333333334 0.8081081081081081 0.012 0.01418918918918919
0 0.9603333333333334 0.007432432432432433 0.007333333333333333 0.014864864864864866
0 0.16133333333333333 0.39594594594594595 0.006666666666666667 0.024324324324324326
0 0.69 0.3277027027027027 0.010666666666666666 0.02027027027027027
0 0.7013333333333334 0.7783783783783784 0.013666666666666667 0.015540540540540541
0 0.5896666666666667 0.5993243243243244 0.013666666666666667 0.018243243243243244
0 0.8186666666666667 0.5736486486486486 0.016 0.012837837837837839
0 0.16433333333333333 0.09864864864864865 0.011666666666666667 0.015540540540540541
0 0.09233333333333334 0.7918918918918919 0.007333333333333333 0.02027027027027027
0 0.9493333333333334 0.6858108108108109 0.013 0.019594594594594596
0 0.65 0.22432432432432434 0.008666666666666666 0.016891891891891893
0 0.059333333333333335 0.5851351351351352 0.010333333333333333 0.022972972972972974
0 0.8496666666666667 0.7337837837837838 0.013666666666666667 0.020945945945945947
0 0.31933333333333336 0.06959459459459459 0.009666666666666667 0.026351351351351353
0 0.5626666666666666 0.8810810810810811 0.007 0.01756756756756757
0 0.22 0.23986486486486486 0.018 0.012837837837837839
0 0.8703333333333333 0.0945945945945946 0.01 0.02027027027027027
0 0.121 0.2574324324324324 0.010666666666666666 0.01418918918918919
0 0.215 0.0445945945945946 0.015 0.00945945945945946
0 0.602 0.8243243243243243 0.01 0.016216216216216217
0 0.059 0.902027027027027 0.015 0.012837837837837839
0 0.08733333333333333 0.34054054054054056 0.015 0.013513513513513514
0 0.469 0.05202702702702703 0.007 0.019594594594594596
0 0.12333333333333334 0.08716216216216216 0.011 0.019594594594594596
0 0.932 0.879054054054054 0.009 0.02364864864864865
0 0.28 0.8567567567567568 0.009333333333333334 0.029054054054054056
0 0.101 0.45135135135135135 0.008666666666666666 0.013513513513513514
0 0.10466666666666667 0.4608108108108108 0.012333333333333333 0.013513513513513514
0 0.3243333333333333 0.1864864864864865 0.009333333333333334 0.024324324324324326
0 0.6343333333333333 0.21486486486486486 0.008333333333333333 0.01418918918918919
0 0.335 0.15675675675675677 0.012666666666666666 0.019594594594594596
0 0.393 0.11013513513513513 0.009 0.024324324324324326
0 0.3506666666666667 0.7952702702702703 0.007 0.01756756756756757
0 0.6593333333333333 0.7304054054054054 0.008666666666666666 0.016891891891891893
0 0.8346666666666667 0.9425675675675675 0.008 0.016216216216216217
0 0.8003333333333333 0.5277027027027027 0.009 0.012162162162162163
0 0.043666666666666666 0.8905405405405405 0.013333333333333334 0.010810810810810811
0 0.9956666666666667 0.7736486486486487 0.008666666666666666 0.014864864864864866
0 0.176 0.85 0.007333333333333333 0.012162162162162163
0 0.8746666666666667 0.7027027027027027 0.010333333333333333 0.013513513513513514
0 0.6393333333333333 0.28175675675675677 0.012333333333333333 0.022972972972972974
0 0.6673333333333333 0.8702702702702703 0.008666666666666666 0.030405405405405407
0 0.8176666666666667 0.3256756756756757 0.012333333333333333 0.012837837837837839
0 0.136 0.9378378378378378 0.012 0.01418918918918919
0 0.5673333333333334 0.35 0.007333333333333333 0.019594594594594596
0 0.11833333333333333 0.20810810810810812 0.017666666666666667 0.014864864864864866
0 0.19666666666666666 0.7175675675675676 0.011 0.01418918918918919
0 0.804 0.8675675675675676 0.013 0.01418918918918919
0 0.9866666666666667 0.6452702702702703 0.008666666666666666 0.02027027027027027
0 0.3486666666666667 0.04054054054054054 0.006 0.011486486486486487
0 0.6696666666666666 0.7324324324324324 0.009666666666666667 0.021621621621621623
0 0.203 0.24121621621621622 0.010666666666666666 0.02837837837837838
0 0.25166666666666665 0.1783783783783784 0.006666666666666667 0.014864864864864866
0 0.3913333333333333 0.05405405405405406 0.010333333333333333 0.02027027027027027
0 0.5113333333333333 0.1804054054054054 0.007333333333333333 0.015540540540540541
0 0.5966666666666667 0.8351351351351352 0.018333333333333333 0.010810810810810811
0 0.7343333333333333 0.8 0.012333333333333333 0.022972972972972974
0 0.048 0.07567567567567568 0.007 0.01756756756756757
0 0.346 0.33716216216216216 0.006333333333333333 0.02027027027027027
0 0.6456666666666667 0.23378378378378378 0.011666666666666667 0.018243243243243244
0 0.16533333333333333 0.27702702702702703 0.012333333333333333 0.016891891891891893
0 0.6213333333333333 0.3162162162162162 0.012 0.013513513513513514
0 0.21933333333333332 0.9851351351351352 0.013 0.013513513513513514
0 0.32566666666666666 0.4445945945945946 0.008666666666666666 0.012162162162162163
0 0.21966666666666668 0.5256756756756756 0.009666666666666667 0.029054054054054056
0 0.3323333333333333 0.09662162162162162 0.011333333333333334 0.025
0 0.36433333333333334 0.275 0.011666666666666667 0.030405405405405407
0 0.14433333333333334 0.22972972972972974 0.013 0.02364864864864865
0 0.12166666666666667 0.8141891891891891 0.008 0.031081081081081083
0 0.165 0.6662162162162162 0.006666666666666667 0.01418918918918919
0 0.062 0.32297297297297295 0.012666666666666666 0.012837837837837839
0 0.8603333333333333 0.654054054054054 0.011 0.031081081081081083
0 0.6633333333333333 0.17094594594594595 0.009333333333333334 0.01891891891891892
0 0.06366666666666666 0.7675675675675676 0.013 0.019594594594594596
0 0.2813333333333333 0.11081081081081082 0.009 0.025
0 0.5136666666666667 0.2810810810810811 0.008333333333333333 0.010810810810810811
0 0.5413333333333333 0.02027027027027027 0.006333333333333333 0.010135135135135136
0 0.993 0.16554054054054054 0.013666666666666667 0.015540540540540541
0 0.24266666666666667 0.8324324324324325 0.008 0.022972972972972974
0 0.13966666666666666 0.2864864864864865 0.007333333333333333 0.027702702702702704
0 0.108 0.31013513513513513 0.017 0.007432432432432433
0 0.8103333333333333 0.5304054054054054 0.012666666666666666 0.022972972972972974
0 0.287 0.38716216216216215 0.007 0.02837837837837838
0 0.5323333333333333 0.7033783783783784 0.006666666666666667 0.016216216216216217
0 0.2916666666666667 0.0945945945945946 0.008 0.02364864864864865
0 0.12133333333333333 0.2864864864864865 0.010333333333333333 0.014864864864864866
0 0.9606666666666667 0.09256756756756757 0.010666666666666666 0.016891891891891893
0 0.07533333333333334 0.9364864864864865 0.008 0.01891891891891892
0 0.6093333333333333 0.4081081081081081 0.009333333333333334 0.018243243243243244
0 0.36966666666666664 0.7182432432432433 0.012333333333333333 0.012837837837837839
0 0.11833333333333333 0.43243243243243246 0.006 0.026351351351351353
0 0.31666666666666665 0.45135135135135135 0.006666666666666667 0.00945945945945946
0 0.7393333333333333 0.4614864864864865 0.009333333333333334 0.031081081081081083
0 0.746 0.6675675675675675 0.012 0.011486486486486487
0 0.0026666666666666666 0.9128378378378378 0.005333333333333333 0.00945945945945946
0 0.892 0.9547297297297297 0.008 0.019594594594594596
0 0.644 0.1891891891891892 0.007333333333333333 0.01756756756756757
0 0.9186666666666666 0.7162162162162162 0.005666666666666667 0.025
0 0.9663333333333334 0.3 0.009 0.025
0 0.8256666666666667 0.7081081081081081 0.008 0.020945945945945947
0 0.3576666666666667 0.6709459459459459 0.006666666666666667 0.01756756756756757
0 0.6576666666666666 0.6378378378378379 0.008 0.01891891891891892
0 0.4483333333333333 0.7385135135135135 0.010333333333333333 0.02972972972972973
0 0.622 0.5945945945945946 0.009666666666666667 0.024324324324324326
0 0.41 0.9722972972972973 0.008333333333333333 0.012162162162162163
0 0.49033333333333334 0.6256756756756757 0.006666666666666667 0.01756756756756757
0 0.5616666666666666 0.870945945945946 0.007666666666666666 0.011486486486486487
0 0.9946666666666667 0.6310810810810811 0.010666666666666666 0.01891891891891892
0 0.5473333333333333 0.3972972972972973 0.006666666666666667 0.03175675675675676
0 0.33766666666666667 0.4527027027027027 0.007666666666666666 0.013513513513513514
0 0.851 0.30945945945945946 0.008333333333333333 0.0222972972972973
0 0.8393333333333334 0.7736486486486487 0.010666666666666666 0.02027027027027027
0 0.5203333333333333 0.37635135135135134 0.010666666666666666 0.024324324324324326
0 0.6593333333333333 0.75 0.006666666666666667 0.016891891891891893
0 0.023 0.01891891891891892 0.009333333333333334 0.02837837837837838
0 0.11333333333333333 0.08581081081081081 0.006 0.032432432432432434
0 0.119 0.08986486486486486 0.007 0.033783783783783786
0 0.059 0.21351351351351353 0.010333333333333333 0.03648648648648649
0 0.16233333333333333 0.06486486486486487 0.009333333333333334 0.0222972972972973
0 0.14466666666666667 0.29662162162162165 0.005333333333333333 0.02702702702702703
0 0.03233333333333333 0.46418918918918917 0.006 0.02702702702702703
0 0.03766666666666667 0.5168918918918919 0.006333333333333333 0.031081081081081083
0 0.08566666666666667 0.5 0.007333333333333333 0.02837837837837838
0 0.04566666666666667 0.6641891891891892 0.008333333333333333 0.02364864864864865
0 0.22966666666666666 0.6648648648648648 0.009 0.031081081081081083
0 0.33266666666666667 0.7364864864864865 0.006666666666666667 0.02702702702702703
0 0.479 0.8635135135135135 0.008 0.030405405405405407
0 0.412 0.1912162162162162 0.006 0.030405405405405407
0 0.5513333333333333 0.13716216216216215 0.007 0.03175675675675676
0 0.6696666666666666 0.1777027027027027 0.006333333333333333 0.011486486486486487
0 0.635 0.23378378378378378 0.007666666666666666 0.021621621621621623
0 0.6876666666666666 0.7932432432432432 0.007666666666666666 0.02972972972972973
0 0.739 0.9405405405405406 0.006333333333333333 0.0222972972972973
0 0.8066666666666666 0.5317567567567567 0.005666666666666667 0.020945945945945947
0 0.7723333333333333 0.297972972972973 0.013 0.012837837837837839
0 0.78 0.3054054054054054 0.010666666666666666 0.010135135135135136
0 0.745 0.32837837837837835 0.006333333333333333 0.019594594594594596
0 0.8513333333333334 0.05540540540540541 0.005333333333333333 0.029054054054054056
0 0.917 0.15202702702702703 0.010666666666666666 0.02364864864864865
0 0.925 0.17432432432432432 0.015333333333333332 0.012837837837837839
0 0.9336666666666666 0.2885135135135135 0.008333333333333333 0.020945945945945947
0 0.997 0.6425675675675676 0.005333333333333333 0.025
0 0.997 0.9148648648648648 0.006 0.02837837837837838
0 0.03833333333333333 0.8445945945945946 0.011 0.021621621621621623
0 0.043666666666666666 0.7027027027027027 0.008333333333333333 0.021621621621621623
0 0.9623333333333334 0.7040540540540541 0.011333333333333334 0.025675675675675677
0 0.746 0.7797297297297298 0.010666666666666666 0.021621621621621623
0 0.6683333333333333 0.7635135135135135 0.005666666666666667 0.02364864864864865
0 0.6106666666666667 0.4445945945945946 0.009333333333333334 0.025675675675675677