0 0.75175 0.8324444444444444 0.01075 0.01911111111111111
0 0.076 0.576 0.01025 0.01911111111111111
0 0.734 0.792 0.01475 0.014666666666666666
0 0.5545 0.35288888888888886 0.01325 0.014666666666666666
0 0.865 0.46044444444444443 0.01175 0.020888888888888887
0 0.0615 0.7937777777777778 0.01225 0.016444444444444446
0 0.457 0.056 0.014 0.016444444444444446
0 0.415 0.8417777777777777 0.01225 0.019555555555555555
0 0.54175 0.11866666666666667 0.01225 0.013777777777777778
0 0.81825 0.7986666666666666 0.00875 0.017777777777777778
0 0.99075 0.9604444444444444 0.0145 0.016
0 0.47175 0.8408888888888889 0.012 0.017333333333333333
0 0.50175 0.21688888888888888 0.01075 0.022222222222222223
0 0.44025 0.39066666666666666 0.01175 0.016444444444444446
0 0.45925 0.7364444444444445 0.0085 0.013333333333333334
0 0.7465 0.4142222222222222 0.012 0.017777777777777778
0 0.087 0.4013333333333333 0.01375 0.018222222222222223
0 0.60525 0.4537777777777778 0.01425 0.016888888888888887
0 0.42875 0.15466666666666667 0.012 0.021777777777777778
0 0.1905 0.09155555555555556 0.014 0.016
0 0.726 0.688 0.01475 0.017777777777777778
0 0.22325 0.7097777777777777 0.0165 0.014666666666666666
0 0.89675 0.4582222222222222 0.013 0.019555555555555555
0 0.47575 0.4537777777777778 0.01225 0.017333333333333333
0 0.811 0.4831111111111111 0.01225 0.019555555555555555
0 0.6905 0.2808888888888889 0.01325 0.016888888888888887
0 0.2905 0.7755555555555556 0.01125 0.017777777777777778
0 0.459 0.9546666666666667 0.013 0.01911111111111111
0 0.80075 0.66 0.01575 0.016
0 0.269 0.424 0.00875 0.014222222222222223
0 0.4 0.48355555555555557 0.0085 0.01911111111111111
0 0.3085 0.7071111111111111 0.01425 0.018222222222222223
0 0.72575 0.9928888888888889 0.0155 0.014222222222222223
0 0.35375 0.11022222222222222 0.015 0.014666666666666666
0 0.58625 0.8315555555555556 0.0155 0.014222222222222223
0 0.7775 0.28355555555555556 0.00925 0.014666666666666666
0 0.01525 0.4448888888888889 0.0115 0.015555555555555555
0 0.86325 0.08 0.01625 0.016888888888888887
0 0.99425 0.20933333333333334 0.01125 0.021777777777777778
0 0.33175 0.048 0.01125 0.015111111111111112
0 0.691 0.5555555555555556 0.01375 0.016444444444444446
0 0.36575 0.06222222222222222 0.01025 0.022222222222222223
0 0.0305 0.2288888888888889 0.008 0.021777777777777778
0 0.53525 0.5155555555555555 0.00925 0.02
0 0.08225 0.7786666666666666 0.01275 0.016888888888888887
0 0.316 0.5622222222222222 0.016 0.013777777777777778
0 0.445 0.8817777777777778 0.01 0.021777777777777778
0 0.604 0.276 0.0125 0.01911111111111111
0 0.2795 0.9066666666666666 0.01375 0.019555555555555555
0 0.4825 0.47644444444444445 0.0125 0.021333333333333333
0 0.53225 0.5435555555555556 0.01375 0.014666666666666666
0 0.782 0.7746666666666666 0.01375 0.015111111111111112
0 0.60525 0.14844444444444443 0.0075 0.024444444444444446
0 0.0305 0.09422222222222222 0.013 0.014222222222222223
0 0.38975 0.37155555555555553 0.01325 0.019555555555555555
0 0.635 0.8751111111111111 0.01725 0.014222222222222223
0 0.17225 0.7355555555555555 0.00875 0.023555555555555555
0 0.61825 0.41244444444444445 0.014 0.015555555555555555
0 0.2245 0.6826666666666666 0.0085 0.013333333333333334
0 0.316 0.6333333333333333 0.00875 0.018222222222222223
0 0.5025 0.5288888888888889 0.011 0.025777777777777778
0 0.91975 0.6048888888888889 0.01275 0.014222222222222223
0 0.791 0.09244444444444444 0.01225 0.018222222222222223
0 0.4835 0.12577777777777777 0.0125 0.016444444444444446
0 0.267 0.3631111111111111 0.00925 0.02666666666666667
0 0.1375 0.4533333333333333 0.0155 0.014222222222222223
0 0.9375 0.6653333333333333 0.0115 0.023555555555555555
0 0.856 0.1497777777777778 0.0155 0.016444444444444446
0 0.148 0.25422222222222224 0.015 0.013777777777777778
0 0.8945 0.9391111111111111 0.0095 0.022222222222222223
0 0.0765 0.17644444444444443 0.0105 0.02266666666666667
0 0.80625 0.10666666666666667 0.00975 0.02311111111111111
0 0.7745 0.37022222222222223 0.00875 0.017333333333333333
0 0.86325 0.9666666666666667 0.01475 0.020888888888888887
0 0.2215 0.812 0.01425 0.014666666666666666
0 0.51625 0.31377777777777777 0.0105 0.017333333333333333
0 0.547 0.13777777777777778 0.0135 0.016888888888888887
0 0.4655 0.21066666666666667 0.01 0.021777777777777778
0 0.54075 0.2831111111111111 0.0165 0.012888888888888889
0 0.566 0.31422222222222224 0.0095 0.02311111111111111
0 0.632 0.8164444444444444 0.01225 0.02
0 0.14125 0.7435555555555555 0.01475 0.015555555555555555
0 0.12825 0.1711111111111111 0.00875 0.02
0 0.5365 0.056 0.0095 0.021777777777777778
0 0.55525 0.956 0.01475 0.01911111111111111
0 0.42025 0.11733333333333333 0.0095 0.02
0 0.62875 0.708 0.01725 0.014222222222222223
0 0.579 0.6088888888888889 0.01425 0.01911111111111111
0 0.906 0.6906666666666667 0.01475 0.019555555555555555
0 0.9625 0.13066666666666665 0.00925 0.016444444444444446
0 0.84825 0.15777777777777777 0.009 0.023555555555555555
0 0.82325 0.12933333333333333 0.01325 0.015555555555555555
0 0.52625 0.72 0.0155 0.018222222222222223
0 0.9505 0.5382222222222223 0.009 0.017777777777777778
0 0.81 0.1671111111111111 0.0085 0.017777777777777778
0 0.24325 0.7328888888888889 0.009 0.03244444444444444
0 0.17625 0.1902222222222222 0.013 0.01911111111111111
0 0.15975 0.7728888888888888 0.01075 0.021333333333333333
0 0.45725 0.5911111111111111 0.01125 0.02666666666666667
0 0.1245 0.5826666666666667 0.01 0.015111111111111112
0 0.19325 0.39022222222222225 0.014 0.017777777777777778
0 0.885 0.35333333333333333 0.0095 0.025333333333333333
0 0.47075 0.9586666666666667 0.01075 0.019555555555555555
0 0.18825 0.5666666666666667 0.01125 0.021333333333333333
0 0.1725 0.9115555555555556 0.00975 0.022222222222222223
0 0.7675 0.6893333333333334 0.0105 0.02266666666666667
0 0.4225 0.7471111111111111 0.00825 0.017777777777777778
0 0.4285 0.8191111111111111 0.01025 0.01911111111111111
0 0.63125 0.6871111111111111 0.017 0.014666666666666666
0 0.239 0.05288888888888889 0.01075 0.021333333333333333
0 0.3315 0.5266666666666666 0.01075 0.024
0 0.445 0.8226666666666667 0.01075 0.020888888888888887
0 0.369 0.472 0.00825 0.020888888888888887
0 0.67775 0.7951111111111111 0.01 0.026222222222222223
0 0.1315 0.3168888888888889 0.01075 0.018222222222222223
0 0.25775 0.26311111111111113 0.012 0.014222222222222223
0 0.66225 0.9168888888888889 0.011 0.019555555555555555
0 0.18225 0.9591111111111111 0.008 0.02711111111111111
0 0.0235 0.31022222222222223 0.01425 0.012888888888888889
0 0.1995 0.5484444444444444 0.009 0.024888888888888887
0 0.8395 0.2911111111111111 0.0105 0.032
0 0.031 0.6617777777777778 0.008 0.017333333333333333
0 0.73525 0.9871111111111112 0.01425 0.013777777777777778
0 0.64675 0.36666666666666664 0.0075 0.03111111111111111
0 0.41775 0.07155555555555555 0.013 0.013777777777777778
0 0.20775 0.5946666666666667 0.01075 0.020888888888888887
0 0.05 0.5991111111111111 0.01025 0.012444444444444444
0 0.6815 0.7022222222222222 0.00825 0.024888888888888887
0 0.53525 0.033777777777777775 0.00925 0.021777777777777778
0 0.18025 0.3982222222222222 0.01275 0.018666666666666668
0 0.42175 0.6453333333333333 0.0135 0.015111111111111112
0 0.523 0.17733333333333334 0.008 0.025777777777777778
0 0.85075 0.7706666666666667 0.00875 0.026222222222222223
0 0.17675 0.8431111111111111 0.016 0.012
0 0.359 0.3164444444444444 0.00825 0.026222222222222223
0 0.399 0.408 0.01375 0.018222222222222223
0 0.16525 0.6853333333333333 0.01 0.021777777777777778
0 0.985 0.3884444444444444 0.009 0.027555555555555555
0 0.29575 0.8808888888888889 0.0165 0.017777777777777778
0 0.388 0.5848888888888889 0.00775 0.029333333333333333
0 0.1345 0.37466666666666665 0.00725 0.016
0 0.36925 0.26 0.0105 0.019555555555555555
0 0.761 0.34933333333333333 0.008 0.02266666666666667
0 0.3825 0.7377777777777778 0.0075 0.025777777777777778
0 0.80325 0.7684444444444445 0.01375 0.019555555555555555
0 0.70875 0.44044444444444447 0.01075 0.015111111111111112
0 0.02975 0.6848888888888889 0.0105 0.017333333333333333
0 0.11 0.36933333333333335 0.00725 0.01911111111111111
0 0.22425 0.9355555555555556 0.00875 0.021333333333333333
0 0.98575 0.9933333333333333 0.0085 0.013333333333333334
0 0.1365 0.6977777777777778 0.007 0.016
0 0.6475 0.1942222222222222 0.0115 0.013777777777777778
0 0.2655 0.7408888888888889 0.0075 0.030666666666666665
0 0.0345 0.9013333333333333 0.00875 0.02311111111111111
0 0.7525 0.2853333333333333 0.01075 0.013777777777777778
0 0.528 0.03866666666666667 0.0065 0.02266666666666667
0 0.41425 0.7364444444444445 0.01025 0.017333333333333333
0 0.95475 0.27644444444444444 0.012 0.020444444444444446
0 0.79975 0.30622222222222223 0.01075 0.015111111111111112
0 0.09925 0.1902222222222222 0.01 0.02311111111111111
0 0.148 0.3671111111111111 0.0145 0.012888888888888889
0 0.64525 0.20977777777777779 0.01225 0.02
0 0.2345 0.43377777777777776 0.011 0.02666666666666667
0 0.08025 0.124 0.01375 0.014222222222222223
0 0.25825 0.7937777777777778 0.0095 0.028
0 0.7655 0.4351111111111111 0.0095 0.025777777777777778
0 0.7125 0.96 0.0095 0.028888888888888888
0 0.84525 0.04711111111111111 0.00975 0.02711111111111111
0 0.972 0.4311111111111111 0.01425 0.018666666666666668
0 0.32775 0.13555555555555557 0.008 0.02
0 0.22925 0.8542222222222222 0.00975 0.021777777777777778
0 0.0875 0.5631111111111111 0.00775 0.02311111111111111
0 0.755 0.1991111111111111 0.012 0.020444444444444446
0 0.6085 0.43333333333333335 0.0135 0.016
0 0.62875 0.6417777777777778 0.00775 0.03111111111111111
0 0.028 0.4391111111111111 0.01675 0.016888888888888887
0 0.398 0.5493333333333333 0.0105 0.024888888888888887
0 0.4085 0.39911111111111114 0.0075 0.027555555555555555
0 0.457 0.1671111111111111 0.00625 0.029777777777777778
0 0.55725 0.1768888888888889 0.01025 0.016444444444444446
0 0.03575 0.36577777777777776 0.01025 0.022222222222222223
0 0.54875 0.010666666666666666 0.0085 0.021333333333333333
0 0.94775 0.26622222222222225 0.0075 0.015555555555555555
0 0.526 0.444 0.01075 0.016888888888888887
0 0.9385 0.9235555555555556 0.009 0.022222222222222223
0 0.9105 0.7155555555555555 0.0085 0.016888888888888887
0 0.81025 0.18622222222222223 0.0115 0.019555555555555555
0 0.68875 0.042666666666666665 0.008 0.020888888888888887
0 0.6205 0.45155555555555554 0.0095 0.019555555555555555
0 0.3575 0.756 0.01175 0.025333333333333333
0 0.48375 0.35555555555555557 0.01625 0.014222222222222223
0 0.1145 0.09688888888888889 0.00975 0.02
0 0.416 0.010666666666666666 0.01175 0.019555555555555555
0 0.58475 0.42444444444444446 0.01425 0.017333333333333333
0 0.63425 0.536 0.00925 0.025777777777777778
0 0.60275 0.2866666666666667 0.0095 0.015555555555555555
0 0.97925 0.25155555555555553 0.01025 0.022222222222222223
0 0.3635 0.684 0.00725 0.017777777777777778
0 0.79125 0.31066666666666665 0.01325 0.019555555555555555
0 0.364 0.21422222222222223 0.00775 0.028
0 0.70975 0.9093333333333333 0.01275 0.017333333333333333
0 0.08575 0.16755555555555557 0.0095 0.021333333333333333
0 0.4735 0.6386666666666667 0.0095 0.020888888888888887
0 0.0475 0.38222222222222224 0.0105 0.022222222222222223
0 0.296 0.7031111111111111 0.00925 0.020444444444444446
0 0.95425 0.2568888888888889 0.00725 0.020888888888888887
0 0.379 0.468 0.00675 0.021333333333333333
0 0.137 0.6377777777777778 0.00625 0.024888888888888887
0 0.8835 0.7662222222222222 0.0085 0.014666666666666666
0 0.12625 0.04622222222222222 0.007 0.01911111111111111
0 0.5965 0.8413333333333334 0.015 0.016444444444444446
0 0.8115 0.9791111111111112 0.00925 0.02311111111111111
0 0.38375 0.7653333333333333 0.00925 0.024
0 0.569 0.76 0.0075 0.021777777777777778
0 0.75825 0.29688888888888887 0.0135 0.016888888888888887
0 0.101 0.136 0.0085 0.024888888888888887
0 0.501 0.42088888888888887 0.0095 0.028444444444444446
0 0.83925 0.16533333333333333 0.007 0.033777777777777775
0 0.54875 0.1831111111111111 0.012 0.017333333333333333
0 0.91775 0.7488888888888889 0.00775 0.028444444444444446
0 0.56125 0.20355555555555555 0.007 0.019555555555555555
0 0.4945 0.5071111111111111 0.01 0.019555555555555555
0 0.30925 0.5386666666666666 0.0075 0.028
0 0.58875 0.4102222222222222 0.01075 0.016
0 0.8195 0.6617777777777778 0.00825 0.020444444444444446
0 0.18625 0.7831111111111111 0.0095 0.022222222222222223
0 0.5645 0.6555555555555556 0.00825 0.030666666666666665
0 0.0555 0.5226666666666666 0.006 0.026222222222222223
0 0.58325 0.8093333333333333 0.009 0.024888888888888887
0 0.09875 0.42044444444444445 0.0095 0.029777777777777778
0 0.653 0.7337777777777778 0.008 0.028444444444444446
0 0.74975 0.5595555555555556 0.01 0.016444444444444446
0 0.404 0.027555555555555555 0.0075 0.02266666666666667
0 0.664 0.1448888888888889 0.00775 0.027555555555555555
0 0.289 0.7573333333333333 0.008 0.014222222222222223
0 0.82375 0.9586666666666667 0.00875 0.028888888888888888
0 0.02975 0.01911111111111111 0.00725 0.017333333333333333
0 0.89825 0.07733333333333334 0.007 0.025333333333333333
0 0.916 0.5217777777777778 0.01 0.02666666666666667
0 0.559 0.5062222222222222 0.0075 0.026222222222222223
0 0.70175 0.9111111111111111 0.012 0.01911111111111111
0 0.68275 0.04044444444444444 0.01075 0.030222222222222223
0 0.7835 0.2728888888888889 0.01 0.022222222222222223
0 0.045 0.6035555555555555 0.0075 0.023555555555555555
0 0.28325 0.7506666666666667 0.008 0.029333333333333333
0 0.004 0.9608888888888889 0.008 0.016444444444444446
0 0.707 0.4235555555555556 0.0085 0.013333333333333334
0 0.98375 0.5346666666666666 0.009 0.024888888888888887
0 0.2185 0.932 0.012 0.012888888888888889
0 0.31275 0.04666666666666667 0.011 0.025333333333333333
0 0.96825 0.7857777777777778 0.00875 0.03155555555555556
0 0.45 0.007555555555555556 0.0095 0.015111111111111112
0 0.271 0.1991111111111111 0.009 0.02666666666666667
0 0.42425 0.010666666666666666 0.00475 0.021333333333333333
0 0.4445 0.06088888888888889 0.00575 0.030222222222222223
0 0.32375 0.18622222222222223 0.005 0.025333333333333333
0 0.217 0.10622222222222222 0.0075 0.028444444444444446
0 0.19625 0.03244444444444444 0.00775 0.028444444444444446
0 0.15425 0.08933333333333333 0.00675 0.026222222222222223
0 0.1605 0.08577777777777777 0.00675 0.022222222222222223
0 0.1815 0.09777777777777778 0.009 0.018222222222222223
0 0.25075 0.3088888888888889 0.00575 0.024
0 0.26475 0.2693333333333333 0.016 0.012888888888888889
0 0.22175 0.25422222222222224 0.009 0.021333333333333333
0 0.02025 0.13955555555555554 0.0095 0.024
0 0.01225 0.18755555555555556 0.01125 0.018222222222222223
0 0.005 0.09333333333333334 0.00975 0.012888888888888889
0 0.232 0.5675555555555556 0.00625 0.030222222222222223
0 0.3405 0.5102222222222222 0.00975 0.024
0 0.3675 0.5911111111111111 0.0075 0.02711111111111111
0 0.45175 0.4484444444444444 0.0125 0.025333333333333333
0 0.49475 0.6 0.0085 0.012888888888888889
0 0.38375 0.6088888888888889 0.007 0.025333333333333333
0 0.3765 0.6124444444444445 0.00675 0.02
0 0.325 0.6417777777777778 0.00575 0.024
0 0.16 0.5564444444444444 0.0075 0.020444444444444446
0 0.00375 0.58 0.0075 0.017333333333333333
0 0.015 0.37555555555555553 0.00575 0.024
0 0.09975 0.7453333333333333 0.0075 0.035555555555555556
0 0.05225 0.7897777777777778 0.011 0.02
0 0.04275 0.9475555555555556 0.00825 0.029333333333333333
0 0.18625 0.896 0.00575 0.027555555555555555
0 0.19525 0.9004444444444445 0.005 0.016
0 0.202 0.892 0.007 0.026222222222222223
0 0.2115 0.892 0.00675 0.026222222222222223
0 0.394 0.9057777777777778 0.005 0.030222222222222223
0 0.4 0.9048888888888889 0.0075 0.024
0 0.40525 0.9831111111111112 0.0085 0.029333333333333333
0 0.47425 0.7017777777777777 0.0075 0.021333333333333333
0 0.5135 0.17644444444444443 0.007 0.027555555555555555
0 0.76425 0.06888888888888889 0.00775 0.03333333333333333
0 0.996 0.03244444444444444 0.007 0.022222222222222223
0 0.9975 0.011555555555555555 0.00475 0.02
0 0.60925 0.47333333333333333 0.0055 0.024444444444444446
0 0.6535 0.3884444444444444 0.01175 0.012
0 0.6645 0.39866666666666667 0.00725 0.024444444444444446
0 0.65575 0.4 0.00875 0.010666666666666666
0 0.64625 0.4008888888888889 0.008 0.013777777777777778
0 0.714 0.42977777777777776 0.00725 0.014666666666666666
0 0.6175 0.4444444444444444 0.014 0.013777777777777778
0 0.70375 0.5257777777777778 0.0085 0.02666666666666667
0 0.71525 0.5355555555555556 0.0085 0.024444444444444446
0 0.74325 0.5497777777777778 0.01275 0.012888888888888889
0 0.76075 0.5737777777777778 0.00725 0.023555555555555555
0 0.75325 0.5888888888888889 0.0055 0.02266666666666667
0 0.7435 0.5884444444444444 0.00725 0.025333333333333333
0 0.51725 0.5626666666666666 0.006 0.030222222222222223
0 0.5185 0.45466666666666666 0.0055 0.021333333333333333
0 0.60975 0.6204444444444445 0.00725 0.03333333333333333
0 0.61775 0.6315555555555555 0.00675 0.03155555555555556
0 0.5755 0.7373333333333333 0.008 0.030222222222222223
0 0.9685 0.7062222222222222 0.008 0.024444444444444446
0 0.9635 0.7208888888888889 0.00875 0.02266666666666667
0 0.97875 0.8031111111111111 0.01575 0.016444444444444446
0 0.9515 0.6204444444444445 0.0075 0.023555555555555555
0 0.71175 0.9884444444444445 0.0085 0.02266666666666667
0 0.564 0.9804444444444445 0.00675 0.029333333333333333
0 0.76525 0.9222222222222223 0.00725 0.023555555555555555
0 0.837 0.7697777777777778 0.00725 0.027555555555555555
0 0.86675 0.7653333333333333 0.0105 0.021777777777777778
0 0.9105 0.8084444444444444 0.0105 0.02666666666666667
0 0.9745 0.9448888888888889 0.0085 0.02666666666666667
0 0.807 0.8413333333333334 0.008 0.03111111111111111
0 0.65425 0.92 0.00675 0.019555555555555555
0 0.65625 0.9048888888888889 0.01 0.011555555555555555
0 0.7425 0.5306666666666666 0.01375 0.015555555555555555
0 0.4885 0.30933333333333335 0.00825 0.036444444444444446
0 0.6325 0.39066666666666666 0.01475 0.020888888888888887
0 0.1795 0.412 0.00825 0.022222222222222223
0 0.13825 0.38533333333333336 0.00775 0.024444444444444446
0 0.1295 0.45111111111111113 0.00725 0.02711111111111111
0 0.125 0.08533333333333333 0.01075 0.016
0 0.7745 0.3448888888888889 0.0065 0.025333333333333333
0 0.7625 0.3751111111111111 0.0075 0.026222222222222223
0 0.928 0.33155555555555555 0.00675 0.027555555555555555
0 0.75425 0.5244444444444445 0.00725 0.024