0 0.5875 0.6462222222222223 0.013 0.022222222222222223
0 0.556 0.8684444444444445 0.0055 0.024888888888888887
0 0.843 0.4862222222222222 0.0065 0.01911111111111111
0 0.838 0.4711111111111111 0.008 0.016444444444444446
0 0.55125 0.8551111111111112 0.01225 0.014222222222222223
0 0.561 0.8173333333333334 0.01025 0.013777777777777778
0 0.597 0.8137777777777778 0.00825 0.02266666666666667
0 0.162 0.3933333333333333 0.0085 0.025333333333333333
0 0.187 0.3791111111111111 0.00725 0.022222222222222223
0 0.185 0.36133333333333334 0.0065 0.02311111111111111
0 0.15175 0.3888888888888889 0.0105 0.013333333333333334
0 0.18825 0.42533333333333334 0.0085 0.017777777777777778
0 0.242 0.5053333333333333 0.00725 0.01911111111111111
0 0.27 0.5022222222222222 0.011 0.014222222222222223
0 0.27025 0.48 0.0095 0.009777777777777778
0 0.36675 0.43244444444444446 0.014 0.013333333333333334
0 0.41 0.37422222222222223 0.0105 0.020888888888888887
0 0.41625 0.45866666666666667 0.00875 0.022222222222222223
0 0.387 0.6173333333333333 0.0125 0.015111111111111112
0 0.38225 0.6128888888888889 0.00625 0.024888888888888887
0 0.4115 0.6066666666666667 0.006 0.02311111111111111
0 0.43475 0.6093333333333333 0.008 0.024
0 0.13725 0.5253333333333333 0.01025 0.012444444444444444
0 0.307 0.5057777777777778 0.00975 0.017777777777777778
0 0.3045 0.476 0.00925 0.014222222222222223
0 0.23825 0.6515555555555556 0.007 0.024
0 0.476 0.556 0.008 0.020888888888888887
0 0.492 0.6337777777777778 0.01175 0.017777777777777778
0 0.45575 0.6404444444444445 0.0115 0.012444444444444444
0 0.36175 0.6017777777777777 0.008 0.025777777777777778
0 0.2965 0.7604444444444445 0.011 0.016444444444444446
0 0.32375 0.7657777777777778 0.006 0.027555555555555555
0 0.23075 0.7915555555555556 0.01175 0.010666666666666666
0 0.23325 0.8022222222222222 0.005 0.019555555555555555
0 0.336 0.9231111111111111 0.012 0.021333333333333333
0 0.35 0.896 0.00925 0.022222222222222223
0 0.365 0.8995555555555556 0.009 0.016444444444444446
0 0.37825 0.8991111111111111 0.01 0.028888888888888888
0 0.38225 0.8675555555555555 0.0125 0.017333333333333333
0 0.3255 0.9204444444444444 0.009 0.018666666666666668
0 0.2585 0.9915555555555555 0.00875 0.016444444444444446
0 0.3825 0.7693333333333333 0.00825 0.021777777777777778
0 0.36425 0.9768888888888889 0.0085 0.023555555555555555
0 0.3915 0.9937777777777778 0.011 0.012444444444444444
0 0.5515 0.9884444444444445 0.00575 0.02311111111111111
0 0.58225 0.9684444444444444 0.011 0.016
0 0.6415 0.8844444444444445 0.01025 0.017777777777777778
0 0.533 0.7795555555555556 0.01025 0.011555555555555555
0 0.5705 0.5906666666666667 0.0105 0.021333333333333333
0 0.419 0.972 0.00625 0.021333333333333333
0 0.659 0.5751111111111111 0.0105 0.016888888888888887
0 0.666 0.6724444444444444 0.01 0.02
0 0.47775 0.732 0.00575 0.024
0 0.58975 0.49955555555555553 0.00775 0.019555555555555555
0 0.15125 0.864 0.01425 0.011111111111111112
0 0.14725 0.8213333333333334 0.00525 0.016888888888888887
0 0.1515 0.8302222222222222 0.00375 0.014222222222222223
0 0.15425 0.8177777777777778 0.00575 0.02311111111111111
0 0.385 0.12844444444444444 0.00575 0.02666666666666667
0 0.44925 0.2782222222222222 0.01525 0.009777777777777778
0 0.44975 0.2688888888888889 0.0105 0.013333333333333334
0 0.461 0.268 0.00575 0.028444444444444446
0 0.84 0.4791111111111111 0.0125 0.033777777777777775
0 0.43975 0.6577777777777778 0.00975 0.02311111111111111
0 0.746 0.6235555555555555 0.00975 0.022222222222222223
0 0.76325 0.9902222222222222 0.0085 0.019555555555555555
0 0.72 0.8782222222222222 0.0095 0.015555555555555555
0 0.6785 0.6711111111111111 0.01225 0.013333333333333334
0 0.5235 0.9164444444444444 0.00975 0.025333333333333333
0 0.69 0.5915555555555555 0.0075 0.017333333333333333
0 0.602 0.8764444444444445 0.0065 0.023555555555555555
0 0.5545 0.1902222222222222 0.00775 0.028444444444444446
0 0.58525 0.13866666666666666 0.01325 0.021333333333333333
0 0.71375 0.8195555555555556 0.0065 0.024888888888888887
0 0.73775 0.7893333333333333 0.0095 0.02666666666666667
0 0.92575 0.672 0.01175 0.012444444444444444
0 0.2225 0.5408888888888889 0.0125 0.014222222222222223
0 0.50675 0.5031111111111111 0.0115 0.015555555555555555
0 0.851 0.6195555555555555 0.01075 0.02266666666666667
0 0.7965 0.5702222222222222 0.00775 0.029333333333333333
0 0.5425 0.22266666666666668 0.00725 0.024444444444444446
0 0.546 0.1902222222222222 0.00875 0.02311111111111111
0 0.5775 0.19333333333333333 0.01125 0.021333333333333333
0 0.2065 0.6284444444444445 0.009 0.015111111111111112
0 0.72675 0.9764444444444444 0.006 0.027555555555555555
0 0.842 0.20177777777777778 0.0095 0.02311111111111111
0 0.93725 0.796 0.0065 0.020888888888888887
0 0.752 0.4831111111111111 0.0075 0.034666666666666665
0 0.69425 0.484 0.01425 0.014222222222222223
0 0.9955 0.4608888888888889 0.00875 0.015111111111111112
0 0.07 0.6271111111111111 0.00825 0.01911111111111111
0 0.76025 0.1471111111111111 0.01025 0.014666666666666666
0 0.24525 0.9111111111111111 0.00425 0.020888888888888887
0 0.26125 0.8831111111111111 0.00725 0.02666666666666667
0 0.87925 0.5471111111111111 0.0125 0.020444444444444446
0 0.77325 0.04 0.0125 0.016
0 0.7405 0.22355555555555556 0.0055 0.018666666666666668
0 0.7245 0.21333333333333335 0.00625 0.02266666666666667
0 0.745 0.19644444444444445 0.012 0.023555555555555555
0 0.16275 0.9297777777777778 0.00975 0.02266666666666667
0 0.0605 0.9475555555555556 0.01 0.026222222222222223
0 0.88925 0.5062222222222222 0.0065 0.028888888888888888
0 0.9395 0.03688888888888889 0.00975 0.021777777777777778
0 0.9165 0.5915555555555555 0.0145 0.012888888888888889
0 0.8965 0.9822222222222222 0.00625 0.028
0 0.2555 0.3128888888888889 0.0055 0.018666666666666668
0 0.26975 0.31466666666666665 0.00625 0.027555555555555555
0 0.094 0.2897777777777778 0.0075 0.02666666666666667
0 0.19875 0.11066666666666666 0.0085 0.025777777777777778
0 0.2005 0.052 0.01325 0.016444444444444446
0 0.36175 0.10088888888888889 0.0115 0.016
0 0.0735 0.8324444444444444 0.007 0.025333333333333333
0 0.091 0.8355555555555556 0.00525 0.017333333333333333
0 0.11975 0.8502222222222222 0.005 0.022222222222222223
0 0.10975 0.8346666666666667 0.00825 0.010666666666666666
0 0.12475 0.8555555555555555 0.00375 0.017333333333333333
0 0.001 0.009333333333333334 0.002 0.018222222222222223
0 0.0935 0.21022222222222223 0.005 0.024888888888888887
0 0.129 0.10533333333333333 0.0055 0.024
0 0.149 0.18977777777777777 0.01025 0.013777777777777778
0 0.131 0.2564444444444444 0.005 0.01911111111111111
0 0.25075 0.04888888888888889 0.013 0.012888888888888889
0 0.20875 0.024444444444444446 0.00625 0.024
0 0.15475 0.2742222222222222 0.0055 0.026222222222222223
0 0.15775 0.23866666666666667 0.00825 0.014222222222222223
0 0.25625 0.09644444444444444 0.00975 0.015111111111111112
0 0.00375 0.264 0.00475 0.016444444444444446
0 0.0055 0.36844444444444446 0.00575 0.024444444444444446
0 0.0095 0.6666666666666666 0.01225 0.013777777777777778
0 0.18175 0.9946666666666667 0.007 0.010666666666666666
0 0.188 0.9951111111111111 0.007 0.009777777777777778
0 0.1485 0.5204444444444445 0.00775 0.011555555555555555
0 0.1795 0.26711111111111113 0.009 0.019555555555555555
0 0.304 0.17644444444444443 0.00475 0.016
0 0.30625 0.14755555555555555 0.0055 0.02
0 0.30075 0.22355555555555556 0.0065 0.024
0 0.38625 0.08444444444444445 0.00975 0.013333333333333334
0 0.39 0.20666666666666667 0.00725 0.02
0 0.3655 0.28044444444444444 0.01575 0.012444444444444444
0 0.41425 0.26222222222222225 0.00625 0.023555555555555555
0 0.45025 0.10888888888888888 0.007 0.019555555555555555
0 0.4985 0.2768888888888889 0.01475 0.011555555555555555
0 0.5105 0.2733333333333333 0.0105 0.009777777777777778
0 0.51575 0.28044444444444444 0.01075 0.012
0 0.52525 0.2751111111111111 0.00575 0.020444444444444446
0 0.554 0.04888888888888889 0.0075 0.02266666666666667
0 0.6605 0.14444444444444443 0.01175 0.011111111111111112
0 0.596 0.19155555555555556 0.00875 0.020444444444444446
0 0.608 0.18711111111111112 0.00775 0.017777777777777778
0 0.61725 0.25022222222222223 0.0065 0.024444444444444446
0 0.546 0.3293333333333333 0.00975 0.014222222222222223
0 0.5255 0.08711111111111111 0.00675 0.013333333333333334
0 0.56275 0.0022222222222222222 0.00575 0.004
0 0.6595 0.02266666666666667 0.00725 0.02
0 0.536 0.24755555555555556 0.01075 0.012
0 0.67675 0.35244444444444445 0.00625 0.024888888888888887
0 0.66425 0.4488888888888889 0.008 0.023555555555555555
0 0.67025 0.4097777777777778 0.0105 0.009777777777777778
0 0.462 0.3937777777777778 0.00575 0.02
0 0.448 0.4311111111111111 0.0055 0.018666666666666668
0 0.656 0.4955555555555556 0.00975 0.013777777777777778
0 0.60375 0.36444444444444446 0.01375 0.014222222222222223
0 0.53525 0.38711111111111113 0.00675 0.020444444444444446
0 0.57875 0.5857777777777777 0.006 0.011111111111111112
0 0.51375 0.7293333333333333 0.013 0.010222222222222223
0 0.5145 0.7213333333333334 0.012 0.013333333333333334
0 0.52825 0.8226666666666667 0.0075 0.019555555555555555
0 0.4825 0.7493333333333333 0.0075 0.019555555555555555
0 0.649 0.8248888888888889 0.0045 0.019555555555555555
0 0.62775 0.944 0.0075 0.012
0 0.29525 0.9164444444444444 0.00925 0.013333333333333334
0 0.351 0.7666666666666667 0.00975 0.016444444444444446
0 0.2395 0.92 0.0115 0.015555555555555555
0 0.1545 0.7777777777777778 0.012 0.012
0 0.1175 0.768 0.0095 0.010222222222222223
0 0.14475 0.9871111111111112 0.00525 0.017777777777777778
0 0.12925 0.8497777777777777 0.0055 0.011111111111111112
0 0.32425 0.6688888888888889 0.0065 0.016888888888888887
0 0.19375 0.22 0.011 0.013777777777777778
0 0.39675 0.3293333333333333 0.009 0.019555555555555555
0 0.7125 0.26266666666666666 0.0085 0.025333333333333333
0 0.54975 0.10177777777777777 0.00875 0.021333333333333333
0 0.517 0.060444444444444446 0.0075 0.02
0 0.478 0.07422222222222222 0.008 0.012888888888888889
0 0.60175 0.004888888888888889 0.01175 0.009777777777777778
0 0.89025 0.22844444444444445 0.0095 0.015111111111111112
0 0.91225 0.20133333333333334 0.009 0.016
0 0.91675 0.1768888888888889 0.00675 0.020444444444444446
0 0.91875 0.152 0.0095 0.017777777777777778
0 0.9315 0.016444444444444446 0.01275 0.012444444444444444
0 0.87225 0.21022222222222223 0.0075 0.02
0 0.85 0.2862222222222222 0.0085 0.014666666666666666
0 0.86075 0.25333333333333335 0.0115 0.012888888888888889
0 0.8865 0.2693333333333333 0.008 0.014222222222222223
0 0.95175 0.3751111111111111 0.012 0.014666666666666666
0 0.936 0.43022222222222223 0.00775 0.014666666666666666
0 0.926 0.48133333333333334 0.01025 0.015555555555555555
0 0.913 0.5413333333333333 0.008 0.013777777777777778
0 0.93875 0.5062222222222222 0.0095 0.022222222222222223
0 0.6905 0.20755555555555555 0.014 0.014222222222222223
0 0.825 0.296 0.0075 0.013777777777777778
0 0.8295 0.3022222222222222 0.0075 0.011555555555555555
0 0.833 0.308 0.00725 0.013777777777777778
0 0.83925 0.3075555555555556 0.00525 0.024
0 0.82525 0.27955555555555556 0.0085 0.010666666666666666
0 0.77825 0.3711111111111111 0.006 0.015111111111111112
0 0.78375 0.3488888888888889 0.00675 0.032
0 0.79625 0.3591111111111111 0.007 0.020444444444444446
0 0.75875 0.36088888888888887 0.01025 0.020888888888888887
0 0.77875 0.3342222222222222 0.008 0.014222222222222223
0 0.83425 0.028444444444444446 0.00975 0.02311111111111111
0 0.831 0.0071111111111111115 0.0085 0.014222222222222223
0 0.70175 0.0057777777777777775 0.01075 0.009777777777777778
0 0.7115 0.010666666666666666 0.006 0.021333333333333333
0 0.76775 0.30933333333333335 0.0055 0.019555555555555555
0 0.74425 0.2991111111111111 0.0065 0.020888888888888887
0 0.84875 0.42844444444444446 0.0055 0.019555555555555555
0 0.79725 0.6617777777777778 0.0135 0.017777777777777778
0 0.731 0.74 0.0135 0.013777777777777778
0 0.726 0.7204444444444444 0.0055 0.025333333333333333
0 0.74325 0.7248888888888889 0.00925 0.013333333333333334
0 0.95525 0.5524444444444444 0.00975 0.015111111111111112
0 0.94975 0.48577777777777775 0.006 0.020888888888888887
0 0.95525 0.5177777777777778 0.00875 0.020444444444444446
0 0.812 0.7395555555555555 0.0115 0.014666666666666666
0 0.93725 0.7453333333333333 0.00625 0.02666666666666667
0 0.97625 0.8133333333333334 0.008 0.015111111111111112
0 0.99475 0.7564444444444445 0.00525 0.022222222222222223
0 0.8995 0.1711111111111111 0.011 0.009777777777777778
0 0.9275 0.604 0.0055 0.018666666666666668
0 0.86325 0.7257777777777777 0.0125 0.013777777777777778
0 0.9075 0.8262222222222222 0.00775 0.016444444444444446
0 0.91825 0.8355555555555556 0.00775 0.023555555555555555
0 0.908 0.9693333333333334 0.00575 0.018666666666666668
0 0.92275 0.9577777777777777 0.01025 0.017777777777777778
0 0.86375 0.08533333333333333 0.007 0.01911111111111111
0 0.75275 0.232 0.00625 0.01911111111111111
0 0.755 0.8195555555555556 0.00575 0.017777777777777778