0 0.276 0.008108108108108109 0.010666666666666666 0.015540540540540541
0 0.07666666666666666 0.8851351351351351 0.012333333333333333 0.01756756756756757
0 0.578 0.21891891891891893 0.015333333333333332 0.019594594594594596
0 0.912 0.15743243243243243 0.010666666666666666 0.018243243243243244
0 0.453 0.007432432432432433 0.013 0.014864864864864866
0 0.8336666666666667 0.37094594594594593 0.014 0.018243243243243244
0 0.13866666666666666 0.11554054054054054 0.013666666666666667 0.019594594594594596
0 0.3923333333333333 0.04256756756756757 0.013666666666666667 0.019594594594594596
0 0.30633333333333335 0.24256756756756756 0.014333333333333333 0.01891891891891892
0 0.019 0.5121621621621621 0.013666666666666667 0.016891891891891893
0 0.291 0.3236486486486487 0.013666666666666667 0.020945945945945947
0 0.265 0.13445945945945945 0.012666666666666666 0.02364864864864865
0 0.058333333333333334 0.007432432432432433 0.011333333333333334 0.014864864864864866
0 0.41 0.852027027027027 0.014666666666666666 0.02027027027027027
0 0.04033333333333333 0.39594594594594595 0.015333333333333332 0.02027027027027027
0 0.6396666666666667 0.49932432432432433 0.014 0.018243243243243244
0 0.050666666666666665 0.8837837837837837 0.009 0.02702702702702703
0 0.21966666666666668 0.4581081081081081 0.015 0.021621621621621623
0 0.2956666666666667 0.13986486486486485 0.013 0.018243243243243244
0 0.7573333333333333 0.3695945945945946 0.014 0.024324324324324326
0 0.586 0.0777027027027027 0.01633333333333333 0.018243243243243244
0 0.3933333333333333 0.7304054054054054 0.017 0.01756756756756757
0 0.6053333333333333 0.008783783783783784 0.008666666666666666 0.01756756756756757
0 0.7476666666666667 0.2635135135135135 0.01 0.021621621621621623
0 0.41433333333333333 0.3972972972972973 0.017333333333333333 0.016891891891891893
0 0.238 0.07972972972972973 0.013 0.021621621621621623
0 0.9816666666666667 0.8695945945945946 0.014666666666666666 0.01891891891891892
0 0.12466666666666666 0.09256756756756757 0.011 0.021621621621621623
0 0.20466666666666666 0.4391891891891892 0.015666666666666666 0.02027027027027027
0 0.35433333333333333 0.43175675675675673 0.011666666666666667 0.016891891891891893
0 0.9286666666666666 0.7945945945945946 0.016 0.016891891891891893
0 0.796 0.030405405405405407 0.015 0.02027027027027027
0 0.48633333333333334 0.12972972972972974 0.017666666666666667 0.019594594594594596
0 0.628 0.9898648648648649 0.013333333333333334 0.02027027027027027
0 0.25066666666666665 0.09662162162162162 0.017333333333333333 0.016891891891891893
0 0.8296666666666667 0.9439189189189189 0.017 0.022972972972972974
0 0.13433333333333333 0.7243243243243244 0.014666666666666666 0.020945945945945947
0 0.7076666666666667 0.6581081081081082 0.019 0.018243243243243244
0 0.4746666666666667 0.49527027027027026 0.013666666666666667 0.02027027027027027
0 0.647 0.822972972972973 0.013333333333333334 0.020945945945945947
0 0.17766666666666667 0.22567567567567567 0.017666666666666667 0.016216216216216217
0 0.392 0.008783783783783784 0.011666666666666667 0.01756756756756757
0 0.36633333333333334 0.42905405405405406 0.015666666666666666 0.018243243243243244
0 0.4076666666666667 0.4263513513513513 0.014666666666666666 0.01891891891891892
0 0.15233333333333332 0.41486486486486485 0.014 0.015540540540540541
0 0.48033333333333333 0.21554054054054053 0.011333333333333334 0.021621621621621623
0 0.3263333333333333 0.4560810810810811 0.012333333333333333 0.01891891891891892
0 0.7416666666666667 0.8114864864864865 0.014666666666666666 0.0222972972972973
0 0.5856666666666667 0.7256756756756757 0.010666666666666666 0.016891891891891893
0 0.03266666666666666 0.2682432432432432 0.011666666666666667 0.022972972972972974
0 0.266 0.9459459459459459 0.015333333333333332 0.019594594594594596
0 0.692 0.25675675675675674 0.013666666666666667 0.019594594594594596
0 0.9206666666666666 0.15202702702702703 0.012666666666666666 0.014864864864864866
0 0.4166666666666667 0.10202702702702703 0.01 0.02364864864864865
0 0.5426666666666666 0.8378378378378378 0.015333333333333332 0.01891891891891892
0 0.962 0.35202702702702704 0.013333333333333334 0.0222972972972973
0 0.9193333333333333 0.6175675675675676 0.013333333333333334 0.025
0 0.207 0.06689189189189189 0.008 0.021621621621621623
0 0.9786666666666667 0.4648648648648649 0.013333333333333334 0.01891891891891892
0 0.027333333333333334 0.977027027027027 0.014333333333333333 0.016891891891891893
0 0.35033333333333333 0.10608108108108108 0.010666666666666666 0.0222972972972973
0 0.822 0.6581081081081082 0.017666666666666667 0.016891891891891893
0 0.51 0.5851351351351352 0.015 0.016216216216216217
0 0.7136666666666667 0.43108108108108106 0.013333333333333334 0.025
0 0.3546666666666667 0.8885135135135135 0.011666666666666667 0.025
0 0.39466666666666667 0.5506756756756757 0.012333333333333333 0.01891891891891892
0 0.8996666666666666 0.4506756756756757 0.016666666666666666 0.018243243243243244
0 0.2896666666666667 0.7959459459459459 0.015 0.02364864864864865
0 0.31833333333333336 0.9459459459459459 0.012 0.01756756756756757
0 0.304 0.4743243243243243 0.01633333333333333 0.016216216216216217
0 0.2623333333333333 0.2702702702702703 0.017666666666666667 0.014864864864864866
0 0.8033333333333333 0.8344594594594594 0.017 0.019594594594594596
0 0.7823333333333333 0.9695945945945946 0.014333333333333333 0.019594594594594596
0 0.761 0.7614864864864865 0.013666666666666667 0.020945945945945947
0 0.736 0.7040540540540541 0.011333333333333334 0.021621621621621623
0 0.9226666666666666 0.922972972972973 0.018 0.01756756756756757
0 0.09133333333333334 0.4939189189189189 0.009 0.029054054054054056
0 0.845 0.3385135135135135 0.012333333333333333 0.019594594594594596
0 0.087 0.6040540540540541 0.012666666666666666 0.02027027027027027
0 0.35133333333333333 0.04527027027027027 0.010333333333333333 0.022972972972972974
0 0.675 0.4614864864864865 0.011333333333333334 0.025
0 0.76 0.7432432432432432 0.014666666666666666 0.02027027027027027
0 0.94 0.7527027027027027 0.016666666666666666 0.018243243243243244
0 0.472 0.7405405405405405 0.011333333333333334 0.0222972972972973
0 0.8466666666666667 0.06689189189189189 0.010333333333333333 0.0222972972972973
0 0.7003333333333334 0.5756756756756757 0.011333333333333334 0.021621621621621623
0 0.10333333333333333 0.3581081081081081 0.016666666666666666 0.020945945945945947
0 0.9316666666666666 0.9817567567567568 0.013 0.02027027027027027
0 0.09166666666666666 0.11013513513513513 0.010666666666666666 0.013513513513513514
0 0.261 0.25472972972972974 0.015333333333333332 0.016216216216216217
0 0.020666666666666667 0.8486486486486486 0.010666666666666666 0.025675675675675677
0 0.24433333333333335 0.8391891891891892 0.006333333333333333 0.0222972972972973
0 0.924 0.720945945945946 0.011666666666666667 0.02027027027027027
0 0.5676666666666667 0.008108108108108109 0.016666666666666666 0.015540540540540541
0 0.16266666666666665 0.6628378378378378 0.013666666666666667 0.018243243243243244
0 0.018666666666666668 0.9175675675675675 0.010333333333333333 0.019594594594594596
0 0.082 0.3222972972972973 0.011333333333333334 0.02364864864864865
0 0.32233333333333336 0.04864864864864865 0.01633333333333333 0.014864864864864866
0 0.5 0.012837837837837839 0.013666666666666667 0.022972972972972974
0 0.27 0.9878378378378379 0.015666666666666666 0.016891891891891893
0 0.9343333333333333 0.40945945945945944 0.013 0.024324324324324326
0 0.251 0.5371621621621622 0.013333333333333334 0.021621621621621623
0 0.8966666666666666 0.4114864864864865 0.015666666666666666 0.019594594594594596
0 0.25766666666666665 0.3858108108108108 0.009 0.021621621621621623
0 0.03133333333333333 0.8256756756756757 0.009333333333333334 0.024324324324324326
0 0.25533333333333336 0.652027027027027 0.010666666666666666 0.025
0 0.044 0.3324324324324324 0.011333333333333334 0.02837837837837838
0 0.948 0.2641891891891892 0.007666666666666666 0.020945945945945947
0 0.843 0.5 0.012333333333333333 0.025675675675675677
0 0.13133333333333333 0.41486486486486485 0.009 0.020945945945945947
0 0.09733333333333333 0.33175675675675675 0.014333333333333333 0.01418918918918919
0 0.659 0.529054054054054 0.013 0.018243243243243244
0 0.21066666666666667 0.3864864864864865 0.011666666666666667 0.015540540540540541
0 0.555 0.5581081081081081 0.011 0.021621621621621623
0 0.8596666666666667 0.6047297297297297 0.017333333333333333 0.019594594594594596
0 0.7036666666666667 0.1304054054054054 0.014666666666666666 0.016216216216216217
0 0.665 0.006081081081081081 0.011333333333333334 0.012162162162162163
0 0.627 0.10878378378378378 0.009666666666666667 0.020945945945945947
0 0.879 0.8655405405405405 0.01633333333333333 0.019594594594594596
0 0.9586666666666667 0.947972972972973 0.011 0.018243243243243244
0 0.9836666666666667 0.12972972972972974 0.013333333333333334 0.0222972972972973
0 0.8483333333333334 0.39864864864864863 0.017666666666666667 0.016216216216216217
0 0.43066666666666664 0.05810810810810811 0.008666666666666666 0.02972972972972973
0 0.48933333333333334 0.016891891891891893 0.007666666666666666 0.029054054054054056
0 0.49433333333333335 0.05 0.008 0.03175675675675676
0 0.16566666666666666 0.012837837837837839 0.009 0.025675675675675677
0 0.049 0.09864864864864865 0.008333333333333333 0.025675675675675677
0 0.0036666666666666666 0.06283783783783783 0.007333333333333333 0.02364864864864865
0 0.08333333333333333 0.10810810810810811 0.009333333333333334 0.01891891891891892
0 0.081 0.21554054054054053 0.006333333333333333 0.027702702702702704
0 0.092 0.2114864864864865 0.007666666666666666 0.025
0 0.08733333333333333 0.3344594594594595 0.01 0.0222972972972973
0 0.153 0.3195945945945946 0.006333333333333333 0.02837837837837838
0 0.16566666666666666 0.2304054054054054 0.008666666666666666 0.029054054054054056
0 0.24666666666666667 0.29864864864864865 0.012 0.027702702702702704
0 0.2623333333333333 0.2972972972972973 0.009666666666666667 0.025
0 0.4676666666666667 0.3216216216216216 0.011 0.027702702702702704
0 0.5106666666666667 0.2445945945945946 0.010666666666666666 0.027702702702702704
0 0.2813333333333333 0.34121621621621623 0.014 0.0222972972972973
0 0.18333333333333332 0.3837837837837838 0.008333333333333333 0.025675675675675677
0 0.207 0.40405405405405403 0.012333333333333333 0.019594594594594596
0 0.30633333333333335 0.43175675675675673 0.008 0.02702702702702703
0 0.31633333333333336 0.42364864864864865 0.009 0.02972972972972973
0 0.319 0.4006756756756757 0.015 0.015540540540540541
0 0.3606666666666667 0.39797297297297296 0.013333333333333334 0.015540540540540541
0 0.32566666666666666 0.4891891891891892 0.008333333333333333 0.025
0 0.2613333333333333 0.5006756756756757 0.007666666666666666 0.027702702702702704
0 0.4673333333333333 0.46216216216216216 0.007333333333333333 0.031081081081081083
0 0.085 0.5054054054054054 0.008666666666666666 0.02364864864864865
0 0.09133333333333334 0.5344594594594595 0.007333333333333333 0.031081081081081083
0 0.06233333333333333 0.5993243243243244 0.009333333333333334 0.02364864864864865
0 0.069 0.5945945945945946 0.008 0.022972972972972974
0 0.08 0.5972972972972973 0.008 0.025
0 0.16266666666666665 0.5621621621621622 0.008333333333333333 0.032432432432432434
0 0.2753333333333333 0.606081081081081 0.011 0.021621621621621623
0 0.2816666666666667 0.6128378378378379 0.009666666666666667 0.026351351351351353
0 0.3343333333333333 0.6087837837837838 0.013 0.01756756756756757
0 0.353 0.5864864864864865 0.008333333333333333 0.02702702702702703
0 0.37466666666666665 0.5405405405405406 0.014 0.019594594594594596
0 0.406 0.6216216216216216 0.008666666666666666 0.03310810810810811
0 0.452 0.543918918918919 0.010333333333333333 0.02972972972972973
0 0.495 0.5452702702702703 0.009666666666666667 0.029054054054054056
0 0.029333333333333333 0.7074324324324325 0.008333333333333333 0.027702702702702704
0 0.017333333333333333 0.8175675675675675 0.007333333333333333 0.025
0 0.004 0.9608108108108108 0.007333333333333333 0.03175675675675676
0 0.25133333333333335 0.8391891891891892 0.009333333333333334 0.02364864864864865
0 0.18366666666666667 0.8290540540540541 0.008 0.026351351351351353
0 0.19533333333333333 0.956081081081081 0.007666666666666666 0.02702702702702703
0 0.232 0.9222972972972973 0.01 0.025675675675675677
0 0.283 0.9614864864864865 0.014 0.01418918918918919
0 0.30866666666666664 0.9574324324324325 0.008333333333333333 0.02364864864864865
0 0.29133333333333333 0.7202702702702702 0.008666666666666666 0.025675675675675677
0 0.303 0.731081081081081 0.011333333333333334 0.02364864864864865
0 0.29433333333333334 0.7033783783783784 0.012 0.013513513513513514
0 0.395 0.8810810810810811 0.006666666666666667 0.02702702702702703
0 0.414 0.8135135135135135 0.008666666666666666 0.03175675675675676
0 0.433 0.7195945945945946 0.008666666666666666 0.02972972972972973
0 0.476 0.8858108108108108 0.01 0.025675675675675677
0 0.4706666666666667 0.8945945945945946 0.012666666666666666 0.010135135135135136
0 0.4723333333333333 0.9054054054054054 0.009666666666666667 0.011486486486486487
0 0.5093333333333333 0.9277027027027027 0.01 0.02702702702702703
0 0.4706666666666667 0.9439189189189189 0.007666666666666666 0.025675675675675677
0 0.49433333333333335 0.9662162162162162 0.01 0.015540540540540541
0 0.4706666666666667 0.9621621621621622 0.008666666666666666 0.021621621621621623
0 0.457 0.9668918918918918 0.008 0.032432432432432434
0 0.9663333333333334 0.025675675675675677 0.012 0.012837837837837839
0 0.9733333333333334 0.032432432432432434 0.009666666666666667 0.013513513513513514
0 0.9773333333333334 0.0445945945945946 0.009333333333333334 0.025
0 0.9953333333333333 0.08716216216216216 0.007333333333333333 0.032432432432432434
0 0.953 0.043243243243243246 0.009333333333333334 0.02364864864864865
0 0.9443333333333334 0.04054054054054054 0.008666666666666666 0.02702702702702703
0 0.9206666666666666 0.02364864864864865 0.014666666666666666 0.016216216216216217
0 0.8956666666666667 0.029054054054054056 0.009333333333333334 0.025675675675675677
0 0.88 0.10743243243243243 0.011 0.0222972972972973
0 0.795 0.09932432432432432 0.010333333333333333 0.025
0 0.7183333333333334 0.03445945945945946 0.006333333333333333 0.02972972972972973
0 0.6636666666666666 0.06959459459459459 0.009 0.02702702702702703
0 0.666 0.10472972972972973 0.006333333333333333 0.025
0 0.673 0.11013513513513513 0.006 0.024324324324324326
0 0.7226666666666667 0.12094594594594595 0.01 0.016216216216216217
0 0.8996666666666666 0.18783783783783783 0.007666666666666666 0.025
0 0.9886666666666667 0.1885135135135135 0.008333333333333333 0.02837837837837838
0 0.9406666666666667 0.24054054054054055 0.007666666666666666 0.025
0 0.9486666666666667 0.23378378378378378 0.009333333333333334 0.02702702702702703
0 0.9966666666666667 0.28040540540540543 0.006333333333333333 0.019594594594594596
0 0.8913333333333333 0.27635135135135136 0.009666666666666667 0.02027027027027027
0 0.923 0.3033783783783784 0.007333333333333333 0.02364864864864865
0 0.8956666666666667 0.3087837837837838 0.009333333333333334 0.030405405405405407
0 0.8486666666666667 0.23108108108108108 0.009333333333333334 0.016891891891891893
0 0.8393333333333334 0.22635135135135134 0.009333333333333334 0.032432432432432434
0 0.8463333333333334 0.3202702702702703 0.011333333333333334 0.01756756756756757
0 0.8763333333333333 0.2756756756756757 0.014333333333333333 0.018243243243243244
0 0.8803333333333333 0.2628378378378378 0.010333333333333333 0.016891891891891893
0 0.9933333333333333 0.3831081081081081 0.007666666666666666 0.02972972972972973
0 0.8166666666666667 0.3668918918918919 0.013666666666666667 0.024324324324324326
0 0.65 0.2668918918918919 0.012 0.025675675675675677
0 0.664 0.27297297297297296 0.012666666666666666 0.026351351351351353
0 0.6156666666666667 0.08783783783783784 0.008 0.03175675675675676
0 0.591 0.057432432432432436 0.009666666666666667 0.02837837837837838
0 0.5406666666666666 0.046621621621621624 0.008333333333333333 0.029054054054054056
0 0.5363333333333333 0.13243243243243244 0.007666666666666666 0.02972972972972973
0 0.5346666666666666 0.22297297297297297 0.014333333333333333 0.016216216216216217
0 0.5643333333333334 0.3689189189189189 0.011 0.027702702702702704
0 0.5886666666666667 0.4189189189189189 0.012 0.030405405405405407
0 0.5886666666666667 0.46756756756756757 0.013 0.01756756756756757
0 0.656 0.43986486486486487 0.014 0.014864864864864866
0 0.66 0.4581081081081081 0.007333333333333333 0.027702702702702704
0 0.6716666666666666 0.5547297297297298 0.007333333333333333 0.03310810810810811
0 0.6956666666666667 0.5351351351351351 0.009666666666666667 0.025675675675675677
0 0.615 0.5054054054054054 0.011333333333333334 0.016216216216216217
0 0.6066666666666667 0.5182432432432432 0.013333333333333334 0.02837837837837838
0 0.6216666666666667 0.5331081081081082 0.01 0.026351351351351353
0 0.7993333333333333 0.48445945945945945 0.008 0.032432432432432434
0 0.817 0.5054054054054054 0.01 0.02972972972972973
0 0.9196666666666666 0.5337837837837838 0.008333333333333333 0.020945945945945947
0 0.9273333333333333 0.5351351351351351 0.006666666666666667 0.027702702702702704
0 0.9383333333333334 0.5263513513513514 0.009666666666666667 0.026351351351351353
0 0.9326666666666666 0.595945945945946 0.008666666666666666 0.029054054054054056
0 0.544 0.5560810810810811 0.011 0.01891891891891892
0 0.5623333333333334 0.552027027027027 0.011333333333333334 0.024324324324324326
0 0.6383333333333333 0.6040540540540541 0.008333333333333333 0.02364864864864865
0 0.6343333333333333 0.6344594594594595 0.009666666666666667 0.02027027027027027
0 0.646 0.6391891891891892 0.005666666666666667 0.01756756756756757
0 0.5726666666666667 0.6885135135135135 0.007333333333333333 0.025675675675675677
0 0.554 0.6945945945945946 0.009 0.029054054054054056
0 0.5583333333333333 0.7682432432432432 0.008666666666666666 0.031081081081081083
0 0.521 0.8331081081081081 0.006666666666666667 0.02364864864864865
0 0.6306666666666667 0.6817567567567567 0.012666666666666666 0.014864864864864866
0 0.632 0.6972972972972973 0.008333333333333333 0.027702702702702704
0 0.641 0.7006756756756757 0.007333333333333333 0.02837837837837838
0 0.6573333333333333 0.6871621621621622 0.008 0.024324324324324326
0 0.6603333333333333 0.7135135135135136 0.006 0.03310810810810811
0 0.742 0.727027027027027 0.008666666666666666 0.024324324324324326
0 0.6986666666666667 0.7581081081081081 0.013 0.030405405405405407
0 0.734 0.6736486486486486 0.015 0.016891891891891893
0 0.7916666666666666 0.6594594594594595 0.009 0.02364864864864865
0 0.8093333333333333 0.6655405405405406 0.009333333333333334 0.03445945945945946
0 0.6403333333333333 0.7635135135135135 0.009333333333333334 0.03310810810810811
0 0.6463333333333333 0.7972972972972973 0.014333333333333333 0.016216216216216217
0 0.6346666666666667 0.8378378378378378 0.008 0.026351351351351353
0 0.646 0.8533783783783784 0.018 0.016891891891891893
0 0.8543333333333333 0.7831081081081082 0.007666666666666666 0.031081081081081083
0 0.8773333333333333 0.8087837837837838 0.011333333333333334 0.020945945945945947
0 0.9406666666666667 0.6952702702702702 0.008333333333333333 0.02364864864864865
0 0.9603333333333334 0.7168918918918918 0.008 0.030405405405405407
0 0.9343333333333333 0.7168918918918918 0.012 0.01418918918918919
0 0.927 0.6885135135135135 0.007 0.014864864864864866
0 0.9233333333333333 0.702027027027027 0.009 0.01418918918918919
0 0.937 0.8405405405405405 0.005666666666666667 0.021621621621621623
0 0.906 0.875 0.007333333333333333 0.03175675675675676
0 0.858 0.8898648648648648 0.009666666666666667 0.02702702702702703
0 0.8976666666666666 0.9668918918918918 0.012666666666666666 0.027702702702702704
0 0.8653333333333333 0.9925675675675676 0.011666666666666667 0.014864864864864866
0 0.9553333333333334 0.995945945945946 0.013333333333333334 0.008108108108108109
0 0.9796666666666667 0.9939189189189189 0.006666666666666667 0.011486486486486487
0 0.9043333333333333 0.995945945945946 0.006333333333333333 0.007432432432432433
0 0.7533333333333333 0.9081081081081082 0.009333333333333334 0.026351351351351353
0 0.711 0.9736486486486486 0.008 0.031081081081081083
0 0.5763333333333334 0.9641891891891892 0.016666666666666666 0.01756756756756757
0 0.5593333333333333 0.9695945945945946 0.007 0.02027027027027027
0 0.7866666666666666 0.09054054054054055 0.009666666666666667 0.02027027027027027
0 0.8266666666666667 0.24256756756756756 0.012333333333333333 0.020945945945945947
0 0.7423333333333333 0.31283783783783786 0.017 0.016891891891891893
0 0.3546666666666667 0.6216216216216216 0.01 0.024324324324324326
0 0.433 0.6344594594594595 0.008333333333333333 0.024324324324324326
0 0.11666666666666667 0.6662162162162162 0.011 0.02027027027027027
0 0.5283333333333333 0.7722972972972973 0.015 0.018243243243243244
0 0.517 0.597972972972973 0.011666666666666667 0.015540540540540541
0 0.5273333333333333 0.6006756756756757 0.010333333333333333 0.027702702702702704
0 0.5143333333333333 0.5486486486486486 0.009666666666666667 0.012837837837837839
0 0.5023333333333333 0.5445945945945946 0.008666666666666666 0.01756756756756757