0 0.921 0.9368888888888889 0.011 0.025777777777777778
0 0.875 0.9648888888888889 0.00925 0.028444444444444446
0 0.9455 0.9306666666666666 0.01725 0.015555555555555555
0 0.983 0.9506666666666667 0.01175 0.014666666666666666
0 0.96825 0.9195555555555556 0.00875 0.019555555555555555
0 0.9665 0.8995555555555556 0.00975 0.022222222222222223
0 0.98375 0.8902222222222222 0.0135 0.01911111111111111
0 0.9925 0.9097777777777778 0.011 0.018222222222222223
0 0.86275 0.892 0.00875 0.028
0 0.965 0.8697777777777778 0.0135 0.02311111111111111
0 0.957 0.8644444444444445 0.0125 0.015111111111111112
0 0.947 0.8382222222222222 0.01625 0.020444444444444446
0 0.95425 0.82 0.01075 0.02
0 0.9655 0.8355555555555556 0.0115 0.024444444444444446
0 0.9285 0.7964444444444444 0.012 0.022222222222222223
0 0.95825 0.7884444444444444 0.01425 0.015555555555555555
0 0.93575 0.752 0.01375 0.025777777777777778
0 0.904 0.7426666666666667 0.0125 0.02
0 0.95525 0.7431111111111111 0.00875 0.029333333333333333
0 0.98575 0.736 0.00925 0.02311111111111111
0 0.981 0.72 0.00775 0.028444444444444446
0 0.97225 0.696 0.00925 0.028888888888888888
0 0.95075 0.6768888888888889 0.00775 0.026222222222222223
0 0.943 0.6813333333333333 0.01225 0.015555555555555555
0 0.911 0.704 0.011 0.015111111111111112
0 0.8555 0.7386666666666667 0.013 0.015555555555555555
0 0.84375 0.7377777777777778 0.008 0.021777777777777778
0 0.83825 0.7791111111111111 0.01125 0.02266666666666667
0 0.8365 0.7408888888888889 0.01175 0.015111111111111112
0 0.847 0.6951111111111111 0.00975 0.016888888888888887
0 0.8535 0.6822222222222222 0.012 0.013777777777777778
0 0.83275 0.6733333333333333 0.00775 0.027555555555555555
0 0.81025 0.8035555555555556 0.01175 0.024444444444444446
0 0.8115 0.776 0.008 0.02311111111111111
0 0.819 0.7102222222222222 0.0115 0.020888888888888887
0 0.8155 0.6862222222222222 0.0125 0.015555555555555555
0 0.79925 0.9648888888888889 0.0075 0.028444444444444446
0 0.7735 0.98 0.01975 0.014666666666666666
0 0.762 0.9586666666666667 0.0145 0.017333333333333333
0 0.74775 0.9746666666666667 0.0095 0.026222222222222223
0 0.733 0.9875555555555555 0.008 0.024444444444444446
0 0.718 0.9377777777777778 0.014 0.016
0 0.7935 0.9031111111111111 0.008 0.029333333333333333
0 0.7325 0.836 0.016 0.017333333333333333
0 0.68225 0.904 0.01475 0.016
0 0.771 0.7511111111111111 0.0085 0.03111111111111111
0 0.7205 0.8008888888888889 0.01375 0.015555555555555555
0 0.6995 0.7977777777777778 0.0065 0.025777777777777778
0 0.69125 0.8173333333333334 0.013 0.012888888888888889
0 0.68025 0.7911111111111111 0.0075 0.02711111111111111
0 0.68725 0.7515555555555555 0.00675 0.02666666666666667
0 0.723 0.74 0.00975 0.021333333333333333
0 0.73025 0.7382222222222222 0.00975 0.024444444444444446
0 0.7435 0.7266666666666667 0.0105 0.012888888888888889
0 0.7605 0.7226666666666667 0.01325 0.018222222222222223
0 0.73325 0.7226666666666667 0.01075 0.018222222222222223
0 0.73775 0.7053333333333334 0.0145 0.016444444444444446
0 0.7205 0.7008888888888889 0.012 0.017333333333333333
0 0.76625 0.6791111111111111 0.01325 0.022222222222222223
0 0.79425 0.664 0.0145 0.011555555555555555
0 0.718 0.6635555555555556 0.0085 0.032
0 0.70675 0.6448888888888888 0.0135 0.012888888888888889
0 0.78525 0.6324444444444445 0.0165 0.013777777777777778
0 0.7285 0.6075555555555555 0.00925 0.021777777777777778
0 0.69525 0.624 0.011 0.013777777777777778
0 0.662 0.6533333333333333 0.01325 0.016444444444444446
0 0.629 0.7728888888888888 0.00725 0.028444444444444446
0 0.6285 0.7964444444444444 0.0125 0.013777777777777778
0 0.61325 0.7977777777777778 0.011 0.019555555555555555
0 0.61175 0.8124444444444444 0.0115 0.02311111111111111
0 0.623 0.8702222222222222 0.01275 0.013777777777777778
0 0.631 0.9017777777777778 0.01275 0.016444444444444446
0 0.63725 0.984 0.00825 0.023555555555555555
0 0.59125 0.9102222222222223 0.01775 0.013777777777777778
0 0.5995 0.8822222222222222 0.01325 0.014666666666666666
0 0.58775 0.8906666666666667 0.01025 0.013777777777777778
0 0.58675 0.8786666666666667 0.0105 0.012888888888888889
0 0.5915 0.8684444444444445 0.017 0.013333333333333334
0 0.55425 0.8942222222222223 0.00775 0.03111111111111111
0 0.57225 0.9724444444444444 0.01125 0.022222222222222223
0 0.57325 0.9942222222222222 0.01025 0.011555555555555555
0 0.55225 0.9906666666666667 0.0095 0.018222222222222223
0 0.5395 0.836 0.008 0.030666666666666665
0 0.51025 0.8515555555555555 0.0105 0.020444444444444446
0 0.50125 0.8124444444444444 0.013 0.027555555555555555
0 0.50725 0.7555555555555555 0.008 0.030222222222222223
0 0.54975 0.7173333333333334 0.00675 0.025333333333333333
0 0.51325 0.7044444444444444 0.01525 0.016
0 0.594 0.6871111111111111 0.013 0.014222222222222223
0 0.59275 0.6733333333333333 0.0105 0.017333333333333333
0 0.56625 0.6871111111111111 0.01225 0.016888888888888887
0 0.55625 0.6871111111111111 0.00675 0.024
0 0.6335 0.6724444444444444 0.0145 0.017333333333333333
0 0.59425 0.6422222222222222 0.00775 0.02666666666666667
0 0.58725 0.6404444444444445 0.0115 0.015555555555555555
0 0.55175 0.6591111111111111 0.016 0.019555555555555555
0 0.534 0.66 0.01125 0.02
0 0.5055 0.6591111111111111 0.01175 0.02311111111111111
0 0.977 0.6022222222222222 0.01175 0.016
0 0.91825 0.6488888888888888 0.00725 0.020888888888888887
0 0.91425 0.6391111111111111 0.0135 0.012444444444444444
0 0.897 0.6324444444444445 0.0105 0.023555555555555555
0 0.88475 0.6133333333333333 0.00875 0.018666666666666668
0 0.865 0.6591111111111111 0.011 0.016888888888888887
0 0.86225 0.5915555555555555 0.0135 0.015555555555555555
0 0.8785 0.5764444444444444 0.01525 0.012888888888888889
0 0.909 0.6 0.0135 0.014666666666666666
0 0.92375 0.5666666666666667 0.0075 0.026222222222222223
0 0.9755 0.5768888888888889 0.0135 0.014222222222222223
0 0.96525 0.556 0.01125 0.024888888888888887
0 0.94025 0.5564444444444444 0.0165 0.016
0 0.94475 0.5395555555555556 0.01 0.021333333333333333
0 0.99 0.5431111111111111 0.01 0.02666666666666667
0 0.987 0.488 0.01175 0.02
0 0.902 0.4862222222222222 0.00925 0.027555555555555555
0 0.91475 0.45155555555555554 0.01225 0.021777777777777778
0 0.831 0.5595555555555556 0.0065 0.022222222222222223
0 0.83425 0.5488888888888889 0.011 0.02311111111111111
0 0.8395 0.516 0.0085 0.021333333333333333
0 0.84825 0.4737777777777778 0.00725 0.025777777777777778
0 0.8195 0.4484444444444444 0.01125 0.01911111111111111
0 0.81075 0.43866666666666665 0.00875 0.025333333333333333
0 0.77275 0.5115555555555555 0.011 0.028
0 0.724 0.5586666666666666 0.01 0.025333333333333333
0 0.7575 0.4866666666666667 0.00725 0.028444444444444446
0 0.6915 0.492 0.0145 0.017777777777777778
0 0.7 0.46044444444444443 0.01375 0.015555555555555555
0 0.68375 0.4582222222222222 0.011 0.018666666666666668
0 0.67375 0.44 0.0115 0.015555555555555555
0 0.75225 0.5577777777777778 0.00975 0.015111111111111112
0 0.972 0.4097777777777778 0.0115 0.019555555555555555
0 0.9875 0.37777777777777777 0.00875 0.03422222222222222
0 0.94325 0.384 0.0135 0.017777777777777778
0 0.93325 0.3595555555555556 0.0135 0.012888888888888889
0 0.93775 0.3502222222222222 0.00775 0.023555555555555555
0 0.94275 0.3426666666666667 0.01175 0.016444444444444446
0 0.90525 0.35733333333333334 0.00725 0.024444444444444446
0 0.85325 0.528 0.0065 0.021333333333333333
0 0.84275 0.4008888888888889 0.00725 0.020444444444444446
0 0.82 0.3804444444444444 0.0085 0.022222222222222223
0 0.828 0.372 0.01525 0.012888888888888889
0 0.81825 0.36133333333333334 0.01 0.016
0 0.77775 0.38711111111111113 0.00725 0.021777777777777778
0 0.7585 0.39911111111111114 0.0105 0.016444444444444446
0 0.72425 0.4062222222222222 0.0105 0.02
0 0.68525 0.3982222222222222 0.01 0.02
0 0.687 0.3511111111111111 0.0135 0.013777777777777778
0 0.65825 0.36177777777777775 0.0085 0.017333333333333333
0 0.66025 0.4697777777777778 0.0125 0.017777777777777778
0 0.66225 0.4862222222222222 0.00925 0.021333333333333333
0 0.644 0.5786666666666667 0.01375 0.012888888888888889
0 0.64075 0.5848888888888889 0.0145 0.014222222222222223
0 0.62875 0.5795555555555556 0.00675 0.027555555555555555
0 0.62275 0.5777777777777777 0.00825 0.030666666666666665
0 0.6145 0.6053333333333333 0.0135 0.020444444444444446
0 0.57225 0.5791111111111111 0.00825 0.030222222222222223
0 0.559 0.592 0.00975 0.02666666666666667
0 0.548 0.6115555555555555 0.0095 0.028
0 0.534 0.5586666666666666 0.01 0.021777777777777778
0 0.57625 0.5453333333333333 0.01125 0.021777777777777778
0 0.5585 0.5377777777777778 0.00825 0.024444444444444446
0 0.5525 0.48355555555555557 0.00725 0.02711111111111111
0 0.60575 0.5137777777777778 0.0085 0.023555555555555555
0 0.597 0.5328888888888889 0.011 0.017777777777777778
0 0.58225 0.49422222222222223 0.0145 0.017777777777777778
0 0.62925 0.43866666666666665 0.012 0.016
0 0.586 0.44533333333333336 0.00775 0.022222222222222223
0 0.51425 0.5573333333333333 0.0135 0.009777777777777778
0 0.50325 0.5502222222222222 0.01025 0.016444444444444446
0 0.51225 0.548 0.01225 0.015111111111111112
0 0.51325 0.5048888888888889 0.00525 0.020888888888888887
0 0.494 0.4928888888888889 0.0065 0.03288888888888889
0 0.50025 0.6217777777777778 0.00825 0.018666666666666668
0 0.4925 0.6217777777777778 0.01325 0.024
0 0.62525 0.39866666666666667 0.00925 0.02711111111111111
0 0.61425 0.3502222222222222 0.01075 0.015555555555555555
0 0.5895 0.3595555555555556 0.007 0.025777777777777778
0 0.57225 0.3453333333333333 0.014 0.017333333333333333
0 0.56025 0.3191111111111111 0.015 0.015111111111111112
0 0.51225 0.37822222222222224 0.0105 0.025333333333333333
0 0.51175 0.41644444444444445 0.01225 0.02666666666666667
0 0.97675 0.31377777777777777 0.01525 0.014666666666666666
0 0.9155 0.31466666666666665 0.00975 0.02311111111111111
0 0.909 0.28 0.011 0.021777777777777778
0 0.94825 0.2608888888888889 0.0075 0.024888888888888887
0 0.9545 0.24977777777777777 0.01025 0.016
0 0.91525 0.2604444444444444 0.0145 0.015555555555555555
0 0.91625 0.23244444444444445 0.00925 0.022222222222222223
0 0.939 0.212 0.00825 0.022222222222222223
0 0.91625 0.19244444444444445 0.0125 0.016888888888888887
0 0.90975 0.17244444444444446 0.01325 0.011555555555555555
0 0.89475 0.17022222222222222 0.011 0.012
0 0.972 0.20266666666666666 0.00775 0.02266666666666667
0 0.9805 0.19955555555555557 0.0115 0.012888888888888889
0 0.986 0.19155555555555556 0.01375 0.012
0 0.9885 0.17733333333333334 0.00975 0.014222222222222223
0 0.93575 0.13155555555555556 0.0145 0.011555555555555555
0 0.90425 0.10977777777777778 0.012 0.013777777777777778
0 0.85875 0.20044444444444445 0.0095 0.021333333333333333
0 0.8595 0.23955555555555555 0.01375 0.016444444444444446
0 0.84975 0.29555555555555557 0.0125 0.016888888888888887
0 0.82275 0.2791111111111111 0.00775 0.025333333333333333
0 0.83275 0.22044444444444444 0.00925 0.022222222222222223
0 0.81975 0.2 0.01175 0.015555555555555555
0 0.79725 0.188 0.00925 0.025777777777777778
0 0.7715 0.19511111111111112 0.01175 0.015555555555555555
0 0.77325 0.216 0.012 0.013777777777777778
0 0.77675 0.3 0.0115 0.02
0 0.728 0.31733333333333336 0.01 0.016444444444444446
0 0.72275 0.28755555555555556 0.0135 0.017777777777777778
0 0.77725 0.02 0.016 0.013777777777777778
0 0.8405 0.025777777777777778 0.015 0.012444444444444444
0 0.99075 0.02311111111111111 0.0085 0.021777777777777778
0 0.69175 0.049777777777777775 0.006 0.028
0 0.68875 0.035111111111111114 0.014 0.016444444444444446
0 0.64975 0.12711111111111112 0.00925 0.028444444444444446
0 0.6265 0.09244444444444444 0.0135 0.016444444444444446
0 0.64225 0.007555555555555556 0.0085 0.014666666666666666
0 0.651 0.16666666666666666 0.01 0.014666666666666666
0 0.6265 0.16444444444444445 0.01125 0.015111111111111112
0 0.6375 0.3 0.00975 0.017777777777777778
0 0.61875 0.30044444444444446 0.00675 0.02711111111111111
0 0.6005 0.2648888888888889 0.00825 0.024888888888888887
0 0.5455 0.19066666666666668 0.008 0.02
0 0.52675 0.20755555555555555 0.00975 0.014666666666666666
0 0.5215 0.23644444444444446 0.014 0.020444444444444446
0 0.5115 0.2791111111111111 0.0125 0.016888888888888887
0 0.50775 0.25822222222222224 0.01525 0.014222222222222223
0 0.5655 0.11822222222222223 0.0135 0.015555555555555555
0 0.5855 0.016 0.017 0.013777777777777778
0 0.55975 0.043555555555555556 0.012 0.02
0 0.532 0.05688888888888889 0.013 0.017777777777777778
0 0.5405 0.017333333333333333 0.014 0.021333333333333333
0 0.69 0.25244444444444447 0.01225 0.015111111111111112
0 0.42375 0.9871111111111112 0.008 0.025333333333333333
0 0.40825 0.916 0.00875 0.028444444444444446
0 0.436 0.9084444444444445 0.01475 0.013333333333333334
0 0.379 0.9684444444444444 0.00975 0.013777777777777778
0 0.37 0.9088888888888889 0.00675 0.03244444444444444
0 0.354 0.9124444444444444 0.0145 0.015111111111111112
0 0.32475 0.888 0.0085 0.029777777777777778
0 0.2975 0.9133333333333333 0.00875 0.03155555555555556
0 0.29875 0.9657777777777777 0.012 0.021333333333333333
0 0.23325 0.9737777777777777 0.0155 0.015111111111111112
0 0.20025 0.972 0.00975 0.01911111111111111
0 0.20525 0.9533333333333334 0.0065 0.02311111111111111
0 0.1975 0.9577777777777777 0.00875 0.02266666666666667
0 0.1985 0.9382222222222222 0.013 0.014666666666666666
0 0.1925 0.9493333333333334 0.00725 0.025333333333333333
0 0.18325 0.9235555555555556 0.0125 0.012888888888888889
0 0.24375 0.8631111111111112 0.01025 0.019555555555555555
0 0.1885 0.8635555555555555 0.015 0.015111111111111112
0 0.17575 0.876 0.01425 0.014222222222222223
0 0.16125 0.8928888888888888 0.01325 0.013333333333333334
0 0.15375 0.9151111111111111 0.01475 0.013777777777777778
0 0.144 0.8893333333333333 0.01525 0.02266666666666667
0 0.13525 0.8573333333333333 0.00875 0.032
0 0.14725 0.9755555555555555 0.008 0.032
0 0.1185 0.9351111111111111 0.01275 0.014666666666666666
0 0.10225 0.8995555555555556 0.00725 0.020444444444444446
0 0.08275 0.8844444444444445 0.00975 0.014222222222222223
0 0.1035 0.9595555555555556 0.0085 0.02311111111111111
0 0.099 0.9653333333333334 0.0085 0.028
0 0.04075 0.9728888888888889 0.01425 0.015111111111111112
0 0.022 0.9693333333333334 0.01325 0.020444444444444446
0 0.011 0.9911111111111112 0.01 0.017777777777777778
0 0.0325 0.956 0.00975 0.015555555555555555
0 0.154 0.8448888888888889 0.0125 0.011111111111111112
0 0.4825 0.8364444444444444 0.00825 0.016444444444444446
0 0.44875 0.8488888888888889 0.00825 0.017333333333333333
0 0.43575 0.8488888888888889 0.01125 0.013777777777777778
0 0.44675 0.8377777777777777 0.0065 0.019555555555555555
0 0.44975 0.8191111111111111 0.00725 0.02
0 0.4665 0.7911111111111111 0.006 0.02266666666666667
0 0.465 0.7777777777777778 0.00925 0.012444444444444444
0 0.4545 0.7777777777777778 0.00775 0.02711111111111111
0 0.45775 0.7671111111111111 0.0075 0.021777777777777778
0 0.4345 0.7702222222222223 0.0065 0.028
0 0.42975 0.7888888888888889 0.008 0.021333333333333333
0 0.4075 0.78 0.012 0.014666666666666666
0 0.48325 0.6857777777777778 0.01375 0.014666666666666666
0 0.46925 0.6591111111111111 0.01275 0.018666666666666668
0 0.4765 0.6324444444444445 0.00825 0.032
0 0.437 0.7053333333333334 0.00975 0.020888888888888887
0 0.43725 0.6777777777777778 0.008 0.03111111111111111
0 0.398 0.7222222222222222 0.01125 0.015555555555555555
0 0.34675 0.6706666666666666 0.007 0.022222222222222223
0 0.23075 0.6222222222222222 0.00725 0.017777777777777778
0 0.26625 0.6093333333333333 0.00875 0.016888888888888887
0 0.1065 0.6333333333333333 0.01375 0.013777777777777778
0 0.10425 0.5986666666666667 0.015 0.015111111111111112
0 0.08475 0.5555555555555556 0.012 0.015555555555555555
0 0.0365 0.6302222222222222 0.00875 0.017777777777777778
0 0.41 0.6266666666666667 0.013 0.014222222222222223
0 0.37425 0.6368888888888888 0.01325 0.016444444444444446
0 0.3525 0.6417777777777778 0.0165 0.02311111111111111
0 0.43725 0.5217777777777778 0.012 0.023555555555555555
0 0.39625 0.5684444444444444 0.0115 0.020444444444444446
0 0.42975 0.49466666666666664 0.00575 0.024888888888888887
0 0.44925 0.45911111111111114 0.00925 0.03688888888888889
0 0.46775 0.4448888888888889 0.0125 0.016444444444444446
0 0.4575 0.39644444444444443 0.00875 0.027555555555555555
0 0.399 0.408 0.01025 0.016444444444444446
0 0.3915 0.4497777777777778 0.008 0.02311111111111111
0 0.33875 0.5595555555555556 0.00875 0.025777777777777778
0 0.29525 0.5182222222222223 0.013 0.014666666666666666
0 0.296 0.5022222222222222 0.01375 0.013777777777777778
0 0.27 0.5275555555555556 0.01025 0.020444444444444446
0 0.20475 0.4928888888888889 0.00775 0.028888888888888888
0 0.157 0.4955555555555556 0.01375 0.015111111111111112
0 0.15925 0.42977777777777776 0.00875 0.028
0 0.101 0.416 0.01475 0.014666666666666666
0 0.09575 0.43377777777777776 0.00825 0.025777777777777778
0 0.0765 0.4262222222222222 0.0125 0.018666666666666668
0 0.0765 0.40355555555555556 0.00925 0.020888888888888887
0 0.0925 0.3888888888888889 0.01375 0.014222222222222223
0 0.12775 0.36933333333333335 0.00775 0.028888888888888888
0 0.109 0.332 0.01475 0.016888888888888887
0 0.0995 0.29777777777777775 0.01575 0.014666666666666666
0 0.0505 0.24844444444444444 0.011 0.01911111111111111
0 0.0145 0.21155555555555555 0.0125 0.01911111111111111
0 0.272 0.45466666666666666 0.015 0.013333333333333334
0 0.258 0.4111111111111111 0.008 0.030666666666666665
0 0.212 0.356 0.0115 0.024
0 0.192 0.3422222222222222 0.008 0.011111111111111112
0 0.17725 0.31022222222222223 0.00925 0.017777777777777778
0 0.13925 0.31377777777777777 0.01375 0.014666666666666666
0 0.29075 0.40444444444444444 0.012 0.022222222222222223
0 0.28475 0.4102222222222222 0.01075 0.017777777777777778
0 0.3325 0.404 0.01325 0.018222222222222223
0 0.48625 0.33066666666666666 0.008 0.020444444444444446
0 0.49275 0.332 0.00775 0.019555555555555555
0 0.4245 0.3204444444444444 0.00875 0.028
0 0.42975 0.30577777777777776 0.008 0.024888888888888887
0 0.34825 0.27644444444444444 0.01275 0.024444444444444446
0 0.29375 0.3257777777777778 0.014 0.015555555555555555
0 0.26475 0.3164444444444444 0.01075 0.016
0 0.48175 0.16266666666666665 0.01375 0.012888888888888889
0 0.46875 0.08844444444444445 0.0055 0.034666666666666665
0 0.46175 0.09688888888888889 0.0085 0.015555555555555555
0 0.435 0.10044444444444445 0.0115 0.016444444444444446
0 0.42475 0.09777777777777778 0.00775 0.022222222222222223
0 0.41325 0.11911111111111111 0.01075 0.020444444444444446
0 0.37 0.13466666666666666 0.0105 0.017777777777777778
0 0.3625 0.08933333333333333 0.00975 0.022222222222222223
0 0.388 0.07733333333333334 0.011 0.020444444444444446
0 0.4135 0.05333333333333334 0.00925 0.020444444444444446
0 0.40875 0.04488888888888889 0.0065 0.019555555555555555
0 0.399 0.05511111111111111 0.01425 0.010666666666666666
0 0.42425 0.020444444444444446 0.0145 0.016444444444444446
0 0.26825 0.24666666666666667 0.0075 0.016
0 0.26325 0.24355555555555555 0.0065 0.028888888888888888
0 0.235 0.23555555555555555 0.0105 0.02
0 0.1355 0.23333333333333334 0.013 0.014222222222222223
0 0.1315 0.21733333333333332 0.01425 0.014222222222222223
0 0.11725 0.21422222222222223 0.0075 0.013333333333333334
0 0.2735 0.19511111111111112 0.01 0.017333333333333333
0 0.26275 0.1942222222222222 0.01075 0.020888888888888887
0 0.29475 0.1302222222222222 0.01425 0.013777777777777778
0 0.358 0.04622222222222222 0.0105 0.018666666666666668
0 0.3605 0.028888888888888888 0.0075 0.018666666666666668
0 0.3555 0.019555555555555555 0.00725 0.02311111111111111
0 0.35025 0.021333333333333333 0.007 0.019555555555555555
0 0.342 0.004 0.016 0.008
0 0.3235 0.052444444444444446 0.00825 0.02666666666666667
0 0.2705 0.09733333333333333 0.008 0.024888888888888887
0 0.27 0.08 0.01725 0.016444444444444446
0 0.239 0.10977777777777778 0.015 0.020444444444444446
0 0.21925 0.08177777777777778 0.00925 0.027555555555555555
0 0.24575 0.04088888888888889 0.00825 0.027555555555555555
0 0.15175 0.10666666666666667 0.012 0.020444444444444446
0 0.1065 0.11466666666666667 0.016 0.018666666666666668
0 0.07275 0.05422222222222222 0.0075 0.029777777777777778
0 0.011 0.024888888888888887 0.0085 0.022222222222222223
0 0.117 0.06711111111111111 0.008 0.026222222222222223
0 0.10275 0.04755555555555555 0.01325 0.016444444444444446
0 0.091 0.037333333333333336 0.00925 0.022222222222222223
0 0.11375 0.03288888888888889 0.01125 0.012444444444444444
0 0.16825 0.021777777777777778 0.013 0.014222222222222223
0 0.16325 0.015555555555555555 0.00875 0.016444444444444446
0 0.0915 0.005333333333333333 0.01475 0.010666666666666666
0 0.27075 0.508 0.009 0.018666666666666668
0 0.58 0.9564444444444444 0.0085 0.017777777777777778
0 0.4175 0.8528888888888889 0.0085 0.024888888888888887