0 0.3645 0.13555555555555557 0.01525 0.020888888888888887
0 0.394 0.14888888888888888 0.01375 0.025333333333333333
0 0.36925 0.25377777777777777 0.0115 0.015555555555555555
0 0.37775 0.23777777777777778 0.00875 0.02
0 0.388 0.22088888888888888 0.01125 0.024444444444444446
0 0.41125 0.18888888888888888 0.01475 0.017333333333333333
0 0.39425 0.3048888888888889 0.01225 0.01911111111111111
0 0.3925 0.2737777777777778 0.00775 0.02311111111111111
0 0.399 0.2808888888888889 0.012 0.014222222222222223
0 0.40575 0.27155555555555555 0.00975 0.026222222222222223
0 0.4235 0.25555555555555554 0.01675 0.02
0 0.438 0.2831111111111111 0.01025 0.020888888888888887
0 0.3655 0.30177777777777776 0.01325 0.030666666666666665
0 0.3255 0.2786666666666667 0.01175 0.03333333333333333
0 0.34575 0.25555555555555554 0.00925 0.030666666666666665
0 0.2825 0.0071111111111111115 0.01 0.014222222222222223
0 0.35875 0.022222222222222223 0.006 0.025333333333333333
0 0.3715 0.008444444444444444 0.009 0.016888888888888887
0 0.33925 0.021333333333333333 0.01025 0.03333333333333333
0 0.30225 0.02266666666666667 0.01175 0.025777777777777778
0 0.1985 0.08088888888888889 0.01575 0.020444444444444446
0 0.22375 0.06 0.01 0.02666666666666667
0 0.2325 0.05333333333333334 0.0115 0.02666666666666667
0 0.241 0.07866666666666666 0.013 0.02666666666666667
0 0.26425 0.06266666666666666 0.0135 0.014222222222222223
0 0.26075 0.09422222222222222 0.01375 0.014666666666666666
0 0.22275 0.13244444444444445 0.01625 0.022222222222222223
0 0.19325 0.1328888888888889 0.01175 0.030666666666666665
0 0.1775 0.12 0.0095 0.024444444444444446
0 0.16575 0.15066666666666667 0.016 0.011555555555555555
0 0.17625 0.1968888888888889 0.00975 0.026222222222222223
0 0.19075 0.24044444444444443 0.011 0.022222222222222223
0 0.20925 0.26355555555555554 0.01625 0.03244444444444444
0 0.30075 0.052 0.013 0.015555555555555555
0 0.2775 0.08977777777777778 0.009 0.030222222222222223
0 0.26025 0.12 0.0135 0.017777777777777778
0 0.3155 0.07822222222222222 0.00725 0.02311111111111111
0 0.32525 0.06711111111111111 0.01075 0.02266666666666667
0 0.30275 0.12444444444444444 0.01325 0.014666666666666666
0 0.3005 0.104 0.00775 0.025333333333333333
0 0.299 0.09644444444444444 0.01175 0.022222222222222223
0 0.30675 0.10177777777777777 0.007 0.024888888888888887
0 0.31275 0.104 0.008 0.022222222222222223
0 0.31875 0.10444444444444445 0.00925 0.020444444444444446
0 0.32025 0.09244444444444444 0.011 0.012888888888888889
0 0.3255 0.1 0.008 0.021777777777777778
0 0.36375 0.12088888888888889 0.011 0.017333333333333333
0 0.371 0.08488888888888889 0.012 0.02311111111111111
0 0.3865 0.025333333333333333 0.00475 0.025333333333333333
0 0.39225 0.03155555555555556 0.01125 0.012888888888888889
0 0.11325 0.2088888888888889 0.009 0.025333333333333333
0 0.14325 0.21688888888888888 0.0085 0.026222222222222223
0 0.1105 0.29777777777777775 0.0135 0.01911111111111111
0 0.12725 0.296 0.0065 0.02
0 0.13725 0.29733333333333334 0.014 0.011555555555555555
0 0.13375 0.2853333333333333 0.0155 0.012888888888888889
0 0.13475 0.2791111111111111 0.01475 0.013777777777777778
0 0.13825 0.25466666666666665 0.00775 0.017333333333333333
0 0.17675 0.30622222222222223 0.0085 0.02266666666666667
0 0.1775 0.29333333333333333 0.0115 0.014666666666666666
0 0.13875 0.3382222222222222 0.0095 0.025333333333333333
0 0.14225 0.30977777777777776 0.01 0.016
0 0.1905 0.316 0.00825 0.022222222222222223
0 0.18975 0.304 0.01 0.015111111111111112
0 0.22425 0.21955555555555556 0.01075 0.012888888888888889
0 0.23275 0.23155555555555554 0.0085 0.026222222222222223
0 0.24525 0.21644444444444444 0.0125 0.020888888888888887
0 0.2505 0.17422222222222222 0.00825 0.01911111111111111
0 0.26475 0.1582222222222222 0.0065 0.013777777777777778
0 0.2715 0.17066666666666666 0.007 0.022222222222222223
0 0.2735 0.15955555555555556 0.01 0.02
0 0.27825 0.16577777777777777 0.00575 0.018666666666666668
0 0.283 0.17022222222222222 0.00725 0.023555555555555555
0 0.29375 0.20133333333333334 0.0105 0.028444444444444446
0 0.2625 0.2071111111111111 0.01125 0.02266666666666667
0 0.26925 0.24488888888888888 0.015 0.014666666666666666
0 0.26725 0.2351111111111111 0.00925 0.011555555555555555
0 0.28075 0.24844444444444444 0.01 0.02
0 0.28825 0.25022222222222223 0.0105 0.01911111111111111
0 0.30425 0.17155555555555554 0.01125 0.013777777777777778
0 0.3115 0.1751111111111111 0.00825 0.01911111111111111
0 0.21825 0.3253333333333333 0.01125 0.021333333333333333
0 0.23 0.3168888888888889 0.00825 0.025333333333333333
0 0.23425 0.29688888888888887 0.0145 0.017777777777777778
0 0.24425 0.2742222222222222 0.0075 0.02666666666666667
0 0.20625 0.3897777777777778 0.009 0.02666666666666667
0 0.211 0.368 0.00725 0.025777777777777778
0 0.22425 0.3453333333333333 0.01425 0.018222222222222223
0 0.2165 0.3857777777777778 0.01125 0.02311111111111111
0 0.187 0.38711111111111113 0.00725 0.02666666666666667
0 0.1725 0.3671111111111111 0.012 0.018666666666666668
0 0.1845 0.3582222222222222 0.011 0.02311111111111111
0 0.155 0.33466666666666667 0.0155 0.016444444444444446
0 0.12575 0.33111111111111113 0.0125 0.018222222222222223
0 0.1305 0.38711111111111113 0.01425 0.018222222222222223
0 0.115 0.39644444444444443 0.01025 0.027555555555555555
0 0.1305 0.37155555555555553 0.00675 0.02311111111111111
0 0.13875 0.37822222222222224 0.0085 0.02311111111111111
0 0.14975 0.37422222222222223 0.01225 0.022222222222222223
0 0.1675 0.4097777777777778 0.01325 0.023555555555555555
0 0.25675 0.388 0.01025 0.013777777777777778
0 0.2695 0.36177777777777775 0.0085 0.02666666666666667
0 0.278 0.2995555555555556 0.00625 0.024
0 0.283 0.29555555555555557 0.00825 0.018222222222222223
0 0.29075 0.31777777777777777 0.0105 0.016444444444444446
0 0.28975 0.2946666666666667 0.0095 0.018666666666666668
0 0.3035 0.30933333333333335 0.00925 0.03111111111111111
0 0.3295 0.21288888888888888 0.01225 0.018222222222222223
0 0.3415 0.22133333333333333 0.00875 0.021777777777777778
0 0.3495 0.23066666666666666 0.01075 0.018222222222222223
0 0.3665 0.23644444444444446 0.00875 0.02
0 0.3865 0.2688888888888889 0.0045 0.013777777777777778
0 0.4295 0.23244444444444445 0.01225 0.012888888888888889
0 0.43925 0.23422222222222222 0.0095 0.023555555555555555
0 0.4405 0.20755555555555555 0.01325 0.026222222222222223
0 0.4545 0.23955555555555555 0.01325 0.022222222222222223
0 0.44675 0.3022222222222222 0.00975 0.02311111111111111
0 0.44425 0.2857777777777778 0.012 0.017333333333333333
0 0.4565 0.2613333333333333 0.0085 0.021777777777777778
0 0.464 0.27111111111111114 0.013 0.01911111111111111
0 0.4795 0.27644444444444444 0.01025 0.022222222222222223
0 0.47575 0.244 0.00975 0.023555555555555555
0 0.4625 0.18355555555555556 0.00625 0.028
0 0.461 0.15866666666666668 0.0095 0.027555555555555555
0 0.459 0.1431111111111111 0.00625 0.01911111111111111
0 0.46525 0.12622222222222224 0.007 0.028
0 0.476 0.12444444444444444 0.015 0.020444444444444446
0 0.43725 0.12577777777777777 0.015 0.01911111111111111
0 0.422 0.09155555555555556 0.01125 0.03244444444444444
0 0.43175 0.10622222222222222 0.014 0.012888888888888889
0 0.4145 0.076 0.01825 0.022222222222222223
0 0.44425 0.04888888888888889 0.01575 0.017333333333333333
0 0.4605 0.023555555555555555 0.01125 0.020444444444444446
0 0.4765 0.030222222222222223 0.014 0.021333333333333333
0 0.46325 0.0791111111111111 0.014 0.01911111111111111
0 0.4965 0.04488888888888889 0.01575 0.017333333333333333
0 0.51175 0.04577777777777778 0.012 0.023555555555555555
0 0.4925 0.07555555555555556 0.007 0.018666666666666668
0 0.49375 0.06977777777777777 0.0095 0.016444444444444446
0 0.49525 0.06222222222222222 0.0115 0.012
0 0.521 0.021777777777777778 0.00775 0.018666666666666668
0 0.51025 0.006222222222222222 0.0105 0.012444444444444444
0 0.4965 0.004888888888888889 0.007 0.009777777777777778
0 0.581 0.004888888888888889 0.0085 0.009333333333333334
0 0.56525 0.020444444444444446 0.013 0.013777777777777778
0 0.53975 0.06577777777777778 0.0125 0.017777777777777778
0 0.50775 0.08444444444444445 0.011 0.020444444444444446
0 0.52675 0.096 0.01325 0.012888888888888889
0 0.5085 0.12 0.00975 0.02311111111111111
0 0.49725 0.12266666666666666 0.011 0.019555555555555555
0 0.51725 0.1351111111111111 0.00875 0.025333333333333333
0 0.5255 0.15066666666666667 0.0125 0.01911111111111111
0 0.54375 0.1288888888888889 0.00825 0.02311111111111111
0 0.552 0.12533333333333332 0.00975 0.021777777777777778
0 0.5415 0.10044444444444445 0.0115 0.021777777777777778
0 0.543 0.088 0.01475 0.012
0 0.54875 0.09422222222222222 0.00725 0.02311111111111111
0 0.55775 0.10622222222222222 0.011 0.014666666666666666
0 0.557 0.1 0.01275 0.018666666666666668
0 0.56525 0.11066666666666666 0.011 0.019555555555555555
0 0.573 0.08622222222222223 0.011 0.016888888888888887
0 0.5795 0.08533333333333333 0.00725 0.019555555555555555
0 0.58975 0.09066666666666667 0.008 0.021333333333333333
0 0.56925 0.04844444444444444 0.01075 0.012888888888888889
0 0.57725 0.051555555555555556 0.012 0.013777777777777778
0 0.58475 0.05555555555555555 0.00875 0.013777777777777778
0 0.6045 0.06711111111111111 0.0115 0.016888888888888887
0 0.6135 0.058666666666666666 0.0115 0.010222222222222223
0 0.623 0.12311111111111112 0.00875 0.026222222222222223
0 0.62425 0.10755555555555556 0.0135 0.011555555555555555
0 0.6225 0.09555555555555556 0.01075 0.017777777777777778
0 0.619 0.14133333333333334 0.00975 0.025333333333333333
0 0.60075 0.13466666666666666 0.0125 0.021333333333333333
0 0.58975 0.1582222222222222 0.0065 0.020888888888888887
0 0.6065 0.1608888888888889 0.0125 0.017777777777777778
0 0.61925 0.1688888888888889 0.01 0.02
0 0.5965 0.17644444444444443 0.011 0.013777777777777778
0 0.569 0.17777777777777778 0.007 0.018222222222222223
0 0.57325 0.16622222222222222 0.0135 0.012
0 0.5825 0.1817777777777778 0.00875 0.018666666666666668
0 0.575 0.19511111111111112 0.014 0.009777777777777778
0 0.59075 0.20533333333333334 0.0125 0.014666666666666666
0 0.58925 0.22577777777777777 0.01825 0.014222222222222223
0 0.58375 0.24666666666666667 0.01325 0.017777777777777778
0 0.57375 0.2408888888888889 0.0065 0.017777777777777778
0 0.565 0.23466666666666666 0.00775 0.024888888888888887
0 0.55575 0.1902222222222222 0.00675 0.021333333333333333
0 0.53975 0.20755555555555555 0.01175 0.014666666666666666
0 0.5335 0.18755555555555556 0.01075 0.02
0 0.55175 0.17422222222222222 0.00725 0.013333333333333334
0 0.5085 0.19644444444444445 0.00925 0.011111111111111112
0 0.50625 0.18622222222222223 0.0095 0.009333333333333334
0 0.50925 0.17644444444444443 0.00925 0.012888888888888889
0 0.52325 0.19466666666666665 0.00925 0.012888888888888889
0 0.5125 0.20533333333333334 0.00975 0.017777777777777778
0 0.53025 0.2351111111111111 0.00675 0.02266666666666667
0 0.52175 0.23377777777777778 0.012 0.013333333333333334
0 0.516 0.24177777777777779 0.00825 0.014222222222222223
0 0.50725 0.25466666666666665 0.00925 0.019555555555555555
0 0.50825 0.23866666666666667 0.01175 0.014666666666666666
0 0.4925 0.2431111111111111 0.008 0.019555555555555555
0 0.50125 0.26311111111111113 0.0115 0.018666666666666668
0 0.5015 0.29688888888888887 0.00825 0.020888888888888887
0 0.52725 0.3022222222222222 0.01225 0.015555555555555555
0 0.56225 0.2728888888888889 0.01525 0.013777777777777778
0 0.56325 0.2591111111111111 0.0135 0.012
0 0.558 0.26666666666666666 0.012 0.014222222222222223
0 0.558 0.2853333333333333 0.0125 0.014222222222222223
0 0.5735 0.29688888888888887 0.01625 0.015555555555555555
0 0.59775 0.2862222222222222 0.01275 0.017777777777777778
0 0.60325 0.2942222222222222 0.0125 0.009333333333333334
0 0.59875 0.30444444444444446 0.01 0.016
0 0.589 0.30444444444444446 0.0105 0.010666666666666666
0 0.57925 0.31822222222222224 0.00875 0.02266666666666667
0 0.5915 0.33111111111111113 0.01525 0.014666666666666666
0 0.62125 0.2688888888888889 0.00925 0.022222222222222223
0 0.62525 0.256 0.01475 0.013777777777777778
0 0.62925 0.2951111111111111 0.00775 0.025333333333333333
0 0.6305 0.05511111111111111 0.00975 0.025333333333333333
0 0.088 0.3368888888888889 0.00875 0.020888888888888887
0 0.072 0.3431111111111111 0.00825 0.017333333333333333
0 0.0815 0.356 0.00825 0.025333333333333333
0 0.079 0.384 0.01575 0.018222222222222223
0 0.093 0.43377777777777776 0.00875 0.02666666666666667
0 0.0815 0.4431111111111111 0.01325 0.014666666666666666
0 0.13 0.48577777777777775 0.00875 0.014222222222222223
0 0.12275 0.4928888888888889 0.0095 0.018222222222222223
0 0.115 0.5066666666666667 0.0135 0.026222222222222223
0 0.14875 0.4951111111111111 0.00975 0.019555555555555555
0 0.1185 0.5364444444444444 0.014 0.012444444444444444
0 0.12 0.5288888888888889 0.01275 0.012888888888888889
0 0.15625 0.5431111111111111 0.01475 0.012
0 0.164 0.544 0.0115 0.015555555555555555
0 0.09675 0.5391111111111111 0.00975 0.020444444444444446
0 0.07225 0.5155555555555555 0.00675 0.02666666666666667
0 0.07175 0.4817777777777778 0.01425 0.012888888888888889
0 0.07425 0.4751111111111111 0.00725 0.015555555555555555
0 0.02725 0.42177777777777775 0.00875 0.017777777777777778
0 0.0085 0.4662222222222222 0.00625 0.021777777777777778
0 0.019 0.47955555555555557 0.0115 0.01911111111111111
0 0.00575 0.49822222222222223 0.00575 0.023555555555555555
0 0.0445 0.4315555555555556 0.01 0.021333333333333333
0 0.04925 0.44044444444444447 0.00975 0.016888888888888887
0 0.03475 0.4671111111111111 0.01325 0.018666666666666668
0 0.0455 0.47244444444444444 0.01075 0.018222222222222223
0 0.049 0.512 0.01325 0.013777777777777778
0 0.05125 0.5337777777777778 0.009 0.025777777777777778
0 0.13675 0.5644444444444444 0.00925 0.028444444444444446
0 0.151 0.5777777777777777 0.00775 0.021777777777777778
0 0.12325 0.5697777777777778 0.01075 0.014222222222222223
0 0.15175 0.5968888888888889 0.01325 0.016
0 0.15775 0.6035555555555555 0.00825 0.028
0 0.0775 0.608 0.01625 0.017333333333333333
0 0.05175 0.6142222222222222 0.00825 0.012888888888888889
0 0.011 0.5671111111111111 0.01575 0.019555555555555555
0 0.015 0.6102222222222222 0.009 0.008888888888888889
0 0.01025 0.6288888888888889 0.0125 0.024888888888888887
0 0.03425 0.6466666666666666 0.01525 0.022222222222222223
0 0.039 0.6724444444444444 0.01675 0.017777777777777778
0 0.078 0.6542222222222223 0.00875 0.02311111111111111
0 0.08875 0.6782222222222222 0.008 0.024
0 0.111 0.6657777777777778 0.01275 0.016888888888888887
0 0.11175 0.6546666666666666 0.01475 0.014666666666666666
0 0.11525 0.6702222222222223 0.01425 0.012888888888888889
0 0.128 0.6604444444444444 0.01525 0.012
0 0.12775 0.6804444444444444 0.01425 0.019555555555555555
0 0.1475 0.6995555555555556 0.01525 0.013333333333333334
0 0.12075 0.7093333333333334 0.011 0.016444444444444446
0 0.08725 0.7231111111111111 0.012 0.016
0 0.1095 0.7471111111111111 0.01325 0.019555555555555555
0 0.07325 0.7288888888888889 0.01325 0.016
0 0.06 0.732 0.011 0.014222222222222223
0 0.037 0.7431111111111111 0.0175 0.014222222222222223
0 0.15425 0.7528888888888889 0.01475 0.018666666666666668
0 0.159 0.7826666666666666 0.01425 0.014666666666666666
0 0.15575 0.7968888888888889 0.01425 0.016444444444444446
0 0.117 0.8097777777777778 0.013 0.013333333333333334
0 0.15775 0.8293333333333334 0.01525 0.021777777777777778
0 0.13875 0.8586666666666667 0.0125 0.020444444444444446
0 0.14575 0.8591111111111112 0.01 0.011111111111111112
0 0.11175 0.856 0.006 0.02311111111111111
0 0.10675 0.8475555555555555 0.01075 0.015111111111111112
0 0.09725 0.8506666666666667 0.0075 0.025777777777777778
0 0.0885 0.8466666666666667 0.00775 0.019555555555555555
0 0.08775 0.7768888888888889 0.01675 0.014222222222222223
0 0.039 0.808 0.01025 0.028888888888888888
0 0.1055 0.8128888888888889 0.00675 0.015555555555555555
0 0.01625 0.804 0.01325 0.016444444444444446
0 0.01625 0.7671111111111111 0.0135 0.016888888888888887
0 0.0205 0.8484444444444444 0.012 0.011555555555555555
0 0.0315 0.8608888888888889 0.011 0.010666666666666666
0 0.02325 0.8768888888888889 0.00775 0.017777777777777778
0 0.02775 0.88 0.00925 0.014666666666666666
0 0.00725 0.9008888888888889 0.012 0.021333333333333333
0 0.06575 0.9031111111111111 0.0075 0.02266666666666667
0 0.0605 0.9137777777777778 0.01425 0.012888888888888889
0 0.1135 0.88 0.01475 0.012444444444444444
0 0.1185 0.8915555555555555 0.01 0.017777777777777778
0 0.138 0.8995555555555556 0.01475 0.012
0 0.1505 0.9097777777777778 0.00975 0.015555555555555555
0 0.005 0.9413333333333334 0.00975 0.012888888888888889
0 0.00175 0.9302222222222222 0.0035 0.018666666666666668
0 0.01925 0.9857777777777778 0.01175 0.020444444444444446
0 0.0285 0.9302222222222222 0.012 0.009777777777777778
0 0.035 0.9382222222222222 0.012 0.012888888888888889
0 0.0455 0.9408888888888889 0.011 0.012888888888888889
0 0.053 0.9457777777777778 0.00675 0.016444444444444446
0 0.09725 0.9595555555555556 0.011 0.016888888888888887
0 0.11025 0.9817777777777777 0.00825 0.025777777777777778
0 0.13025 0.9417777777777778 0.0095 0.025333333333333333
0 0.16825 0.9546666666666667 0.01375 0.018666666666666668
0 0.151 0.9982222222222222 0.016 0.0035555555555555557
0 0.176 0.44266666666666665 0.013 0.02
0 0.216 0.4186666666666667 0.0115 0.018222222222222223
0 0.2575 0.404 0.01275 0.015555555555555555
0 0.248 0.42 0.01175 0.016888888888888887
0 0.2425 0.43777777777777777 0.009 0.013777777777777778
0 0.24825 0.46355555555555555 0.018 0.014666666666666666
0 0.3055 0.3688888888888889 0.0105 0.02666666666666667
0 0.29575 0.4102222222222222 0.0105 0.018666666666666668
0 0.31575 0.42577777777777776 0.01425 0.014666666666666666
0 0.29525 0.448 0.0135 0.021333333333333333
0 0.20625 0.5066666666666667 0.008 0.025777777777777778
0 0.225 0.5306666666666666 0.012 0.024
0 0.242 0.5684444444444444 0.00875 0.021333333333333333
0 0.24225 0.5502222222222222 0.0095 0.013777777777777778
0 0.258 0.5391111111111111 0.00775 0.028
0 0.274 0.5306666666666666 0.00525 0.028
0 0.282 0.5231111111111111 0.0135 0.013777777777777778
0 0.31475 0.5386666666666666 0.00825 0.02311111111111111
0 0.29 0.5617777777777778 0.00825 0.018666666666666668
0 0.31025 0.576 0.008 0.021777777777777778
0 0.2955 0.5791111111111111 0.00925 0.024444444444444446
0 0.2165 0.564 0.00975 0.016444444444444446
0 0.22175 0.5768888888888889 0.00675 0.02311111111111111
0 0.234 0.5822222222222222 0.013 0.011555555555555555
0 0.26775 0.5942222222222222 0.012 0.017777777777777778
0 0.20975 0.6151111111111112 0.013 0.015111111111111112
0 0.21025 0.6004444444444444 0.011 0.014222222222222223
0 0.31425 0.6017777777777777 0.01425 0.012888888888888889
0 0.3055 0.6191111111111111 0.01525 0.013777777777777778
0 0.28575 0.6413333333333333 0.0115 0.010666666666666666
0 0.29 0.6337777777777778 0.00725 0.021333333333333333
0 0.292 0.6226666666666667 0.013 0.016444444444444446
0 0.2755 0.6453333333333333 0.01425 0.021333333333333333
0 0.246 0.628 0.00975 0.022222222222222223
0 0.20725 0.6457777777777778 0.015 0.012888888888888889
0 0.1935 0.6586666666666666 0.01225 0.017777777777777778
0 0.21025 0.6844444444444444 0.0125 0.013333333333333334
0 0.22925 0.6724444444444444 0.0155 0.012
0 0.22225 0.6928888888888889 0.00725 0.021777777777777778
0 0.2275 0.7137777777777777 0.01125 0.018666666666666668
0 0.20625 0.7013333333333334 0.0135 0.011111111111111112
0 0.17875 0.6991111111111111 0.0115 0.012
0 0.17175 0.7151111111111111 0.00725 0.01911111111111111
0 0.17625 0.7337777777777778 0.01425 0.019555555555555555
0 0.19225 0.7484444444444445 0.01625 0.012
0 0.17425 0.7617777777777778 0.00825 0.022222222222222223
0 0.2195 0.7506666666666667 0.014 0.016444444444444446
0 0.22775 0.7715555555555556 0.01775 0.013777777777777778
0 0.24075 0.7133333333333334 0.0095 0.014666666666666666
0 0.1955 0.704 0.01175 0.017333333333333333
0 0.2645 0.7182222222222222 0.01625 0.015555555555555555
0 0.27575 0.696 0.0145 0.013777777777777778
0 0.294 0.6853333333333333 0.011 0.019555555555555555
0 0.30375 0.6982222222222222 0.00925 0.028
0 0.31825 0.6968888888888889 0.01325 0.02
0 0.32075 0.708 0.00825 0.022222222222222223
0 0.28825 0.7075555555555556 0.01125 0.012888888888888889
0 0.32725 0.7284444444444444 0.01275 0.012888888888888889
0 0.32975 0.7506666666666667 0.00775 0.028
0 0.32375 0.7608888888888888 0.0105 0.019555555555555555
0 0.33225 0.7777777777777778 0.01075 0.017777777777777778
0 0.33375 0.796 0.01375 0.018666666666666668
0 0.30425 0.7613333333333333 0.01575 0.013333333333333334
0 0.20975 0.8288888888888889 0.0135 0.012
0 0.209 0.8177777777777778 0.01375 0.013777777777777778
0 0.19125 0.8506666666666667 0.011 0.02
0 0.196 0.8604444444444445 0.0055 0.022222222222222223
0 0.20225 0.8533333333333334 0.008 0.017777777777777778
0 0.2105 0.8644444444444445 0.00625 0.018666666666666668
0 0.242 0.8591111111111112 0.0075 0.020444444444444446
0 0.27125 0.8346666666666667 0.01375 0.015555555555555555
0 0.2785 0.8608888888888889 0.00875 0.02266666666666667
0 0.26675 0.8813333333333333 0.01625 0.013777777777777778
0 0.262 0.8751111111111111 0.01425 0.011555555555555555
0 0.26325 0.8955555555555555 0.01025 0.013333333333333334
0 0.3215 0.8408888888888889 0.0115 0.012888888888888889
0 0.3325 0.8657777777777778 0.00825 0.021777777777777778
0 0.20225 0.8795555555555555 0.0075 0.021333333333333333
0 0.20875 0.8857777777777778 0.0105 0.020444444444444446
0 0.1915 0.8942222222222223 0.012 0.013777777777777778
0 0.2115 0.9195555555555556 0.0085 0.021333333333333333
0 0.18375 0.9306666666666666 0.009 0.021777777777777778
0 0.1975 0.9497777777777778 0.01525 0.012
0 0.19325 0.9395555555555556 0.0135 0.012888888888888889
0 0.235 0.9248888888888889 0.008 0.026222222222222223
0 0.24275 0.924 0.00925 0.023555555555555555
0 0.25025 0.9577777777777777 0.01225 0.018666666666666668
0 0.25975 0.9542222222222222 0.01225 0.013777777777777778
0 0.2305 0.9888888888888889 0.01375 0.015555555555555555
0 0.23875 0.9951111111111111 0.007 0.009333333333333334
0 0.26225 0.9862222222222222 0.0155 0.012888888888888889
0 0.28375 0.9106666666666666 0.0135 0.014666666666666666
0 0.247 0.9053333333333333 0.01225 0.017333333333333333
0 0.24 0.9013333333333333 0.0105 0.016
0 0.3055 0.9 0.0135 0.018222222222222223
0 0.30025 0.924 0.009 0.026222222222222223
0 0.31325 0.9631111111111111 0.00775 0.02711111111111111
0 0.3435 0.9075555555555556 0.012 0.014666666666666666
0 0.33725 0.9671111111111111 0.00775 0.027555555555555555
0 0.33525 0.9386666666666666 0.00925 0.017333333333333333
0 0.366 0.9582222222222222 0.0095 0.021777777777777778
0 0.3705 0.9711111111111111 0.01625 0.015111111111111112
0 0.369 0.9871111111111112 0.01425 0.017777777777777778
0 0.399 0.9946666666666667 0.015 0.010666666666666666
0 0.38975 0.9191111111111111 0.009 0.018222222222222223
0 0.39675 0.9182222222222223 0.00975 0.024888888888888887
0 0.402 0.9004444444444445 0.0055 0.02
0 0.408 0.9164444444444444 0.0115 0.019555555555555555
0 0.409 0.904 0.01 0.025333333333333333
0 0.421 0.8964444444444445 0.01325 0.015111111111111112
0 0.435 0.8995555555555556 0.0135 0.014666666666666666
0 0.449 0.9022222222222223 0.013 0.015111111111111112
0 0.47 0.8928888888888888 0.01125 0.010666666666666666
0 0.46425 0.9364444444444444 0.012 0.017777777777777778
0 0.448 0.9435555555555556 0.0105 0.019555555555555555
0 0.4545 0.9635555555555556 0.015 0.013777777777777778
0 0.46375 0.964 0.00775 0.022222222222222223
0 0.464 0.9951111111111111 0.01375 0.009333333333333334
0 0.48075 0.9911111111111112 0.01575 0.015111111111111112
0 0.35 0.8644444444444445 0.0065 0.02266666666666667
0 0.3535 0.8471111111111111 0.0145 0.012888888888888889
0 0.33625 0.7173333333333334 0.0115 0.010666666666666666
0 0.35125 0.8031111111111111 0.01125 0.013333333333333334
0 0.35425 0.8142222222222222 0.00575 0.022222222222222223
0 0.38 0.8231111111111111 0.01375 0.013333333333333334
0 0.38525 0.8146666666666667 0.014 0.008888888888888889
0 0.3985 0.8373333333333334 0.01475 0.014666666666666666
0 0.4135 0.8462222222222222 0.00725 0.02311111111111111
0 0.37025 0.78 0.007 0.020444444444444446
0 0.38075 0.7368888888888889 0.01475 0.013333333333333334
0 0.402 0.7515555555555555 0.0125 0.015555555555555555
0 0.38275 0.6817777777777778 0.01375 0.016444444444444446
0 0.3525 0.668 0.01425 0.014666666666666666
0 0.333 0.6711111111111111 0.00625 0.020444444444444446
0 0.34625 0.6502222222222223 0.00625 0.023555555555555555
0 0.33475 0.6284444444444445 0.0065 0.013333333333333334
0 0.33025 0.6191111111111111 0.0065 0.02311111111111111
0 0.3435 0.5822222222222222 0.009 0.02266666666666667
0 0.32775 0.5595555555555556 0.00675 0.024444444444444446
0 0.37625 0.6066666666666667 0.01475 0.014666666666666666
0 0.3815 0.6248888888888889 0.01475 0.013777777777777778
0 0.38525 0.6528888888888889 0.009 0.01911111111111111
0 0.41125 0.6675555555555556 0.00825 0.021333333333333333
0 0.4315 0.6342222222222222 0.01475 0.015111111111111112
0 0.44325 0.6266666666666667 0.01525 0.011555555555555555
0 0.4495 0.6133333333333333 0.00575 0.022222222222222223
0 0.44525 0.636 0.008 0.015555555555555555
0 0.44475 0.6542222222222223 0.00775 0.019555555555555555
0 0.45725 0.6582222222222223 0.00675 0.02311111111111111
0 0.46825 0.6608888888888889 0.0135 0.017333333333333333
0 0.46525 0.6693333333333333 0.012 0.012444444444444444
0 0.48025 0.6604444444444444 0.01225 0.018222222222222223
0 0.47475 0.6146666666666667 0.01225 0.014222222222222223
0 0.42425 0.5933333333333334 0.011 0.010666666666666666
0 0.428 0.588 0.0115 0.019555555555555555
0 0.41125 0.5897777777777777 0.012 0.016
0 0.429 0.5724444444444444 0.007 0.018222222222222223
0 0.4045 0.5648888888888889 0.01775 0.014222222222222223
0 0.3955 0.5573333333333333 0.0135 0.016888888888888887
0 0.34925 0.5488888888888889 0.013 0.012
0 0.35475 0.5462222222222223 0.00925 0.023555555555555555
0 0.36725 0.508 0.01125 0.021333333333333333
0 0.33925 0.4791111111111111 0.012 0.021777777777777778
0 0.36 0.4702222222222222 0.00925 0.026222222222222223
0 0.38775 0.4991111111111111 0.0155 0.015555555555555555
0 0.4 0.48533333333333334 0.00975 0.015555555555555555
0 0.408 0.528 0.01425 0.014222222222222223
0 0.4345 0.49377777777777776 0.01075 0.014666666666666666
0 0.441 0.49955555555555553 0.01525 0.010666666666666666
0 0.451 0.4928888888888889 0.0075 0.024
0 0.4505 0.5293333333333333 0.009 0.02666666666666667
0 0.47525 0.5004444444444445 0.012 0.018666666666666668
0 0.46225 0.4746666666666667 0.009 0.02266666666666667
0 0.44225 0.48844444444444446 0.011 0.014222222222222223
0 0.44425 0.48088888888888887 0.013 0.011555555555555555
0 0.4685 0.5746666666666667 0.012 0.021333333333333333
0 0.34525 0.4315555555555556 0.00875 0.015555555555555555
0 0.3505 0.4484444444444444 0.0065 0.018222222222222223
0 0.3585 0.42977777777777776 0.0125 0.019555555555555555
0 0.36775 0.43244444444444446 0.0135 0.016444444444444446
0 0.37425 0.4235555555555556 0.012 0.021333333333333333
0 0.39925 0.436 0.01575 0.013777777777777778
0 0.39125 0.4524444444444444 0.01275 0.012
0 0.3875 0.46044444444444443 0.0115 0.017777777777777778
0 0.33 0.3844444444444444 0.0115 0.013333333333333334
0 0.3575 0.388 0.01325 0.013777777777777778
0 0.3395 0.35688888888888887 0.01175 0.012888888888888889
0 0.41575 0.38 0.0125 0.010666666666666666
0 0.40725 0.392 0.00725 0.021333333333333333
0 0.4425 0.3671111111111111 0.0065 0.034666666666666665
0 0.4455 0.3426666666666667 0.01425 0.016444444444444446
0 0.4515 0.3928888888888889 0.01125 0.015555555555555555
0 0.45125 0.41955555555555557 0.01075 0.012888888888888889
0 0.44875 0.4137777777777778 0.011 0.014666666666666666
0 0.46025 0.42444444444444446 0.0125 0.014666666666666666
0 0.463 0.4444444444444444 0.0105 0.020888888888888887
0 0.4695 0.4448888888888889 0.008 0.023555555555555555
0 0.46925 0.4631111111111111 0.0115 0.017333333333333333
0 0.466 0.5142222222222222 0.005 0.02
0 0.4705 0.5173333333333333 0.00875 0.009333333333333334
0 0.49175 0.4457777777777778 0.00925 0.014666666666666666
0 0.4625 0.33555555555555555 0.0075 0.028888888888888888
0 0.4685 0.33111111111111113 0.00825 0.02311111111111111
0 0.47 0.6888888888888889 0.00925 0.024444444444444446
0 0.477 0.6906666666666667 0.012 0.012888888888888889
0 0.47 0.7195555555555555 0.00925 0.02311111111111111
0 0.4765 0.7302222222222222 0.01025 0.013333333333333334
0 0.448 0.7208888888888889 0.01525 0.011111111111111112
0 0.43875 0.7364444444444445 0.00675 0.025777777777777778
0 0.449 0.744 0.00875 0.021333333333333333
0 0.46475 0.772 0.01475 0.018666666666666668
0 0.47125 0.8017777777777778 0.012 0.020444444444444446
0 0.47 0.8262222222222222 0.012 0.02
0 0.458 0.8284444444444444 0.012 0.012888888888888889
0 0.44975 0.8311111111111111 0.01325 0.012888888888888889
0 0.4895 0.8666666666666667 0.01475 0.010666666666666666
0 0.49075 0.8533333333333334 0.00875 0.020444444444444446
0 0.49775 0.8493333333333334 0.01075 0.009777777777777778
0 0.50325 0.8395555555555556 0.0125 0.013777777777777778
0 0.5 0.8213333333333334 0.00875 0.02311111111111111
0 0.49175 0.8826666666666667 0.00775 0.020444444444444446
0 0.49725 0.8942222222222223 0.011 0.014666666666666666
0 0.50875 0.9097777777777778 0.01525 0.012888888888888889
0 0.5085 0.896 0.0125 0.014666666666666666
0 0.5125 0.9386666666666666 0.01 0.010666666666666666
0 0.54075 0.9173333333333333 0.01625 0.013333333333333334
0 0.553 0.8902222222222222 0.01675 0.017333333333333333
0 0.52175 0.9728888888888889 0.01425 0.017333333333333333
0 0.5335 0.9671111111111111 0.01125 0.019555555555555555
0 0.54475 0.9591111111111111 0.0095 0.02266666666666667
0 0.54925 0.948 0.012 0.014666666666666666
0 0.56025 0.9902222222222222 0.00725 0.019555555555555555
0 0.564 0.9773333333333334 0.0075 0.02
0 0.568 0.9937777777777778 0.01425 0.012444444444444444
0 0.49675 0.7884444444444444 0.0115 0.013777777777777778
0 0.5025 0.7528888888888889 0.0115 0.019555555555555555
0 0.49525 0.7502222222222222 0.0065 0.019555555555555555
0 0.48875 0.7257777777777777 0.01075 0.01911111111111111
0 0.49775 0.6911111111111111 0.0135 0.011555555555555555
0 0.51 0.7151111111111111 0.01375 0.018666666666666668
0 0.50875 0.7013333333333334 0.0065 0.021333333333333333
0 0.525 0.7017777777777777 0.00675 0.021333333333333333
0 0.5285 0.7155555555555555 0.00975 0.021333333333333333
0 0.5245 0.7315555555555555 0.00925 0.020888888888888887
0 0.49525 0.6742222222222222 0.01175 0.014222222222222223
0 0.5185 0.6675555555555556 0.01325 0.014666666666666666
0 0.50825 0.6031111111111112 0.01475 0.012444444444444444
0 0.49525 0.5924444444444444 0.01275 0.014666666666666666
0 0.5055 0.5675555555555556 0.01575 0.011555555555555555
0 0.5035 0.5342222222222223 0.01525 0.019555555555555555
0 0.50425 0.5093333333333333 0.013 0.015111111111111112
0 0.5505 0.5391111111111111 0.0095 0.026222222222222223
0 0.5185 0.576 0.00775 0.021333333333333333
0 0.53575 0.5968888888888889 0.01475 0.02
0 0.56425 0.6013333333333334 0.007 0.014666666666666666
0 0.5685 0.6155555555555555 0.00975 0.018666666666666668
0 0.55525 0.6871111111111111 0.00825 0.020444444444444446
0 0.564 0.6977777777777778 0.0115 0.015111111111111112
0 0.56175 0.6884444444444444 0.00925 0.015555555555555555
0 0.5525 0.7693333333333333 0.01325 0.024
0 0.563 0.7937777777777778 0.01725 0.013333333333333334
0 0.55675 0.8173333333333334 0.013 0.015111111111111112
0 0.603 0.8035555555555556 0.0125 0.014666666666666666
0 0.61775 0.8137777777777778 0.01525 0.016444444444444446
0 0.587 0.8293333333333334 0.01525 0.014222222222222223
0 0.5925 0.8368888888888889 0.0125 0.016444444444444446
0 0.614 0.8546666666666667 0.00675 0.026222222222222223
0 0.584 0.8733333333333333 0.01475 0.022222222222222223
0 0.57975 0.8586666666666667 0.012 0.015555555555555555
0 0.5705 0.8515555555555555 0.01475 0.012
0 0.625 0.8728888888888889 0.0115 0.018666666666666668
0 0.63525 0.8693333333333333 0.011 0.012
0 0.64375 0.8733333333333333 0.016 0.011111111111111112
0 0.594 0.9173333333333333 0.01425 0.013777777777777778
0 0.61775 0.9217777777777778 0.0135 0.017333333333333333
0 0.64925 0.936 0.01225 0.014222222222222223
0 0.63975 0.9471111111111111 0.0125 0.017777777777777778
0 0.6355 0.9742222222222222 0.01275 0.022222222222222223
0 0.602 0.9813333333333333 0.009 0.02
0 0.604 0.9653333333333334 0.01475 0.012444444444444444
0 0.58975 0.9893333333333333 0.01425 0.013333333333333334
0 0.6125 0.9933333333333333 0.0105 0.012888888888888889
0 0.6675 0.94 0.01525 0.013777777777777778
0 0.663 0.9533333333333334 0.01475 0.019555555555555555
0 0.6735 0.9586666666666667 0.00775 0.029777777777777778
0 0.68575 0.9786666666666667 0.007 0.026222222222222223
0 0.69125 0.9933333333333333 0.0065 0.012888888888888889
0 0.69675 0.9857777777777778 0.00475 0.017777777777777778
0 0.7045 0.9573333333333334 0.00775 0.022222222222222223
0 0.666 0.9013333333333333 0.01125 0.02311111111111111
0 0.65875 0.8497777777777777 0.00675 0.022222222222222223
0 0.668 0.8693333333333333 0.0055 0.02311111111111111
0 0.673 0.8684444444444445 0.0055 0.021333333333333333
0 0.68425 0.8493333333333334 0.00975 0.021777777777777778
0 0.68825 0.8364444444444444 0.00725 0.020444444444444446
0 0.708 0.8208888888888889 0.0085 0.025333333333333333
0 0.68025 0.8048888888888889 0.0095 0.018666666666666668
0 0.6605 0.8048888888888889 0.00975 0.02266666666666667
0 0.65775 0.7893333333333333 0.0115 0.018666666666666668
0 0.6725 0.7924444444444444 0.01575 0.015555555555555555
0 0.66725 0.7742222222222223 0.00775 0.020888888888888887
0 0.692 0.7822222222222223 0.01125 0.02
0 0.67625 0.7306666666666667 0.0155 0.016
0 0.632 0.7662222222222222 0.011 0.02266666666666667
0 0.5895 0.7631111111111111 0.01025 0.018222222222222223
0 0.56825 0.7444444444444445 0.0125 0.016444444444444446
0 0.6045 0.7568888888888889 0.016 0.010666666666666666
0 0.5915 0.7191111111111111 0.01175 0.017777777777777778
0 0.587 0.712 0.01175 0.01911111111111111
0 0.5745 0.7137777777777777 0.01075 0.011111111111111112
0 0.574 0.6893333333333334 0.00725 0.020444444444444446
0 0.6085 0.6742222222222222 0.011 0.02266666666666667
0 0.62525 0.6817777777777778 0.015 0.016444444444444446
0 0.63625 0.672 0.0105 0.014666666666666666
0 0.64625 0.6702222222222223 0.00875 0.022222222222222223
0 0.6525 0.668 0.01025 0.012444444444444444
0 0.58175 0.6462222222222223 0.0115 0.022222222222222223
0 0.589 0.6573333333333333 0.00925 0.020444444444444446
0 0.6125 0.6417777777777778 0.01025 0.02311111111111111
0 0.62825 0.6444444444444445 0.0105 0.026222222222222223
0 0.63075 0.6635555555555556 0.01425 0.011111111111111112
0 0.646 0.6417777777777778 0.01525 0.012888888888888889
0 0.61625 0.6195555555555555 0.01475 0.016444444444444446
0 0.59925 0.5955555555555555 0.00775 0.016444444444444446
0 0.63925 0.5862222222222222 0.01275 0.014666666666666666
0 0.585 0.5631111111111111 0.01 0.019555555555555555
0 0.59175 0.5662222222222222 0.00675 0.025777777777777778
0 0.6015 0.5515555555555556 0.015 0.013777777777777778
0 0.6235 0.5488888888888889 0.0135 0.016
0 0.65025 0.5564444444444444 0.00925 0.025333333333333333
0 0.6495 0.584 0.00775 0.022222222222222223
0 0.6735 0.5697777777777778 0.0125 0.01911111111111111
0 0.67475 0.5551111111111111 0.013 0.016
0 0.67175 0.6453333333333333 0.00775 0.013333333333333334
0 0.66425 0.664 0.01475 0.015111111111111112
0 0.6775 0.6462222222222223 0.01025 0.025333333333333333
0 0.67475 0.6902222222222222 0.009 0.024888888888888887
0 0.69525 0.6617777777777778 0.013 0.012444444444444444
0 0.705 0.6857777777777778 0.01375 0.014222222222222223
0 0.501 0.32355555555555554 0.012 0.016444444444444446
0 0.51075 0.3297777777777778 0.014 0.015111111111111112
0 0.51275 0.31866666666666665 0.01575 0.012
0 0.50775 0.3453333333333333 0.01625 0.018222222222222223
0 0.48925 0.3791111111111111 0.013 0.015555555555555555
0 0.50025 0.37733333333333335 0.00625 0.014222222222222223
0 0.51925 0.3551111111111111 0.0125 0.015555555555555555
0 0.5355 0.3431111111111111 0.0145 0.009777777777777778
0 0.51925 0.39555555555555555 0.00825 0.024444444444444446
0 0.53875 0.3808888888888889 0.0135 0.020444444444444446
0 0.54275 0.38222222222222224 0.0135 0.0071111111111111115
0 0.56325 0.39066666666666666 0.009 0.028444444444444446
0 0.57375 0.39911111111111114 0.01675 0.02
0 0.58725 0.404 0.016 0.014222222222222223
0 0.5845 0.3648888888888889 0.0155 0.016
0 0.61375 0.33155555555555555 0.01725 0.012444444444444444
0 0.6125 0.32622222222222225 0.01225 0.012
0 0.62125 0.33866666666666667 0.0155 0.016444444444444446
0 0.6195 0.352 0.01475 0.009777777777777778
0 0.6225 0.36844444444444446 0.016 0.011111111111111112
0 0.625 0.3586666666666667 0.01 0.017333333333333333
0 0.61825 0.38355555555555554 0.015 0.012444444444444444
0 0.61825 0.39911111111111114 0.013 0.014222222222222223
0 0.61125 0.42177777777777775 0.011 0.02311111111111111
0 0.62675 0.432 0.0105 0.029777777777777778
0 0.531 0.4275555555555556 0.01125 0.019555555555555555
0 0.513 0.45955555555555555 0.01525 0.012444444444444444
0 0.5135 0.45022222222222225 0.0135 0.014222222222222223
0 0.497 0.46755555555555556 0.0165 0.011111111111111112
0 0.535 0.4622222222222222 0.00975 0.020888888888888887
0 0.54325 0.47555555555555556 0.0155 0.012444444444444444
0 0.5535 0.46755555555555556 0.01225 0.008444444444444444
0 0.5505 0.424 0.00825 0.021333333333333333
0 0.54325 0.4288888888888889 0.00825 0.029333333333333333
0 0.56925 0.43955555555555553 0.0105 0.018666666666666668
0 0.5825 0.452 0.009 0.01911111111111111
0 0.60825 0.48444444444444446 0.00925 0.016888888888888887
0 0.617 0.4928888888888889 0.011 0.014666666666666666
0 0.62775 0.4915555555555556 0.00925 0.035555555555555556
0 0.6345 0.5177777777777778 0.013 0.012
0 0.5605 0.5146666666666667 0.01725 0.016444444444444446
0 0.645 0.47155555555555556 0.01575 0.017333333333333333
0 0.6605 0.48577777777777775 0.00925 0.026222222222222223
0 0.398 0.02 0.00975 0.020888888888888887
0 0.39625 0.007555555555555556 0.0095 0.015111111111111112
0 0.6405 0.012888888888888889 0.01225 0.016444444444444446
0 0.64325 0.0035555555555555557 0.01225 0.0071111111111111115
0 0.6595 0.02 0.01275 0.024888888888888887
0 0.658 0.042222222222222223 0.0145 0.012888888888888889
0 0.6435 0.04755555555555555 0.014 0.019555555555555555
0 0.6455 0.08577777777777777 0.00925 0.023555555555555555
0 0.66775 0.06 0.00975 0.02
0 0.703 0.004888888888888889 0.016 0.009777777777777778
0 0.768 0.003111111111111111 0.01375 0.0057777777777777775
0 0.72 0.013333333333333334 0.00575 0.026222222222222223
0 0.7215 0.008444444444444444 0.013 0.016888888888888887
0 0.71475 0.07555555555555556 0.0145 0.015111111111111112
0 0.71425 0.06355555555555556 0.014 0.011555555555555555
0 0.718 0.051111111111111114 0.00875 0.02
0 0.7265 0.05377777777777778 0.0145 0.01911111111111111
0 0.6905 0.08755555555555555 0.0125 0.013333333333333334
0 0.687 0.072 0.0095 0.018222222222222223
0 0.72925 0.10488888888888889 0.015 0.016
0 0.686 0.12755555555555556 0.01975 0.013333333333333334
0 0.642 0.1942222222222222 0.008 0.028
0 0.65125 0.17022222222222222 0.01375 0.022222222222222223
0 0.6775 0.15733333333333333 0.01325 0.01911111111111111
0 0.71175 0.16 0.01775 0.016888888888888887
0 0.70775 0.1431111111111111 0.01175 0.016888888888888887
0 0.705 0.18844444444444444 0.01075 0.020888888888888887
0 0.682 0.19111111111111112 0.017 0.018666666666666668
0 0.68925 0.20577777777777778 0.0135 0.012888888888888889
0 0.65025 0.24755555555555556 0.0085 0.023555555555555555
0 0.67475 0.2577777777777778 0.0105 0.030222222222222223
0 0.67725 0.2351111111111111 0.013 0.016444444444444446
0 0.6695 0.2848888888888889 0.01175 0.017777777777777778
0 0.6865 0.26355555555555554 0.01475 0.025777777777777778
0 0.709 0.2826666666666667 0.0105 0.019555555555555555
0 0.707 0.2644444444444444 0.011 0.027555555555555555
0 0.72925 0.20933333333333334 0.00925 0.015555555555555555
0 0.739 0.20666666666666667 0.01375 0.012
0 0.72225 0.2577777777777778 0.01375 0.015111111111111112
0 0.72025 0.24977777777777777 0.01475 0.007555555555555556
0 0.721 0.24133333333333334 0.013 0.010666666666666666
0 0.732 0.24133333333333334 0.011 0.013333333333333334
0 0.75025 0.25733333333333336 0.0085 0.025777777777777778
0 0.76925 0.2222222222222222 0.0125 0.02
0 0.777 0.24488888888888888 0.013 0.018222222222222223
0 0.748 0.2786666666666667 0.0155 0.012444444444444444
0 0.75975 0.3342222222222222 0.0125 0.022222222222222223
0 0.764 0.30933333333333335 0.01025 0.017777777777777778
0 0.77175 0.28844444444444445 0.01075 0.016
0 0.69325 0.29333333333333333 0.0105 0.020444444444444446
0 0.72025 0.2946666666666667 0.01525 0.015555555555555555
0 0.73725 0.17555555555555555 0.015 0.014222222222222223
0 0.736 0.164 0.01375 0.014222222222222223
0 0.75225 0.17022222222222222 0.016 0.016444444444444446
0 0.74125 0.14044444444444446 0.015 0.018666666666666668
0 0.739 0.11555555555555555 0.009 0.02666666666666667
0 0.75475 0.11777777777777777 0.01525 0.016444444444444446
0 0.7545 0.04888888888888889 0.00925 0.030222222222222223
0 0.75425 0.015555555555555555 0.011 0.011555555555555555
0 0.7675 0.17022222222222222 0.013 0.030222222222222223
0 0.7645 0.15066666666666667 0.0125 0.016888888888888887
0 0.77175 0.14 0.009 0.027555555555555555
0 0.7805 0.12933333333333333 0.01575 0.013333333333333334
0 0.784 0.14577777777777778 0.01075 0.02711111111111111
0 0.79375 0.16266666666666665 0.01525 0.011555555555555555
0 0.79275 0.15066666666666667 0.0095 0.016
0 0.80125 0.15155555555555555 0.00925 0.011111111111111112
0 0.79925 0.18488888888888888 0.01275 0.014666666666666666
0 0.777 0.17866666666666667 0.01725 0.015111111111111112
0 0.81625 0.2 0.01075 0.014222222222222223
0 0.821 0.19733333333333333 0.004 0.02311111111111111
0 0.8255 0.18266666666666667 0.018 0.011555555555555555
0 0.826 0.16311111111111112 0.0155 0.012444444444444444
0 0.8365 0.2008888888888889 0.01525 0.015111111111111112
0 0.799 0.24711111111111111 0.015 0.014222222222222223
0 0.795 0.23422222222222222 0.01375 0.013333333333333334
0 0.815 0.24933333333333332 0.0155 0.020444444444444446
0 0.8295 0.25244444444444447 0.0115 0.011555555555555555
0 0.82525 0.24266666666666667 0.0075 0.025777777777777778
0 0.8425 0.25866666666666666 0.01075 0.02266666666666667
0 0.8525 0.25377777777777777 0.01575 0.016888888888888887
0 0.85325 0.2262222222222222 0.0105 0.02311111111111111
0 0.804 0.29155555555555557 0.00725 0.030666666666666665
0 0.808 0.2777777777777778 0.00525 0.027555555555555555
0 0.78825 0.2604444444444444 0.0115 0.020444444444444446
0 0.773 0.31377777777777777 0.0065 0.023555555555555555
0 0.7805 0.3204444444444444 0.00975 0.014666666666666666
0 0.792 0.3208888888888889 0.0135 0.010666666666666666
0 0.79575 0.3302222222222222 0.0125 0.013333333333333334
0 0.73425 0.324 0.01525 0.01911111111111111
0 0.715 0.3257777777777778 0.013 0.021777777777777778
0 0.699 0.32622222222222225 0.011 0.022222222222222223
0 0.676 0.3382222222222222 0.0105 0.016888888888888887
0 0.65475 0.364 0.013 0.027555555555555555
0 0.66275 0.3626666666666667 0.01075 0.016
0 0.6755 0.36933333333333335 0.011 0.011111111111111112
0 0.677 0.36088888888888887 0.00975 0.014666666666666666
0 0.68425 0.3582222222222222 0.0065 0.024
0 0.68575 0.37822222222222224 0.0125 0.010222222222222223
0 0.67525 0.4137777777777778 0.01375 0.010666666666666666
0 0.673 0.3973333333333333 0.016 0.016888888888888887
0 0.648 0.4093333333333333 0.0085 0.024888888888888887
0 0.655 0.39911111111111114 0.00975 0.020888888888888887
0 0.66175 0.4524444444444444 0.01325 0.010666666666666666
0 0.65625 0.44177777777777777 0.0075 0.010222222222222223
0 0.65525 0.428 0.01275 0.010666666666666666
0 0.688 0.41333333333333333 0.01275 0.012888888888888889
0 0.7065 0.4231111111111111 0.01375 0.014666666666666666
0 0.704 0.3688888888888889 0.0065 0.02266666666666667
0 0.7095 0.36933333333333335 0.00725 0.02266666666666667
0 0.71625 0.36577777777777776 0.00875 0.012888888888888889
0 0.7305 0.3546666666666667 0.00925 0.017777777777777778
0 0.7215 0.3791111111111111 0.0115 0.018222222222222223
0 0.7345 0.376 0.0135 0.013333333333333334
0 0.7375 0.364 0.01275 0.011111111111111112
0 0.7475 0.36177777777777775 0.01475 0.012
0 0.771 0.36444444444444446 0.009 0.02666666666666667
0 0.76625 0.408 0.014 0.01911111111111111
0 0.76 0.43244444444444446 0.01125 0.019555555555555555
0 0.72 0.4613333333333333 0.00725 0.019555555555555555
0 0.71775 0.4408888888888889 0.007 0.01911111111111111
0 0.67425 0.45955555555555555 0.01075 0.016888888888888887
0 0.6825 0.46444444444444444 0.01125 0.018222222222222223
0 0.686 0.4582222222222222 0.01125 0.012888888888888889
0 0.6925 0.456 0.01025 0.015111111111111112
0 0.7025 0.45911111111111114 0.011 0.015555555555555555
0 0.68475 0.4862222222222222 0.0155 0.014222222222222223
0 0.687 0.5115555555555555 0.0155 0.018666666666666668
0 0.71125 0.4826666666666667 0.0145 0.020444444444444446
0 0.74325 0.4742222222222222 0.01725 0.011555555555555555
0 0.769 0.4653333333333333 0.01975 0.012
0 0.769 0.45555555555555555 0.0125 0.015555555555555555
0 0.79075 0.4266666666666667 0.01075 0.024444444444444446
0 0.79575 0.4791111111111111 0.01075 0.022222222222222223
0 0.7605 0.4888888888888889 0.0095 0.016444444444444446
0 0.7335 0.5106666666666667 0.007 0.028888888888888888
0 0.74225 0.5102222222222222 0.00825 0.020888888888888887
0 0.71825 0.5288888888888889 0.011 0.023555555555555555
0 0.7 0.5684444444444444 0.00875 0.02711111111111111
0 0.703 0.5542222222222222 0.0125 0.012888888888888889
0 0.705 0.5391111111111111 0.01525 0.018666666666666668
0 0.71 0.564 0.0145 0.012888888888888889
0 0.72725 0.5857777777777777 0.01375 0.027555555555555555
0 0.7305 0.5613333333333334 0.007 0.025777777777777778
0 0.7375 0.5475555555555556 0.01075 0.015111111111111112
0 0.75075 0.5715555555555556 0.01725 0.023555555555555555
0 0.75575 0.5573333333333333 0.015 0.016
0 0.76375 0.5426666666666666 0.0105 0.017777777777777778
0 0.7655 0.5728888888888889 0.00975 0.028888888888888888
0 0.7755 0.5653333333333334 0.01125 0.021777777777777778
0 0.78475 0.5186666666666667 0.00875 0.030222222222222223
0 0.7725 0.5062222222222222 0.01275 0.016888888888888887
0 0.7925 0.54 0.014 0.013333333333333334
0 0.80375 0.532 0.0095 0.020444444444444446
0 0.812 0.5013333333333333 0.0155 0.016888888888888887
0 0.82275 0.5351111111111111 0.011 0.02
0 0.74075 0.62 0.0145 0.016888888888888887
0 0.73325 0.6462222222222223 0.01675 0.01911111111111111
0 0.74125 0.6822222222222222 0.01275 0.02266666666666667
0 0.7815 0.6982222222222222 0.01475 0.01911111111111111
0 0.778 0.7377777777777778 0.01125 0.018222222222222223
0 0.72775 0.7595555555555555 0.01375 0.016
0 0.7335 0.7493333333333333 0.01025 0.021777777777777778
0 0.73925 0.728 0.00975 0.014666666666666666
0 0.7165 0.7746666666666666 0.0135 0.020444444444444446
0 0.7455 0.7728888888888888 0.0145 0.020444444444444446
0 0.736 0.8426666666666667 0.011 0.021777777777777778
0 0.747 0.8208888888888889 0.00725 0.02711111111111111
0 0.751 0.8088888888888889 0.01275 0.012888888888888889
0 0.74975 0.7991111111111111 0.02075 0.010222222222222223
0 0.754 0.8364444444444444 0.008 0.020888888888888887
0 0.76325 0.8417777777777777 0.01075 0.027555555555555555
0 0.761 0.8222222222222222 0.014 0.015555555555555555
0 0.78925 0.7768888888888889 0.0075 0.025777777777777778
0 0.781 0.8435555555555555 0.00825 0.028
0 0.717 0.8764444444444445 0.013 0.014222222222222223
0 0.7365 0.8675555555555555 0.00825 0.022222222222222223
0 0.73775 0.8933333333333333 0.01625 0.014222222222222223
0 0.74525 0.88 0.01575 0.012888888888888889
0 0.74075 0.9364444444444444 0.01725 0.023555555555555555
0 0.72225 0.9488888888888889 0.01325 0.014222222222222223
0 0.7695 0.9315555555555556 0.0185 0.016444444444444446
0 0.771 0.9137777777777778 0.01075 0.024
0 0.77575 0.8902222222222222 0.01575 0.012444444444444444
0 0.76475 0.9008888888888889 0.0125 0.012
0 0.7755 0.9777777777777777 0.0075 0.03244444444444444
0 0.77475 0.964 0.01225 0.021777777777777778
0 0.79625 0.9244444444444444 0.01025 0.03155555555555556
0 0.7805 0.8715555555555555 0.00875 0.02711111111111111
0 0.78775 0.8706666666666667 0.00825 0.025777777777777778
0 0.796 0.8768888888888889 0.011 0.015555555555555555
0 0.7965 0.8573333333333333 0.009 0.021777777777777778
0 0.81725 0.9013333333333333 0.0145 0.024
0 0.79 0.9955555555555555 0.013 0.008888888888888889
0 0.8275 0.9902222222222222 0.0115 0.019555555555555555
0 0.82825 0.976 0.0115 0.023555555555555555
0 0.86125 0.9342222222222222 0.01375 0.015555555555555555
0 0.8665 0.9457777777777778 0.0125 0.016888888888888887
0 0.863 0.9906666666666667 0.01475 0.017777777777777778
0 0.83475 0.896 0.0075 0.024888888888888887
0 0.8425 0.8568888888888889 0.0095 0.025777777777777778
0 0.80175 0.8475555555555555 0.01225 0.011111111111111112
0 0.804 0.8191111111111111 0.01975 0.014666666666666666
0 0.8015 0.8057777777777778 0.00675 0.025777777777777778
0 0.80675 0.8053333333333333 0.00475 0.020888888888888887
0 0.81125 0.8048888888888889 0.00575 0.023555555555555555
0 0.8215 0.7773333333333333 0.01375 0.01911111111111111
0 0.80625 0.7533333333333333 0.014 0.016888888888888887
0 0.83225 0.82 0.0155 0.016444444444444446
0 0.86925 0.8191111111111111 0.016 0.018666666666666668
0 0.87875 0.8395555555555556 0.006 0.020444444444444446
0 0.85075 0.8728888888888889 0.0065 0.015555555555555555
0 0.86025 0.8697777777777778 0.013 0.018666666666666668
0 0.892 0.956 0.01175 0.02666666666666667
0 0.88575 0.9973333333333333 0.00825 0.004888888888888889
0 0.9005 0.9915555555555555 0.00975 0.016888888888888887
0 0.90575 0.976 0.0095 0.015111111111111112
0 0.914 0.9715555555555555 0.01175 0.03244444444444444
0 0.94675 0.9608888888888889 0.017 0.02311111111111111
0 0.8905 0.8755555555555555 0.01275 0.022222222222222223
0 0.95225 0.8893333333333333 0.00925 0.026222222222222223
0 0.96575 0.8764444444444445 0.01125 0.018666666666666668
0 0.97575 0.8764444444444445 0.011 0.017777777777777778
0 0.98675 0.8546666666666667 0.01625 0.013333333333333334
0 0.974 0.9133333333333333 0.013 0.02266666666666667
0 0.9975 0.9124444444444444 0.005 0.015111111111111112
0 0.98025 0.9982222222222222 0.01175 0.0035555555555555557
0 0.9375 0.8284444444444444 0.00925 0.023555555555555555
0 0.945 0.8284444444444444 0.009 0.023555555555555555
0 0.95575 0.8128888888888889 0.01275 0.028444444444444446
0 0.95675 0.7791111111111111 0.01175 0.03155555555555556
0 0.97525 0.7382222222222222 0.0125 0.016
0 0.9855 0.7484444444444445 0.00975 0.013333333333333334
0 0.993 0.7377777777777778 0.01275 0.015111111111111112
0 0.99775 0.7377777777777778 0.0045 0.019555555555555555
0 0.9385 0.8155555555555556 0.0085 0.02266666666666667
0 0.93825 0.7888888888888889 0.00925 0.027555555555555555
0 0.925 0.8142222222222222 0.01025 0.029777777777777778
0 0.9025 0.7955555555555556 0.00625 0.011555555555555555
0 0.915 0.796 0.0075 0.011111111111111112
0 0.90925 0.7844444444444445 0.0125 0.015555555555555555
0 0.89725 0.7826666666666666 0.01175 0.018666666666666668
0 0.81875 0.026222222222222223 0.01075 0.017333333333333333
0 0.82375 0.04666666666666667 0.01225 0.020888888888888887
0 0.8145 0.041777777777777775 0.0145 0.009333333333333334
0 0.77525 0.028888888888888888 0.01225 0.017333333333333333
0 0.7715 0.044 0.012 0.017333333333333333
0 0.7835 0.02 0.01125 0.014222222222222223
0 0.7885 0.06177777777777778 0.00575 0.027555555555555555
0 0.7925 0.041777777777777775 0.01575 0.007555555555555556
0 0.793 0.030222222222222223 0.0175 0.009333333333333334
0 0.793 0.06355555555555556 0.0075 0.029777777777777778
0 0.78225 0.076 0.01125 0.009777777777777778
0 0.7985 0.064 0.00775 0.025777777777777778
0 0.804 0.06622222222222222 0.00625 0.019555555555555555
0 0.8145 0.07155555555555555 0.01425 0.013333333333333334
0 0.80475 0.09777777777777778 0.00875 0.013777777777777778
0 0.82025 0.092 0.009 0.008888888888888889
0 0.8335 0.08711111111111111 0.012 0.010222222222222223
0 0.823 0.10088888888888889 0.00675 0.014666666666666666
0 0.8285 0.124 0.011 0.02
0 0.8725 0.11511111111111111 0.00825 0.023555555555555555
0 0.8685 0.07555555555555556 0.0185 0.015555555555555555
0 0.84925 0.04088888888888889 0.014 0.016888888888888887
0 0.86675 0.010666666666666666 0.0095 0.020888888888888887
0 0.9275 0.008 0.00975 0.016
0 0.954 0.032 0.01025 0.02
0 0.96275 0.028 0.0075 0.023555555555555555
0 0.95075 0.05288888888888889 0.01 0.020444444444444446
0 0.95275 0.088 0.011 0.025333333333333333
0 0.9555 0.011111111111111112 0.00925 0.017333333333333333
0 0.968 0.004 0.007 0.008
0 0.97775 0.030666666666666665 0.006 0.023555555555555555
0 0.982 0.043555555555555556 0.011 0.014666666666666666
0 0.994 0.058222222222222224 0.01175 0.016
0 0.96825 0.08444444444444445 0.01375 0.013333333333333334
0 0.9595 0.12311111111111112 0.0115 0.028888888888888888
0 0.90825 0.10088888888888889 0.00875 0.022222222222222223
0 0.90075 0.09155555555555556 0.0135 0.009333333333333334
0 0.8875 0.08311111111111111 0.008 0.026222222222222223
0 0.895 0.06533333333333333 0.01375 0.015111111111111112
0 0.89625 0.07511111111111111 0.0055 0.017333333333333333
0 0.8965 0.04044444444444444 0.0155 0.017777777777777778
0 0.92125 0.14355555555555555 0.013 0.016888888888888887
0 0.9075 0.16311111111111112 0.01125 0.024
0 0.902 0.18088888888888888 0.01625 0.012444444444444444
0 0.89325 0.16044444444444445 0.00975 0.013333333333333334
0 0.8705 0.1728888888888889 0.0155 0.02
0 0.893 0.21555555555555556 0.00775 0.03155555555555556
0 0.8845 0.228 0.00775 0.02666666666666667
0 0.90425 0.22977777777777778 0.0135 0.015555555555555555
0 0.92925 0.21688888888888888 0.01325 0.015555555555555555
0 0.93875 0.21777777777777776 0.00675 0.021777777777777778
0 0.92675 0.23244444444444445 0.01525 0.008888888888888889
0 0.9205 0.26666666666666666 0.013 0.025333333333333333
0 0.92475 0.26755555555555555 0.01075 0.015111111111111112
0 0.917 0.28888888888888886 0.0155 0.016444444444444446
0 0.9085 0.2813333333333333 0.01625 0.014222222222222223
0 0.8975 0.2813333333333333 0.00925 0.024
0 0.891 0.2697777777777778 0.0125 0.013777777777777778
0 0.8475 0.29644444444444445 0.0085 0.018222222222222223
0 0.83625 0.2688888888888889 0.0065 0.02666666666666667
0 0.9755 0.14844444444444443 0.01325 0.013777777777777778
0 0.98475 0.14933333333333335 0.011 0.016444444444444446
0 0.99625 0.13555555555555557 0.00725 0.02666666666666667
0 0.9655 0.18711111111111112 0.01425 0.021777777777777778
0 0.9625 0.22 0.01225 0.020444444444444446
0 0.9805 0.22088888888888888 0.01075 0.012
0 0.97275 0.23066666666666666 0.00675 0.028444444444444446
0 0.99675 0.25377777777777777 0.0065 0.024
0 0.99575 0.23644444444444446 0.0085 0.016
0 0.99475 0.30666666666666664 0.0105 0.024888888888888887
0 0.99675 0.33644444444444443 0.0065 0.013777777777777778
0 0.987 0.356 0.0135 0.016888888888888887
0 0.9845 0.34044444444444444 0.00625 0.01911111111111111
0 0.97425 0.3342222222222222 0.01525 0.018666666666666668
0 0.9465 0.3408888888888889 0.0105 0.022222222222222223
0 0.95175 0.33244444444444443 0.00525 0.020444444444444446
0 0.95825 0.26355555555555554 0.01125 0.014666666666666666
0 0.96875 0.26622222222222225 0.0125 0.017777777777777778
0 0.98125 0.2644444444444444 0.01375 0.024444444444444446
0 0.99575 0.3848888888888889 0.00625 0.023555555555555555
0 0.9975 0.4013333333333333 0.005 0.020444444444444446
0 0.987 0.39155555555555555 0.009 0.015111111111111112
0 0.9575 0.4368888888888889 0.0175 0.016
0 0.99575 0.5671111111111111 0.0085 0.016888888888888887
0 0.99725 0.5524444444444444 0.00525 0.015111111111111112
0 0.98625 0.5622222222222222 0.00725 0.017777777777777778
0 0.97775 0.5506666666666666 0.007 0.02266666666666667
0 0.99275 0.5306666666666666 0.012 0.015111111111111112
0 0.99125 0.52 0.0085 0.02
0 0.94 0.3884444444444444 0.007 0.021777777777777778
0 0.92875 0.3982222222222222 0.013 0.014666666666666666
0 0.92125 0.38 0.007 0.02666666666666667
0 0.9165 0.3417777777777778 0.0115 0.01911111111111111
0 0.90775 0.37644444444444447 0.015 0.016
0 0.8965 0.3937777777777778 0.012 0.013333333333333334
0 0.8895 0.39955555555555555 0.01075 0.020444444444444446
0 0.8735 0.4191111111111111 0.016 0.015111111111111112
0 0.8775 0.4088888888888889 0.0115 0.012
0 0.86175 0.37955555555555553 0.00925 0.028444444444444446
0 0.87975 0.3413333333333333 0.013 0.017333333333333333
0 0.8625 0.3502222222222222 0.0105 0.019555555555555555
0 0.85175 0.36177777777777775 0.007 0.025777777777777778
0 0.801 0.3626666666666667 0.00675 0.027555555555555555
0 0.81975 0.33244444444444443 0.01175 0.019555555555555555
0 0.82725 0.32266666666666666 0.015 0.015555555555555555
0 0.84425 0.32711111111111113 0.018 0.012444444444444444
0 0.83975 0.36177777777777775 0.01025 0.02711111111111111
0 0.84725 0.40444444444444444 0.01425 0.017333333333333333
0 0.8255 0.3897777777777778 0.01025 0.024444444444444446
0 0.8105 0.4182222222222222 0.00725 0.025777777777777778
0 0.823 0.428 0.01675 0.012444444444444444
0 0.825 0.4568888888888889 0.013 0.019555555555555555
0 0.82175 0.4493333333333333 0.0135 0.018666666666666668
0 0.902 0.44044444444444447 0.013 0.018222222222222223
0 0.8985 0.432 0.00725 0.019555555555555555
0 0.9165 0.416 0.00825 0.018222222222222223
0 0.9305 0.44133333333333336 0.012 0.018666666666666668
0 0.92975 0.4275555555555556 0.0155 0.011555555555555555
0 0.93625 0.4328888888888889 0.00675 0.017333333333333333
0 0.914 0.46 0.015 0.016888888888888887
0 0.912 0.4484444444444444 0.011 0.024
0 0.90025 0.4568888888888889 0.00675 0.020444444444444446
0 0.8825 0.472 0.00925 0.02
0 0.836 0.512 0.01075 0.017333333333333333
0 0.84075 0.5368888888888889 0.00625 0.024444444444444446
0 0.8715 0.5102222222222222 0.01475 0.013333333333333334
0 0.8805 0.5226666666666666 0.01475 0.01911111111111111
0 0.8605 0.5515555555555556 0.0085 0.026222222222222223
0 0.90575 0.5013333333333333 0.0065 0.024444444444444446
0 0.91075 0.4888888888888889 0.01075 0.02
0 0.89825 0.4888888888888889 0.0105 0.019555555555555555
0 0.90525 0.5266666666666666 0.00775 0.028444444444444446
0 0.89 0.524 0.0075 0.018666666666666668
0 0.8985 0.5435555555555556 0.01825 0.014222222222222223
0 0.89775 0.5346666666666666 0.01175 0.009777777777777778
0 0.88975 0.5693333333333334 0.0125 0.018666666666666668
0 0.8865 0.5573333333333333 0.01325 0.014222222222222223
0 0.94575 0.5533333333333333 0.0175 0.014222222222222223
0 0.80825 0.6235555555555555 0.00825 0.02266666666666667
0 0.8255 0.6004444444444444 0.015 0.018222222222222223
0 0.83725 0.5968888888888889 0.01075 0.020888888888888887
0 0.907 0.6013333333333334 0.0125 0.013333333333333334
0 0.92925 0.5884444444444444 0.014 0.015555555555555555
0 0.94 0.5964444444444444 0.01225 0.017777777777777778
0 0.95175 0.6195555555555555 0.01325 0.019555555555555555
0 0.93275 0.6288888888888889 0.0095 0.021333333333333333
0 0.91175 0.6164444444444445 0.01025 0.018666666666666668
0 0.85175 0.6355555555555555 0.0075 0.02266666666666667
0 0.859 0.644 0.01175 0.020444444444444446
0 0.8825 0.6591111111111111 0.0175 0.017333333333333333
0 0.8375 0.6657777777777778 0.01 0.020888888888888887
0 0.82625 0.6693333333333333 0.01475 0.020888888888888887
0 0.9275 0.6826666666666666 0.014 0.018222222222222223
0 0.90575 0.72 0.0145 0.025333333333333333
0 0.882 0.7124444444444444 0.01475 0.024888888888888887
0 0.87175 0.7302222222222222 0.0105 0.015555555555555555
0 0.86675 0.7288888888888889 0.01175 0.014666666666666666
0 0.825 0.7204444444444444 0.01425 0.015555555555555555
0 0.92225 0.7235555555555555 0.0085 0.02666666666666667
0 0.88625 0.7422222222222222 0.01 0.020444444444444446
0 0.8915 0.7448888888888889 0.0105 0.012444444444444444
0 0.92875 0.744 0.00675 0.028444444444444446
0 0.935 0.744 0.00975 0.014666666666666666
0 0.943 0.7515555555555555 0.011 0.029777777777777778
0 0.98375 0.6635555555555556 0.01175 0.022222222222222223
0 0.99575 0.7142222222222222 0.008 0.02711111111111111
0 0.99 0.6355555555555555 0.0075 0.02266666666666667
0 0.977 0.6328888888888888 0.00825 0.021333333333333333
0 0.965 0.6262222222222222 0.008 0.025333333333333333
0 0.97175 0.6075555555555555 0.01825 0.014222222222222223
0 0.99575 0.6137777777777778 0.0085 0.018222222222222223
0 0.99875 0.6573333333333333 0.0025 0.008888888888888889
0 0.905 0.9093333333333333 0.008 0.013777777777777778