0 0.565 0.9591111111111111 0.01225 0.016888888888888887
0 0.522 0.9524444444444444 0.01175 0.025333333333333333
0 0.559 0.9195555555555556 0.00975 0.02666666666666667
0 0.61375 0.9142222222222223 0.009 0.027555555555555555
0 0.5845 0.8977777777777778 0.009 0.018666666666666668
0 0.60025 0.8746666666666667 0.01525 0.017777777777777778
0 0.52425 0.8831111111111111 0.0135 0.020888888888888887
0 0.606 0.8497777777777777 0.01325 0.02
0 0.55725 0.8444444444444444 0.011 0.018666666666666668
0 0.569 0.8253333333333334 0.00925 0.016888888888888887
0 0.56125 0.832 0.00925 0.013777777777777778
0 0.55225 0.8204444444444444 0.006 0.02666666666666667
0 0.559 0.8195555555555556 0.00975 0.016444444444444446
0 0.54975 0.8044444444444444 0.00875 0.02
0 0.549 0.784 0.01025 0.025333333333333333
0 0.56325 0.7613333333333333 0.01125 0.01911111111111111
0 0.65925 0.7924444444444444 0.00925 0.025777777777777778
0 0.6245 0.7817777777777778 0.007 0.024888888888888887
0 0.505 0.8302222222222222 0.008 0.022222222222222223
0 0.6615 0.7542222222222222 0.00975 0.013333333333333334
0 0.65725 0.7471111111111111 0.009 0.012444444444444444
0 0.65125 0.7448888888888889 0.01075 0.017777777777777778
0 0.6355 0.7488888888888889 0.01275 0.012
0 0.6395 0.7124444444444444 0.0125 0.018222222222222223
0 0.6515 0.7111111111111111 0.0125 0.013333333333333334
0 0.66125 0.6973333333333334 0.01025 0.016
0 0.64975 0.6937777777777778 0.0065 0.02266666666666667
0 0.6445 0.6777777777777778 0.007 0.025777777777777778
0 0.62825 0.6782222222222222 0.01275 0.011555555555555555
0 0.56825 0.7 0.0085 0.025333333333333333
0 0.541 0.684 0.0165 0.015111111111111112
0 0.5145 0.6884444444444444 0.00975 0.016
0 0.495 0.7093333333333334 0.01225 0.016444444444444446
0 0.68425 0.7893333333333333 0.0095 0.017777777777777778
0 0.756 0.744 0.00975 0.024
0 0.77475 0.7186666666666667 0.01 0.02266666666666667
0 0.82625 0.7022222222222222 0.0085 0.018222222222222223
0 0.8555 0.6822222222222222 0.0095 0.023555555555555555
0 0.6965 0.6782222222222222 0.00775 0.016888888888888887
0 0.6975 0.6471111111111111 0.01075 0.02
0 0.658 0.6542222222222223 0.0105 0.02266666666666667
0 0.65775 0.6355555555555555 0.01225 0.015555555555555555
0 0.69525 0.8106666666666666 0.013 0.014666666666666666
0 0.74775 0.7137777777777777 0.00775 0.024888888888888887
0 0.74875 0.644 0.0145 0.013777777777777778
0 0.736 0.6266666666666667 0.01225 0.018666666666666668
0 0.7865 0.6648888888888889 0.00875 0.021777777777777778
0 0.779 0.6537777777777778 0.01225 0.013777777777777778
0 0.785 0.6471111111111111 0.009 0.02
0 0.8525 0.6466666666666666 0.00825 0.027555555555555555
0 0.9065 0.6386666666666667 0.00775 0.016888888888888887
0 0.903 0.6062222222222222 0.0075 0.027555555555555555
0 0.86625 0.6226666666666667 0.00525 0.016888888888888887
0 0.87125 0.6128888888888889 0.01475 0.016888888888888887
0 0.868 0.5657777777777778 0.014 0.016444444444444446
0 0.877 0.5537777777777778 0.0055 0.021333333333333333
0 0.888 0.5324444444444445 0.00925 0.028888888888888888
0 0.79225 0.5951111111111111 0.01175 0.019555555555555555
0 0.7735 0.5657777777777778 0.01625 0.014222222222222223
0 0.7305 0.5755555555555556 0.01325 0.019555555555555555
0 0.6915 0.5782222222222222 0.01325 0.016888888888888887
0 0.7335 0.5253333333333333 0.0085 0.023555555555555555
0 0.7725 0.5231111111111111 0.01225 0.015555555555555555
0 0.77825 0.5075555555555555 0.007 0.024444444444444446
0 0.7865 0.5528888888888889 0.01375 0.015555555555555555
0 0.8075 0.5377777777777778 0.01175 0.013333333333333334
0 0.814 0.5271111111111111 0.01325 0.017777777777777778
0 0.82925 0.5128888888888888 0.0135 0.020888888888888887
0 0.84425 0.5208888888888888 0.01125 0.017333333333333333
0 0.83925 0.5066666666666667 0.01175 0.020888888888888887
0 0.8455 0.4991111111111111 0.00775 0.021333333333333333
0 0.85625 0.5124444444444445 0.00925 0.02
0 0.86425 0.5155555555555555 0.00925 0.020444444444444446
0 0.87025 0.4951111111111111 0.01175 0.014666666666666666
0 0.87425 0.47733333333333333 0.006 0.025333333333333333
0 0.87225 0.4533333333333333 0.009 0.028888888888888888
0 0.8765 0.4191111111111111 0.0125 0.017777777777777778
0 0.879 0.38711111111111113 0.0115 0.012888888888888889
0 0.93125 0.5244444444444445 0.0145 0.02266666666666667
0 0.9595 0.516 0.01425 0.017333333333333333
0 0.988 0.49422222222222223 0.008 0.023555555555555555
0 0.99475 0.45466666666666666 0.0105 0.01911111111111111
0 0.975 0.4533333333333333 0.01225 0.018666666666666668
0 0.96575 0.456 0.0075 0.020444444444444446
0 0.93375 0.436 0.0165 0.013777777777777778
0 0.93775 0.39555555555555555 0.01375 0.018222222222222223
0 0.90025 0.35288888888888886 0.013 0.019555555555555555
0 0.88225 0.3675555555555556 0.011 0.019555555555555555
0 0.86825 0.35777777777777775 0.01225 0.019555555555555555
0 0.9955 0.4022222222222222 0.009 0.020444444444444446
0 0.98075 0.3928888888888889 0.01525 0.016444444444444446
0 0.977 0.35688888888888887 0.01325 0.021333333333333333
0 0.84075 0.37822222222222224 0.01225 0.015555555555555555
0 0.8395 0.45955555555555555 0.00975 0.01911111111111111
0 0.8185 0.4622222222222222 0.01275 0.013333333333333334
0 0.8015 0.4782222222222222 0.009 0.020888888888888887
0 0.79625 0.4666666666666667 0.00875 0.017333333333333333
0 0.805 0.448 0.00925 0.022222222222222223
0 0.792 0.45911111111111114 0.0085 0.024444444444444446
0 0.77975 0.44755555555555554 0.00725 0.025333333333333333
0 0.776 0.4448888888888889 0.00525 0.023555555555555555
0 0.76875 0.4582222222222222 0.00875 0.02666666666666667
0 0.75925 0.448 0.007 0.024444444444444446
0 0.7415 0.44666666666666666 0.0085 0.024888888888888887
0 0.71625 0.4648888888888889 0.01375 0.012444444444444444
0 0.68425 0.4697777777777778 0.0115 0.016
0 0.677 0.5951111111111111 0.01125 0.02266666666666667
0 0.7555 0.4111111111111111 0.00725 0.023555555555555555
0 0.825 0.44533333333333336 0.01075 0.014666666666666666
0 0.823 0.432 0.01375 0.014222222222222223
0 0.8275 0.4026666666666667 0.01425 0.026222222222222223
0 0.68825 0.36533333333333334 0.0075 0.021333333333333333
0 0.6505 0.5826666666666667 0.0085 0.029777777777777778
0 0.65675 0.5462222222222223 0.007 0.028444444444444446
0 0.63875 0.5582222222222222 0.01025 0.016888888888888887
0 0.6265 0.5626666666666666 0.015 0.017777777777777778
0 0.62925 0.5471111111111111 0.0125 0.014222222222222223
0 0.6335 0.5342222222222223 0.013 0.012888888888888889
0 0.63925 0.5213333333333333 0.0135 0.012444444444444444
0 0.61825 0.5311111111111111 0.01275 0.013333333333333334
0 0.602 0.5062222222222222 0.00975 0.028444444444444446
0 0.592 0.49422222222222223 0.01125 0.020444444444444446
0 0.56375 0.4875555555555556 0.00775 0.02666666666666667
0 0.53525 0.5315555555555556 0.006 0.02711111111111111
0 0.52175 0.5031111111111111 0.008 0.029333333333333333
0 0.6095 0.46844444444444444 0.01525 0.013777777777777778
0 0.575 0.45066666666666666 0.00525 0.027555555555555555
0 0.581 0.436 0.011 0.017777777777777778
0 0.5705 0.43066666666666664 0.00925 0.017333333333333333
0 0.61625 0.45111111111111113 0.0135 0.013777777777777778
0 0.6275 0.4142222222222222 0.0125 0.013777777777777778
0 0.6075 0.41644444444444445 0.00975 0.022222222222222223
0 0.5805 0.3511111111111111 0.0135 0.011555555555555555
0 0.5895 0.33555555555555555 0.00725 0.02266666666666667
0 0.65175 0.34444444444444444 0.00675 0.028888888888888888
0 0.9045 0.31777777777777777 0.0165 0.017333333333333333
0 0.856 0.30533333333333335 0.009 0.020444444444444446
0 0.992 0.2791111111111111 0.0115 0.022222222222222223
0 0.9645 0.26222222222222225 0.00925 0.028444444444444446
0 0.936 0.236 0.0095 0.028888888888888888
0 0.88775 0.24222222222222223 0.008 0.03111111111111111
0 0.87125 0.244 0.01225 0.016444444444444446
0 0.86475 0.22755555555555557 0.00925 0.02
0 0.9615 0.21422222222222223 0.01375 0.019555555555555555
0 0.99375 0.16311111111111112 0.01175 0.015111111111111112
0 0.9505 0.14266666666666666 0.009 0.020444444444444446
0 0.93975 0.128 0.016 0.014666666666666666
0 0.92025 0.16311111111111112 0.014 0.013777777777777778
0 0.875 0.1751111111111111 0.00675 0.029333333333333333
0 0.8645 0.168 0.01275 0.018666666666666668
0 0.85625 0.19377777777777777 0.00775 0.024444444444444446
0 0.84675 0.14933333333333335 0.0095 0.02311111111111111
0 0.90025 0.11244444444444444 0.0115 0.015111111111111112
0 0.977 0.10533333333333333 0.0095 0.015111111111111112
0 0.96975 0.0951111111111111 0.0105 0.012
0 0.879 0.03688888888888889 0.01275 0.016
0 0.8635 0.06 0.01325 0.013333333333333334
0 0.862 0.03955555555555555 0.0145 0.014222222222222223
0 0.85 0.015555555555555555 0.0075 0.024888888888888887
0 0.8305 0.06977777777777777 0.01125 0.013777777777777778
0 0.8265 0.09733333333333333 0.01 0.015111111111111112
0 0.815 0.09911111111111111 0.0065 0.029333333333333333
0 0.81275 0.044 0.0135 0.015111111111111112
0 0.819 0.1497777777777778 0.01175 0.016444444444444446
0 0.80575 0.15911111111111112 0.01325 0.016
0 0.7895 0.19466666666666665 0.0065 0.024444444444444446
0 0.78375 0.20844444444444443 0.011 0.022222222222222223
0 0.795 0.23955555555555555 0.006 0.021777777777777778
0 0.81425 0.29244444444444445 0.00875 0.024
0 0.793 0.30577777777777776 0.0085 0.021333333333333333
0 0.754 0.26622222222222225 0.01 0.02266666666666667
0 0.7205 0.2906666666666667 0.01275 0.012888888888888889
0 0.708 0.30666666666666664 0.009 0.015555555555555555
0 0.722 0.2568888888888889 0.0085 0.02311111111111111
0 0.74625 0.23155555555555554 0.0075 0.024888888888888887
0 0.757 0.22266666666666668 0.0075 0.03333333333333333
0 0.754 0.20177777777777778 0.0175 0.014222222222222223
0 0.755 0.18888888888888888 0.0115 0.017777777777777778
0 0.6865 0.2048888888888889 0.0165 0.016444444444444446
0 0.7685 0.10844444444444444 0.012 0.016
0 0.76 0.11377777777777778 0.01025 0.012444444444444444
0 0.74675 0.13733333333333334 0.00925 0.03111111111111111
0 0.6895 0.10488888888888889 0.008 0.02711111111111111
0 0.77575 0.059555555555555556 0.01075 0.020444444444444446
0 0.764 0.034666666666666665 0.015 0.018666666666666668
0 0.73425 0.05288888888888889 0.0135 0.014666666666666666
0 0.7265 0.06355555555555556 0.011 0.019555555555555555
0 0.7215 0.028888888888888888 0.00625 0.025333333333333333
0 0.695 0.011555555555555555 0.007 0.02311111111111111
0 0.64975 0.2991111111111111 0.00775 0.021333333333333333
0 0.65625 0.25466666666666665 0.00725 0.03155555555555556
0 0.63375 0.24844444444444444 0.0115 0.019555555555555555
0 0.58675 0.2986666666666667 0.01375 0.015555555555555555
0 0.5545 0.2782222222222222 0.0085 0.025333333333333333
0 0.532 0.24177777777777779 0.00775 0.029333333333333333
0 0.52675 0.21511111111111111 0.0105 0.021333333333333333
0 0.535 0.20044444444444445 0.00575 0.020444444444444446
0 0.61775 0.2088888888888889 0.0105 0.012444444444444444
0 0.59175 0.20177777777777778 0.0095 0.012444444444444444
0 0.51225 0.18933333333333333 0.01375 0.015555555555555555
0 0.51775 0.17022222222222222 0.01425 0.016
0 0.5605 0.17022222222222222 0.011 0.013777777777777778
0 0.5525 0.16533333333333333 0.0065 0.02666666666666667
0 0.641 0.168 0.00675 0.025333333333333333
0 0.6195 0.1648888888888889 0.00975 0.027555555555555555
0 0.613 0.13244444444444445 0.01425 0.020444444444444446
0 0.52975 0.10888888888888888 0.01 0.016888888888888887
0 0.515 0.1288888888888889 0.01275 0.014666666666666666
0 0.505 0.1302222222222222 0.0085 0.026222222222222223
0 0.51475 0.058222222222222224 0.01025 0.017333333333333333
0 0.56075 0.022222222222222223 0.00775 0.025777777777777778
0 0.5675 0.008444444444444444 0.0145 0.013777777777777778
0 0.525 0.028888888888888888 0.007 0.028888888888888888
0 0.5185 0.0057777777777777775 0.01425 0.011555555555555555
0 0.6575 0.021777777777777778 0.0085 0.016
0 0.6645 0.024888888888888887 0.00725 0.024
0 0.46225 0.9702222222222222 0.0125 0.013333333333333334
0 0.4025 0.9551111111111111 0.00675 0.02711111111111111
0 0.48525 0.9124444444444444 0.0145 0.014222222222222223
0 0.44475 0.8857777777777778 0.00975 0.014222222222222223
0 0.38525 0.9244444444444444 0.0055 0.02666666666666667
0 0.3785 0.9231111111111111 0.0075 0.014222222222222223
0 0.35925 0.9048888888888889 0.01075 0.02
0 0.349 0.9235555555555556 0.0085 0.02666666666666667
0 0.3505 0.9435555555555556 0.00675 0.017333333333333333
0 0.36275 0.8728888888888889 0.0075 0.021777777777777778
0 0.431 0.8817777777777778 0.0075 0.022222222222222223
0 0.44675 0.8502222222222222 0.00825 0.025777777777777778
0 0.49175 0.844 0.0075 0.019555555555555555
0 0.4825 0.8293333333333334 0.0125 0.014666666666666666
0 0.47 0.8088888888888889 0.00875 0.025777777777777778
0 0.3995 0.8262222222222222 0.011 0.020444444444444446
0 0.3955 0.8093333333333333 0.01375 0.017333333333333333
0 0.396 0.7942222222222223 0.00925 0.01911111111111111
0 0.356 0.7737777777777778 0.0065 0.029777777777777778
0 0.346 0.7608888888888888 0.01225 0.012444444444444444
0 0.35025 0.7524444444444445 0.0125 0.016444444444444446
0 0.34725 0.7382222222222222 0.01325 0.013777777777777778
0 0.44375 0.7608888888888888 0.0075 0.02711111111111111
0 0.424 0.7493333333333333 0.01 0.02266666666666667
0 0.3805 0.7346666666666667 0.014 0.018666666666666668
0 0.37075 0.7133333333333334 0.0075 0.025333333333333333
0 0.486 0.7822222222222223 0.0085 0.027555555555555555
0 0.48 0.74 0.00675 0.01911111111111111
0 0.47775 0.7195555555555555 0.00875 0.021777777777777778
0 0.46725 0.7128888888888889 0.0065 0.02266666666666667
0 0.447 0.7368888888888889 0.007 0.024
0 0.41325 0.6946666666666667 0.008 0.020444444444444446
0 0.39575 0.7017777777777777 0.01125 0.012444444444444444
0 0.39075 0.6875555555555556 0.00625 0.020444444444444446
0 0.414 0.6822222222222222 0.01225 0.014222222222222223
0 0.3245 0.956 0.00675 0.023555555555555555
0 0.2915 0.9768888888888889 0.0065 0.025777777777777778
0 0.2685 0.9764444444444444 0.0075 0.021333333333333333
0 0.36425 0.9235555555555556 0.00625 0.020888888888888887
0 0.33425 0.8862222222222222 0.01325 0.016888888888888887
0 0.3425 0.8613333333333333 0.00825 0.028888888888888888
0 0.334 0.8591111111111112 0.00875 0.027555555555555555
0 0.324 0.8471111111111111 0.0085 0.012888888888888889
0 0.31425 0.8435555555555555 0.01075 0.014666666666666666
0 0.32775 0.8648888888888889 0.009 0.017777777777777778
0 0.33075 0.8404444444444444 0.008 0.017777777777777778
0 0.32225 0.8333333333333334 0.00925 0.013333333333333334
0 0.335 0.8226666666666667 0.00775 0.018222222222222223
0 0.309 0.8288888888888889 0.01125 0.012888888888888889
0 0.3155 0.8284444444444444 0.00625 0.021777777777777778
0 0.26 0.948 0.01025 0.014222222222222223
0 0.22375 0.9675555555555555 0.008 0.02266666666666667
0 0.216 0.9795555555555555 0.0075 0.020444444444444446
0 0.199 0.9915555555555555 0.00825 0.016888888888888887
0 0.21625 0.96 0.00725 0.020888888888888887
0 0.20825 0.9653333333333334 0.01 0.015555555555555555
0 0.20825 0.9448888888888889 0.0085 0.016888888888888887
0 0.218 0.9226666666666666 0.01225 0.013333333333333334
0 0.24925 0.8288888888888889 0.01125 0.012888888888888889
0 0.22175 0.8551111111111112 0.00875 0.017333333333333333
0 0.2115 0.8528888888888889 0.01 0.012444444444444444
0 0.21625 0.8404444444444444 0.015 0.013777777777777778
0 0.2085 0.8177777777777778 0.009 0.013777777777777778
0 0.2755 0.7924444444444444 0.01425 0.016888888888888887
0 0.24325 0.7848888888888889 0.0105 0.017777777777777778
0 0.185 0.7555555555555555 0.008 0.029777777777777778
0 0.29875 0.7666666666666667 0.01225 0.013777777777777778
0 0.2895 0.7662222222222222 0.006 0.027555555555555555
0 0.3105 0.7622222222222222 0.012 0.018222222222222223
0 0.31475 0.7146666666666667 0.00775 0.02666666666666667
0 0.291 0.6795555555555556 0.014 0.014666666666666666
0 0.23975 0.6924444444444444 0.00775 0.024888888888888887
0 0.20125 0.7048888888888889 0.01325 0.014666666666666666
0 0.19625 0.6826666666666666 0.01175 0.019555555555555555
0 0.3325 0.7004444444444444 0.012 0.016
0 0.296 0.6564444444444445 0.00675 0.027555555555555555
0 0.1605 0.7044444444444444 0.007 0.02266666666666667
0 0.16225 0.8177777777777778 0.00575 0.029777777777777778
0 0.16425 0.984 0.00625 0.029777777777777778
0 0.15725 0.8884444444444445 0.008 0.02711111111111111
0 0.15125 0.8577777777777778 0.0135 0.015111111111111112
0 0.12775 0.8573333333333333 0.00575 0.027555555555555555
0 0.12925 0.8262222222222222 0.01 0.020444444444444446
0 0.12275 0.964 0.00775 0.021777777777777778
0 0.112 0.9355555555555556 0.01375 0.015555555555555555
0 0.118 0.9168888888888889 0.0125 0.016444444444444446
0 0.096 0.8835555555555555 0.01 0.025777777777777778
0 0.03225 0.9573333333333334 0.00925 0.024444444444444446
0 0.01075 0.9448888888888889 0.01025 0.02
0 0.03975 0.8644444444444445 0.007 0.03155555555555556
0 0.10725 0.8111111111111111 0.0135 0.015555555555555555
0 0.07775 0.8031111111111111 0.00775 0.029777777777777778
0 0.059 0.7866666666666666 0.0145 0.015555555555555555
0 0.1205 0.7702222222222223 0.01025 0.02266666666666667
0 0.07975 0.7648888888888888 0.012 0.011555555555555555
0 0.07375 0.744 0.00575 0.028
0 0.0175 0.792 0.014 0.012
0 0.01675 0.7777777777777778 0.0075 0.020444444444444446
0 0.02175 0.7666666666666667 0.009 0.02266666666666667
0 0.00925 0.7453333333333333 0.00775 0.021777777777777778
0 0.4855 0.6982222222222222 0.00675 0.026222222222222223
0 0.39825 0.6546666666666666 0.0155 0.018222222222222223
0 0.3535 0.6248888888888889 0.015 0.013777777777777778
0 0.3785 0.6222222222222222 0.01375 0.012444444444444444
0 0.35825 0.604 0.013 0.017333333333333333
0 0.42475 0.6253333333333333 0.0155 0.014666666666666666
0 0.4845 0.6346666666666667 0.01425 0.018222222222222223
0 0.49175 0.5915555555555555 0.0075 0.029777777777777778
0 0.45175 0.596 0.01375 0.013777777777777778
0 0.4345 0.5715555555555556 0.0095 0.01911111111111111
0 0.39175 0.56 0.00975 0.025333333333333333
0 0.4495 0.5395555555555556 0.01475 0.013333333333333334
0 0.46525 0.58 0.0095 0.021777777777777778
0 0.471 0.5608888888888889 0.00775 0.02311111111111111
0 0.50225 0.5284444444444445 0.0135 0.01911111111111111
0 0.40975 0.48844444444444446 0.0115 0.016888888888888887
0 0.3645 0.45155555555555554 0.01125 0.021333333333333333
0 0.42825 0.4457777777777778 0.01125 0.021777777777777778
0 0.415 0.4408888888888889 0.01075 0.018222222222222223
0 0.40925 0.4328888888888889 0.01025 0.015111111111111112
0 0.39 0.41644444444444445 0.01125 0.020444444444444446
0 0.3625 0.4093333333333333 0.0095 0.021777777777777778
0 0.463 0.43866666666666665 0.0055 0.023555555555555555
0 0.4585 0.43777777777777777 0.0065 0.02666666666666667
0 0.455 0.4226666666666667 0.01175 0.011111111111111112
0 0.46325 0.41644444444444445 0.01025 0.016888888888888887
0 0.48075 0.376 0.0155 0.020888888888888887
0 0.32475 0.39866666666666667 0.00675 0.024444444444444446
0 0.32 0.4137777777777778 0.01175 0.013333333333333334
0 0.3225 0.36933333333333335 0.01025 0.016444444444444446
0 0.30525 0.43466666666666665 0.0135 0.014666666666666666
0 0.29575 0.4728888888888889 0.008 0.016444444444444446
0 0.26775 0.4791111111111111 0.0145 0.017333333333333333
0 0.26175 0.49733333333333335 0.012 0.021333333333333333
0 0.2505 0.5035555555555555 0.0115 0.016
0 0.26575 0.448 0.0105 0.02311111111111111
0 0.25975 0.4097777777777778 0.00825 0.030222222222222223
0 0.18075 0.3893333333333333 0.012 0.016
0 0.2435 0.568 0.01075 0.02
0 0.24825 0.6013333333333334 0.01325 0.020888888888888887
0 0.28225 0.6462222222222223 0.016 0.013777777777777778
0 0.282 0.6342222222222222 0.0125 0.016
0 0.226 0.6284444444444445 0.0065 0.023555555555555555
0 0.21575 0.6275555555555555 0.0125 0.016
0 0.21675 0.5915555555555555 0.012 0.016888888888888887
0 0.21 0.588 0.01275 0.012444444444444444
0 0.1965 0.5982222222222222 0.013 0.011111111111111112
0 0.1995 0.5862222222222222 0.01125 0.02
0 0.1975 0.5768888888888889 0.00925 0.018666666666666668
0 0.1815 0.49422222222222223 0.01325 0.012444444444444444
0 0.1425 0.6177777777777778 0.00675 0.025777777777777778
0 0.11725 0.5848888888888889 0.0125 0.017333333333333333
0 0.08675 0.6217777777777778 0.0135 0.012888888888888889
0 0.073 0.6137777777777778 0.01325 0.014222222222222223
0 0.0295 0.5666666666666667 0.0155 0.013333333333333334
0 0.004 0.5942222222222222 0.00775 0.018222222222222223
0 0.04925 0.5502222222222222 0.012 0.027555555555555555
0 0.06975 0.556 0.00875 0.025777777777777778
0 0.035 0.524 0.009 0.02266666666666667
0 0.01225 0.488 0.01475 0.018222222222222223
0 0.04175 0.5026666666666667 0.012 0.012888888888888889
0 0.04 0.4902222222222222 0.01325 0.011111111111111112
0 0.08275 0.4902222222222222 0.01325 0.014222222222222223
0 0.1105 0.4577777777777778 0.01525 0.016888888888888887
0 0.0815 0.432 0.00875 0.023555555555555555
0 0.072 0.43466666666666665 0.00875 0.027555555555555555
0 0.05175 0.44266666666666665 0.012 0.016444444444444446
0 0.041 0.4666666666666667 0.015 0.013333333333333334
0 0.02 0.4048888888888889 0.00725 0.020888888888888887
0 0.08075 0.3751111111111111 0.0065 0.024888888888888887
0 0.0895 0.41155555555555556 0.01275 0.013777777777777778
0 0.144 0.3502222222222222 0.01175 0.020444444444444446
0 0.1085 0.3328888888888889 0.01 0.021777777777777778
0 0.04725 0.33555555555555555 0.008 0.023555555555555555
0 0.108 0.3088888888888889 0.0075 0.028888888888888888
0 0.05075 0.31777777777777777 0.013 0.016
0 0.14575 0.29777777777777775 0.0095 0.020444444444444446
0 0.138 0.2866666666666667 0.00625 0.025333333333333333
0 0.1305 0.2822222222222222 0.006 0.029333333333333333
0 0.101 0.28755555555555556 0.01325 0.01911111111111111
0 0.324 0.3231111111111111 0.01475 0.019555555555555555
0 0.49725 0.304 0.011 0.021777777777777778
0 0.494 0.268 0.01175 0.02
0 0.495 0.24977777777777777 0.01275 0.018222222222222223
0 0.45875 0.25466666666666665 0.007 0.023555555555555555
0 0.429 0.28888888888888886 0.0125 0.014222222222222223
0 0.4055 0.28933333333333333 0.00775 0.028
0 0.379 0.2862222222222222 0.01125 0.021777777777777778
0 0.4075 0.27244444444444443 0.00875 0.020888888888888887
0 0.401 0.24755555555555556 0.00825 0.028
0 0.42725 0.22977777777777778 0.00775 0.03244444444444444
0 0.3655 0.21244444444444444 0.014 0.01911111111111111
0 0.39525 0.1942222222222222 0.0085 0.03422222222222222
0 0.4675 0.23466666666666666 0.01325 0.02
0 0.478 0.19244444444444445 0.0155 0.01911111111111111
0 0.42275 0.176 0.01325 0.013333333333333334
0 0.4165 0.16622222222222222 0.0155 0.024
0 0.377 0.16177777777777777 0.013 0.011111111111111112
0 0.48725 0.1471111111111111 0.017 0.012
0 0.4885 0.11733333333333333 0.01425 0.012
0 0.4335 0.07022222222222223 0.01175 0.020444444444444446
0 0.38375 0.06088888888888889 0.01125 0.015111111111111112
0 0.31775 0.3 0.007 0.02266666666666667
0 0.3015 0.28444444444444444 0.008 0.02266666666666667
0 0.29275 0.2742222222222222 0.00925 0.024444444444444446
0 0.285 0.2613333333333333 0.00925 0.021777777777777778
0 0.28125 0.2986666666666667 0.013 0.016
0 0.311 0.2733333333333333 0.01375 0.01911111111111111
0 0.31075 0.2528888888888889 0.008 0.021777777777777778
0 0.31775 0.23555555555555555 0.007 0.025333333333333333
0 0.25 0.28 0.0065 0.024888888888888887
0 0.23875 0.2773333333333333 0.0125 0.013777777777777778
0 0.31125 0.18888888888888888 0.0155 0.016
0 0.30975 0.16355555555555557 0.0125 0.016888888888888887
0 0.27575 0.21422222222222223 0.0065 0.024888888888888887
0 0.27 0.2111111111111111 0.00625 0.02
0 0.2675 0.18755555555555556 0.00575 0.026222222222222223
0 0.2395 0.19644444444444445 0.012 0.02
0 0.21425 0.24444444444444444 0.01 0.024444444444444446
0 0.202 0.17555555555555555 0.0075 0.025777777777777778
0 0.4805 0.04 0.00825 0.023555555555555555
0 0.45325 0.014222222222222223 0.00625 0.024888888888888887
0 0.436 0.024888888888888887 0.00675 0.027555555555555555
0 0.405 0.028444444444444446 0.00975 0.020888888888888887
0 0.39425 0.007555555555555556 0.00675 0.014666666666666666
0 0.35175 0.07555555555555556 0.014 0.014222222222222223
0 0.358 0.06711111111111111 0.01025 0.010222222222222223
0 0.352 0.04622222222222222 0.0115 0.018222222222222223
0 0.32225 0.08622222222222223 0.01125 0.021777777777777778
0 0.30525 0.1368888888888889 0.01325 0.015111111111111112
0 0.30525 0.12311111111111112 0.01 0.021777777777777778
0 0.27275 0.10977777777777778 0.01175 0.017777777777777778
0 0.25675 0.10355555555555555 0.01075 0.018222222222222223
0 0.24925 0.07822222222222222 0.01 0.021333333333333333
0 0.22325 0.07022222222222223 0.01175 0.018222222222222223
0 0.20425 0.06088888888888889 0.011 0.017333333333333333
0 0.2505 0.036 0.01025 0.022222222222222223
0 0.30925 0.016888888888888887 0.0135 0.017333333333333333
0 0.27575 0.015555555555555555 0.01225 0.012444444444444444
0 0.1745 0.12444444444444444 0.0165 0.016888888888888887
0 0.186 0.050222222222222224 0.0075 0.02666666666666667
0 0.1585 0.036444444444444446 0.00775 0.016
0 0.16175 0.216 0.00775 0.028444444444444446
0 0.147 0.212 0.01175 0.015111111111111112
0 0.151 0.20444444444444446 0.01175 0.018222222222222223
0 0.1 0.23555555555555555 0.014 0.013777777777777778
0 0.07 0.2351111111111111 0.0095 0.021333333333333333
0 0.0255 0.25244444444444447 0.00775 0.02711111111111111
0 0.0075 0.2262222222222222 0.015 0.016
0 0.01025 0.2071111111111111 0.007 0.025333333333333333
0 0.0565 0.18266666666666667 0.0075 0.024444444444444446
0 0.09725 0.17777777777777778 0.01225 0.016888888888888887
0 0.0875 0.21333333333333335 0.01225 0.012888888888888889
0 0.0885 0.20133333333333334 0.01925 0.015555555555555555