0 0.828125 0.5968241673121611 0.009375 0.016266460108443067
0 0.46640625 0.3160340821068939 0.01171875 0.017041053446940357
0 0.3517578125 0.5673896204492641 0.013671875 0.016266460108443067
0 0.8009765625 0.10418280402788536 0.012109375 0.016266460108443067
0 0.4326171875 0.2641363284275755 0.013671875 0.013942680092951201
0 0.159765625 0.9229279628195197 0.0140625 0.011618900077459334
0 0.9609375 0.08171959721146398 0.01328125 0.013168086754453912
0 0.8541015625 0.3284275755228505 0.011328125 0.017041053446940357
0 0.222265625 0.2114639814097599 0.0109375 0.013942680092951201
0 0.6251953125 0.6556932610379551 0.011328125 0.011618900077459334
0 0.507421875 0.8872966692486445 0.009375 0.013168086754453912
0 0.8033203125 0.23276529821843533 0.012890625 0.016266460108443067
0 0.52890625 0.726568551510457 0.0109375 0.013942680092951201
0 0.9912109375 0.6669248644461657 0.012890625 0.017041053446940357
0 0.8701171875 0.4043377226955848 0.008984375 0.017041053446940357
0 0.75703125 0.9306738962044926 0.01328125 0.019364833462432222
0 0.4435546875 0.4775367931835786 0.009765625 0.013168086754453912
0 0.8259765625 0.3094500387296669 0.014453125 0.01471727343144849
0 0.6462890625 0.22889233152594887 0.009765625 0.019364833462432222
0 0.446875 0.65143299767622 0.0109375 0.013942680092951201
0 0.564453125 0.2618125484120837 0.01015625 0.018590240123934933
0 0.740234375 0.26258714175058095 0.0109375 0.012393493415956624
0 0.8232421875 0.4643687064291247 0.009765625 0.017815646785437646
0 0.4916015625 0.2567776917118513 0.010546875 0.013168086754453912
0 0.71171875 0.7048799380325329 0.01171875 0.013942680092951201
0 0.66640625 0.08636715724244771 0.0109375 0.017815646785437646
0 0.348828125 0.6615027110766848 0.00859375 0.017041053446940357
0 0.62578125 0.7095274980635167 0.009375 0.017041053446940357
0 0.218359375 0.6192873741285825 0.0125 0.016266460108443067
0 0.3037109375 0.7656855151045701 0.006640625 0.016266460108443067
0 0.260546875 0.3353989155693261 0.01015625 0.015491866769945779
0 0.7853515625 0.04918667699457785 0.010546875 0.017815646785437646
0 0.3134765625 0.10766847405112316 0.011328125 0.018590240123934933
0 0.2060546875 0.7447714949651433 0.011328125 0.017815646785437646
0 0.6923828125 0.3214562354763749 0.012890625 0.012393493415956624
0 0.584375 0.4670797831138652 0.00859375 0.015491866769945779
0 0.60390625 0.69713400464756 0.0078125 0.015491866769945779
0 0.58203125 0.6289697908597986 0.0109375 0.013942680092951201
0 0.385546875 0.8760650658404338 0.0140625 0.015491866769945779
0 0.744921875 0.17660728117738186 0.01015625 0.010844306738962044
0 0.72173046875 0.4748334624322231 0.00596484375 0.02166537567776917
0 0.1837890625 0.40821068938807126 0.008203125 0.017041053446940357
0 0.230859375 0.6615027110766848 0.0078125 0.017041053446940357
0 0.6611328125 0.5569326103795508 0.007421875 0.015491866769945779
0 0.9625 0.14872192099147946 0.0109375 0.015491866769945779
0 0.418359375 0.8958171959721146 0.009375 0.011618900077459334
0 0.4134765625 0.19907048799380325 0.008984375 0.017041053446940357
0 0.80703125 0.21030209140201395 0.01015625 0.016266460108443067
0 0.4236328125 0.42718822618125485 0.005859375 0.01471727343144849
0 0.5396484375 0.5960495739736639 0.011328125 0.01471727343144849
0 0.549609375 0.23741285824941905 0.009375 0.017815646785437646
0 0.8734375 0.6518202943454686 0.00859375 0.017815646785437646
0 0.2150390625 0.5875290472501936 0.014453125 0.013168086754453912
0 0.1994140625 0.7664601084430674 0.008984375 0.016266460108443067
0 0.61796875 0.011231603408210689 0.01015625 0.01471727343144849
0 0.77109375 0.022075910147172733 0.01328125 0.013168086754453912
0 0.9548828125 0.7176607281177382 0.010546875 0.019364833462432222
0 0.3845703125 0.7010069713400465 0.012109375 0.013942680092951201
0 0.135546875 0.021688613477924088 0.00859375 0.020139426800929512
0 0.7150390625 0.8404337722695585 0.010546875 0.013942680092951201
0 0.01796875 0.4488768396591789 0.00703125 0.017815646785437646
0 0.7025390625 0.15917893106119288 0.008203125 0.011618900077459334
0 0.4412109375 0.16305189775367931 0.011328125 0.01471727343144849
0 0.5248046875 0.43415956622773044 0.010546875 0.013168086754453912
0 0.583984375 0.3102246320681642 0.009375 0.019364833462432222
0 0.62631640625 0.814539116963594 0.01200390625 0.01305189775367932
0 0.9701171875 0.7711076684740511 0.008203125 0.017815646785437646
0 0.5236328125 0.7130131680867544 0.008984375 0.017815646785437646
0 0.5119140625 0.4798605731990705 0.008203125 0.016266460108443067
0 0.138671875 0.9523625096824168 0.0125 0.016266460108443067
0 0.969921875 0.5809450038729667 0.009375 0.017041053446940357
0 0.77284375 0.4491324554608831 0.01032421875 0.011037955073586367
0 0.7765625 0.4380325329202169 0.01328125 0.011618900077459334
0 0.2052734375 0.8427575522850503 0.013671875 0.013942680092951201
0 0.427734375 0.3764523625096824 0.00703125 0.013942680092951201
0 0.354296875 0.6320681642137878 0.009375 0.020139426800929512
0 0.5732421875 0.6343919442292796 0.007421875 0.015491866769945779
0 0.149609375 0.016653756777691712 0.0140625 0.019364833462432222
0 0.76081640625 0.5280945003872967 0.01069921875 0.020495739736638267
0 0.5076171875 0.32300542215336947 0.008203125 0.010844306738962044
0 0.4818359375 0.29821843532145625 0.007421875 0.017041053446940357
0 0.2783203125 0.6618900077459334 0.006640625 0.01471727343144849
0 0.5880859375 0.558869093725794 0.008203125 0.016266460108443067
0 0.0234375 0.5042602633617351 0.0125 0.015491866769945779
0 0.523046875 0.22695584817970565 0.0078125 0.017041053446940357
0 0.66299609375 0.6319287374128583 0.0068203125 0.02604957397366383
0 0.3953125 0.447714949651433 0.01015625 0.013942680092951201
0 0.0234375 0.7881487219209915 0.0078125 0.01471727343144849
0 0.9748007812499999 0.2314020139426801 0.008972656249999999 0.03408210689388071
0 0.975390625 0.20604182804027885 0.01015625 0.012393493415956624
0 0.8173828125 0.16731216111541442 0.008203125 0.017041053446940357
0 0.819921875 0.1297443841982959 0.0109375 0.019364833462432222
0 0.7376953125 0.4155693261037955 0.007421875 0.020914020139426802
0 0.83608984375 0.16800929512006196 0.0104609375 0.014089852827265686
0 0.1861328125 0.019752130131680867 0.015234375 0.011618900077459334
0 0.0564453125 0.10650658404337723 0.009765625 0.016266460108443067
0 0.0953125 0.6034082106893881 0.0171875 0.013942680092951201
0 0.2615234375 0.023625096824167312 0.007421875 0.017815646785437646
0 0.61484375 0.8996901626646011 0.00703125 0.016266460108443067
0 0.7427734375 0.209140201394268 0.008984375 0.015491866769945779
0 0.4232421875 0.238574748257165 0.009765625 0.020139426800929512
0 0.9013671875 0.459721146398141 0.008984375 0.017815646785437646
0 0.6341171875 0.9384198295894656 0.013796875 0.010069713400464756
0 0.57578125 0.8652207591014718 0.00703125 0.017041053446940357
0 0.128515625 0.8826491092176607 0.01171875 0.020914020139426802
0 0.1140625 0.5367931835786213 0.01328125 0.017041053446940357
0 0.5736328125 0.22618125484120838 0.006640625 0.015491866769945779
0 0.4072265625 0.13787761425251743 0.007421875 0.017041053446940357
0 0.6416015625 0.45701006971340047 0.008984375 0.013942680092951201
0 0.5890625 0.7641363284275755 0.01015625 0.016266460108443067
0 0.258984375 0.30170410534469405 0.01015625 0.019364833462432222
0 0.1333515625 0.5217893106119287 0.007992187500000001 0.027505809450038728
0 0.2619765625 0.7683578621223858 0.00948828125 0.026305189775367933
0 0.262890625 0.7498063516653757 0.015625 0.010844306738962044
0 0.897265625 0.5790085205267235 0.009375 0.020914020139426802
0 0.6271484375 0.6684740511231604 0.011328125 0.012393493415956624
0 0.118359375 0.10302091402013942 0.00703125 0.018590240123934933
0 0.5244140625 0.5886909372579395 0.008203125 0.020139426800929512
0 0.8873046875 0.38187451587916343 0.006640625 0.015491866769945779
0 0.23992968750000002 0.12573199070487992 0.0084375 0.026692486444616578
0 0.244921875 0.10689388071262587 0.0109375 0.015491866769945779
0 0.424609375 0.08210689388071263 0.0078125 0.018590240123934933
0 0.491796875 0.5975987606506584 0.00703125 0.017815646785437646
0 0.4390625 0.9020139426800929 0.01328125 0.017815646785437646
0 0.8849609375 0.9899302865995352 0.007421875 0.017041053446940357
0 0.6685546875 0.05073586367157242 0.008984375 0.013168086754453912
0 0.9423203125 0.34095274980635165 0.011453125 0.0152285050348567
0 0.0318359375 0.32184353214562356 0.012890625 0.017815646785437646
0 0.8890625 0.31487219209914796 0.009375 0.017815646785437646
0 0.6109375 0.7126258714175058 0.0078125 0.015491866769945779
0 0.4064453125 0.872579395817196 0.005859375 0.01471727343144849
0 0.8904296875 0.46049573973663827 0.012109375 0.013168086754453912
0 0.3070546875 0.8187451587916343 0.0099921875 0.026522075910147175
0 0.319921875 0.14136328427575523 0.00703125 0.019364833462432222
0 0.08671875 0.39271882261812546 0.0078125 0.018590240123934933
0 0.89421484375 0.11033307513555383 0.00952734375 0.024105344694035632
0 0.8556874999999999 0.18172734314484895 0.011375 0.02539116963594113
0 0.48721484375 0.5635553834237025 0.0068203125 0.02858249419054996
0 0.18266796875 0.37739736638264915 0.00731640625 0.023578621223857475
0 0.746484375 0.023625096824167312 0.01015625 0.017815646785437646
0 0.14310546875000002 0.07727343144848954 0.01112109375 0.027226955848179704
0 0.12764453125 0.0702246320681642 0.0127109375 0.03552285050348567
0 0.10734375 0.09540666150271108 0.00725390625 0.027234701781564678
0 0.036386718750000005 0.10721146398140975 0.01085546875 0.02969016266460108
0 0.054339843750000005 0.092571649883811 0.011898437500000001 0.017033307513555383
0 0.1470703125 0.28378776142525175 0.010136718749999999 0.025553834237025563
0 0.0233984375 0.2848257164988381 0.008875 0.03140975987606506
0 0.02277734375 0.48604957397366383 0.01754296875 0.017652982184353214
0 0.13249609375 0.4877536793183579 0.01184765625 0.02785437645236251
0 0.13849609375 0.5210921766072812 0.01241796875 0.01898528272656855
0 0.11597265625 0.5945623547637491 0.01396484375 0.014856700232378001
0 0.062253906250000005 0.5472501936483346 0.00940234375 0.026738962044926415
0 0.10235156249999999 0.6659566227730441 0.0155546875 0.017149496514329978
0 0.1956875 0.58426800929512 0.009953125 0.029775367931835786
0 0.0173515625 0.6216266460108443 0.01125390625 0.029217660728117736
0 0.03254296875 0.72428350116189 0.011164062499999999 0.018226181254841208
0 0.053828125000000004 0.7162509682416731 0.00916796875 0.028605731990704878
0 0.082921875 0.8002091402013942 0.013019531249999999 0.029581719597211464
0 0.062828125 0.8296746707978311 0.0088828125 0.025058094500387297
0 0.0175390625 0.8089930286599536 0.012015625 0.024484895429899303
0 0.19135546875 0.8653446940356314 0.011859375 0.0261425251742835
0 0.25469140625 0.9854686289697908 0.007488281250000001 0.023919442292796283
0 0.2669765625 0.9831990704879937 0.0069179687500000005 0.030720371804802474
0 0.26655078125 0.5523392718822618 0.0106328125 0.02785437645236251
0 0.25021484374999997 0.5223082881487219 0.015562500000000002 0.015375677769171186
0 0.39772265625 0.5564136328427576 0.00967578125 0.03298218435321456
0 0.49644140625000005 0.5727498063516654 0.00719921875 0.024105344694035632
0 0.4144375 0.6563284275755229 0.00938671875 0.028102246320681642
0 0.49515624999999996 0.22061967467079782 0.0069140625 0.0200852052672347
0 0.3651015625 0.02948876839659179 0.007871093749999999 0.017017815646785436
0 0.32781640625 0.34240898528272656 0.0078359375 0.027978311386522074
0 0.32900390625 0.3790472501936484 0.007171874999999999 0.027234701781564678
0 0.3471015625 0.7909372579395817 0.0084453125 0.02841208365608056
0 0.41115234375 0.865166537567777 0.0137578125 0.013702556158017042
0 0.421578125 0.8837722695584819 0.00652734375 0.022966692486444614
0 0.389390625 0.987745933384973 0.014421875 0.020170410534469402
0 0.39572265624999997 0.871115414407436 0.01146875 0.027869868319132452
0 0.51096484375 0.9480790085205267 0.00984375 0.029217660728117736
0 0.6685703125 0.8944384198295895 0.007859375 0.02617350890782339
0 0.54746875 0.9961967467079782 0.014546875 0.007606506584043378
0 0.669140625 0.6420526723470178 0.00585546875 0.024484895429899303
0 0.5489921875 0.46356312935708754 0.01187890625 0.023284275755228505
0 0.5278945312500001 0.4243764523625097 0.01369140625 0.012130131680867545
0 0.65485546875 0.37488768396591793 0.010140625 0.02268783888458559
0 0.55527734375 0.22921766072811775 0.006164062499999999 0.02518977536793184
0 0.6257578125000001 0.1898373353989156 0.0060390625 0.030278853601859026
0 0.6348515625 0.20315259488768395 0.0081484375 0.03198295894655306
0 0.59647265625 0.047900852052672346 0.006890625 0.025135553834237028
0 0.5060390625 0.03571649883810999 0.01344921875 0.014360960495739736
0 0.51232421875 0.32280402788536017 0.00887890625 0.013702556158017042
0 0.68783984375 0.11146398140975988 0.00655078125 0.02687064291247095
0 0.7015078124999999 0.07841208365608056 0.00930859375 0.018171959721146397
0 0.80984375 0.10107668474051124 0.007097656250000001 0.024972889233152596
0 0.9539921874999999 0.27862122385747484 0.007929687500000001 0.023524399690162665
0 0.7924140625 0.32280402788536017 0.00946875 0.025786212238574746
0 0.7885117187499999 0.7458946553059644 0.00927734375 0.03350116189000774
0 0.79155859375 0.7362587141750581 0.00775390625 0.027831138652207592
0 0.69193359375 0.9150271107668474 0.0078828125 0.027319907048799382
0 0.727796875 0.9133307513555383 0.016984375 0.021657629744384198
0 0.7385078125 0.9646088303640589 0.0064140625000000005 0.02676994577846631
0 0.77898828125 0.953470178156468 0.00889453125 0.02865995352439969
0 0.978515625 0.8093570875290473 0.01183203125 0.03125484120836561
0 0.74755859375 0.008412083656080557 0.0077460937499999995 0.016824167312161114
0 0.24080078125 0.14742835011618902 0.01065625 0.027172734314484893
0 0.23318750000000002 0.08553834237025562 0.02080859375 0.016103795507358635
0 0.407765625 0.2983733539891557 0.007613281249999999 0.023144848954298993
0 0.42451171875 0.28982184353214563 0.01471875 0.014089852827265686
0 0.5927421875000001 0.20730441518202944 0.014210937500000001 0.020123934934159565
0 0.63917578125 0.33258714175058096 0.011671875 0.02113090627420604
0 0.7378828125 0.29183578621223855 0.01522265625 0.014089852827265686
0 0.13067578124999998 0.32856700232378 0.00862890625 0.023144848954298993
0 0.045671875 0.6571262587141751 0.0101484375 0.020123934934159565
0 0.20350000000000001 0.6002711076684741 0.007105468750000001 0.027172734314484893
0 0.282921875 0.5273121611154143 0.009640625 0.02616576297443842
0 0.3600625 0.5086986831913246 0.00862890625 0.02515879163439194
0 0.35625390625 0.4151045701006971 0.0121796875 0.023144848954298993
0 0.45521484375 0.4327188226181255 0.0091328125 0.0321998450813323
0 0.4915 0.6314639814097599 0.007613281249999999 0.02515879163439194
0 0.55442578125 0.4407668474051123 0.00862890625 0.022137877614252517
0 0.0185234375 0.19019364833462432 0.00862890625 0.02415182029434547
0 0.0058359375 0.20277304415182026 0.01065625 0.01911696359411309
0 0.15173828125 0.049814097598760654 0.01522265625 0.01911696359411309
0 0.16011328125 0.623415956622773 0.009640625 0.027172734314484893
0 0.5298125 0.7562509682416731 0.011164062499999999 0.027172734314484893
0 0.26008593750000003 0.8090859798605732 0.01776171875 0.014089852827265686
0 0.8216171875 0.37887683965917895 0.011164062499999999 0.023144848954298993
0 0.9484882812500001 0.5283191324554608 0.01623828125 0.018109992254066613
0 0.9429062500000001 0.5730983733539892 0.014210937500000001 0.01509682416731216
0 0.9868046874999999 0.9122308288148723 0.013703125 0.023144848954298993
0 0.8150195312499999 0.711975213013168 0.011164062499999999 0.023144848954298993