0 0.444921875 0.2629744384198296 0.01328125 0.01471727343144849
0 0.582421875 0.2804027885360186 0.01171875 0.017041053446940357
0 0.8908203125 0.6386522075910147 0.013671875 0.01471727343144849
0 0.7353515625 0.30790085205267237 0.008203125 0.01471727343144849
0 0.4138671875 0.9767621998450813 0.009765625 0.017041053446940357
0 0.54375 0.24206041828040278 0.01171875 0.013168086754453912
0 0.960546875 0.7780790085205267 0.0109375 0.01471727343144849
0 0.91328125 0.8590240123934935 0.01015625 0.012393493415956624
0 0.884765625 0.26839659178931063 0.0125 0.017815646785437646
0 0.305078125 0.435708752904725 0.009375 0.017815646785437646
0 0.348046875 0.2893106119287374 0.0140625 0.01471727343144849
0 0.52890625 0.06738962044926414 0.01015625 0.013942680092951201
0 0.8171875 0.06080557707203718 0.0109375 0.017815646785437646
0 0.885546875 0.1723470178156468 0.01015625 0.017815646785437646
0 0.55390625 0.929124709527498 0.00859375 0.016266460108443067
0 0.9541015625 0.4233152594887684 0.008984375 0.016266460108443067
0 0.492578125 0.8009295120061968 0.00859375 0.012393493415956624
0 0.1943359375 0.8969790859798605 0.011328125 0.013942680092951201
0 0.651171875 0.24554608830364058 0.01015625 0.013942680092951201
0 0.3560546875 0.1421378776142525 0.012890625 0.013168086754453912
0 0.8689453125 0.2246320681642138 0.008984375 0.017041053446940357
0 0.511328125 0.32881487219209915 0.0140625 0.013168086754453912
0 0.4671875 0.1890007745933385 0.0078125 0.012393493415956624
0 0.8810546875 0.35360185902401237 0.010546875 0.013168086754453912
0 0.5853515625 0.48760650658404336 0.009765625 0.016266460108443067
0 0.5734375 0.19442292796281951 0.0125 0.013942680092951201
0 0.6171875 0.09682416731216112 0.01171875 0.015491866769945779
0 0.6857421875 0.14484895429899303 0.012890625 0.012393493415956624
0 0.2150390625 0.2846630518977537 0.011328125 0.016266460108443067
0 0.6357421875 0.32765298218435324 0.009765625 0.017041053446940357
0 0.667578125 0.3718048024786987 0.01015625 0.012393493415956624
0 0.68671875 0.3342370255615802 0.01328125 0.01471727343144849
0 0.646484375 0.46281951975213015 0.009375 0.01471727343144849
0 0.4810546875 0.20410534469403563 0.008203125 0.017815646785437646
0 0.575390625 0.8756777691711851 0.015625 0.013168086754453912
0 0.712109375 0.47714949651433 0.00703125 0.015491866769945779
0 0.5734375 0.14717273431448488 0.0125 0.015491866769945779
0 0.683984375 0.6649883810999225 0.01015625 0.020914020139426802
0 0.54453125 0.5460883036405887 0.009375 0.020139426800929512
0 0.848046875 0.7246320681642138 0.00859375 0.017815646785437646
0 0.371484375 0.5782339271882262 0.0125 0.013168086754453912
0 0.5064453125 0.4756003098373354 0.008203125 0.013942680092951201
0 0.987890625 0.4016266460108443 0.0109375 0.013168086754453912
0 0.3638671875 0.48412083656080557 0.008984375 0.021688613477924088
0 0.8599609375 0.31487219209914796 0.008203125 0.017815646785437646
0 0.9509765625 0.23547637490317583 0.010546875 0.018590240123934933
0 0.6158203125 0.9914794732765299 0.005859375 0.013942680092951201
0 0.5068359375 0.023237800154918668 0.016015625 0.012393493415956624
0 0.238671875 0.9175058094500387 0.015625 0.013168086754453912
0 0.8203125 0.25639039504260264 0.0109375 0.013942680092951201
0 0.7189453125 0.7308288148721921 0.012890625 0.013168086754453912
0 0.159375 0.9876065065840434 0.01484375 0.015491866769945779
0 0.127734375 0.4027885360185902 0.01328125 0.017041053446940357
0 0.7072265625 0.4264136328427576 0.012109375 0.01471727343144849
0 0.30859375 0.533694810224632 0.01171875 0.018590240123934933
0 0.7453125 0.6068319132455461 0.00625 0.02699457784663052
0 0.7400390625 0.19558481797056546 0.008984375 0.013168086754453912
0 0.6501953125 0.9794732765298219 0.009765625 0.020914020139426802
0 0.12791015625 0.013152594887683966 0.0120703125 0.026297443841982963
0 0.684375 0.4430673896204493 0.009375 0.010844306738962044
0 0.8748046875 0.1463981409759876 0.008984375 0.020139426800929512
0 0.133984375 0.855151045701007 0.01171875 0.013942680092951201
0 0.353515625 0.22850503485670023 0.009375 0.017041053446940357
0 0.6205078125 0.7234701781564679 0.006640625 0.015491866769945779
0 0.05546875 0.36444616576297445 0.0125 0.017815646785437646
0 0.230078125 0.6498838109992254 0.00859375 0.013942680092951201
0 0.5921875 0.576297443841983 0.0078125 0.018590240123934933
0 0.3693359375 0.42563903950426024 0.006640625 0.01471727343144849
0 0.98671875 0.7060418280402788 0.00859375 0.017815646785437646
0 0.3359375 0.04578621223857475 0.00703125 0.024949651432997676
0 0.9052734375 0.6320681642137878 0.008984375 0.012393493415956624
0 0.3361328125 0.37412858249419056 0.008203125 0.017041053446940357
0 0.526953125 0.03524399690162665 0.01015625 0.017815646785437646
0 0.311328125 0.3752904725019365 0.00703125 0.013168086754453912
0 0.640625 0.7753679318357862 0.0125 0.018590240123934933
0 0.971875 0.6556932610379551 0.01328125 0.013168086754453912
0 0.6032773437500001 0.8446940356312935 0.0145390625 0.011618900077459334
0 0.5174140625 0.6575058094500388 0.006703125 0.026584043377226956
0 0.455859375 0.041828040278853604 0.009375 0.012393493415956624
0 0.100390625 0.40627420604182807 0.01328125 0.013168086754453912
0 0.5345703125 0.52285050348567 0.008203125 0.017041053446940357
0 0.8189453125 0.21843532145623548 0.012109375 0.013942680092951201
0 0.46092578125 0.9805189775367931 0.01158203125 0.026615027110766847
0 0.46635546874999995 0.9825329202168862 0.0110390625 0.02238574748257165
0 0.4396484375 0.0983733539891557 0.008984375 0.020139426800929512
0 0.5939453125 0.3415956622773044 0.008203125 0.015491866769945779
0 0.50883984375 0.8889852827265686 0.009664062499999999 0.028373353989155695
0 0.300390625 0.6378776142525174 0.0125 0.011618900077459334
0 0.9052734375 0.4031758326878389 0.008203125 0.017815646785437646
0 0.7044921875 0.587141750580945 0.008203125 0.020139426800929512
0 0.2134765625 0.040278853601859024 0.006640625 0.018590240123934933
0 0.75703125 0.7986057319907048 0.009375 0.021688613477924088
0 0.80546875 0.5906274206041828 0.0125 0.017815646785437646
0 0.398046875 0.33733539891556935 0.00625 0.017815646785437646
0 0.9501953125 0.46979085979860574 0.011328125 0.019364833462432222
0 0.95546875 0.22540666150271108 0.01171875 0.012393493415956624
0 0.7482421875 0.06932610379550735 0.010546875 0.01471727343144849
0 0.24609375 0.12316034082106894 0.009375 0.013942680092951201
0 0.4662109375 0.28698683191324553 0.010546875 0.011618900077459334
0 0.7228515625 0.1386522075910147 0.006640625 0.017041053446940357
0 0.77928515625 0.6572037180480248 0.01095703125 0.02083656080557707
0 0.7201171875 0.930286599535244 0.006640625 0.020139426800929512
0 0.9291015625 0.3989155693261038 0.012109375 0.013942680092951201
0 0.450390625 0.48063516653756777 0.00703125 0.019364833462432222
0 0.1548828125 0.8857474825716499 0.014453125 0.010069713400464756
0 0.309375 0.35863671572424477 0.00625 0.017041053446940357
0 0.489453125 0.7021688613477924 0.00625 0.01471727343144849
0 0.608203125 0.7482571649883811 0.01484375 0.015491866769945779
0 0.34765625 0.7443841982958946 0.009375 0.018590240123934933
0 0.8021484375 0.7757552285050349 0.008984375 0.019364833462432222
0 0.4107421875 0.7784663051897753 0.006640625 0.015491866769945779
0 0.512109375 0.2168861347792409 0.0078125 0.015491866769945779
0 0.7638671875 0.2831138652207591 0.010546875 0.011618900077459334
0 0.8365234375 0.20333075135553835 0.008203125 0.019364833462432222
0 0.91171875 0.5646785437645236 0.0078125 0.015491866769945779
0 0.726953125 0.2676219984508133 0.00703125 0.01471727343144849
0 0.4365234375 0.5112316034082107 0.010546875 0.013942680092951201
0 0.1421875 0.6541440743609604 0.01015625 0.017815646785437646
0 0.6873046875 0.48915569326103797 0.008984375 0.020914020139426802
0 0.4400390625 0.4190549961270333 0.008203125 0.020139426800929512
0 0.2802734375 0.025948876839659178 0.010546875 0.013168086754453912
0 0.474609375 0.9829589465530596 0.00625 0.010844306738962044
0 0.4326171875 0.9744384198295895 0.011328125 0.013942680092951201
0 0.5453125 0.6312935708752905 0.00703125 0.017041053446940357
0 0.58125 0.1297443841982959 0.00859375 0.019364833462432222
0 0.38515625 0.18170410534469406 0.00625 0.027234701781564678
0 0.3435546875 0.22773044151820293 0.009765625 0.020139426800929512
0 0.7068359375 0.9085979860573199 0.007421875 0.017041053446940357
0 0.940625 0.5158791634391944 0.00703125 0.010844306738962044
0 0.394140625 0.28156467854376455 0.0140625 0.01471727343144849
0 0.2150390625 0.21030209140201395 0.008203125 0.020914020139426802
0 0.2630859375 0.7238574748257165 0.007421875 0.016266460108443067
0 0.475390625 0.1150271107668474 0.00859375 0.020914020139426802
0 0.9123046875 0.4736638264910922 0.008984375 0.013168086754453912
0 0.12265625 0.5429899302865996 0.01328125 0.015491866769945779
0 0.1037109375 0.8497288923315259 0.009765625 0.017041053446940357
0 0.7142578125 0.41750580945003873 0.008203125 0.023237800154918668
0 0.470703125 0.7664601084430674 0.0078125 0.016266460108443067
0 0.7909843750000001 0.9327343144848955 0.00775 0.02968241673121611
0 0.0119140625 0.6587916343919442 0.011328125 0.019364833462432222
0 0.3708984375 0.37064291247095277 0.008203125 0.019364833462432222
0 0.8427734375 0.5592563903950426 0.008203125 0.021688613477924088
0 0.6224609375 0.4171185127807901 0.012109375 0.011618900077459334
0 0.684765625 0.2784663051897754 0.00703125 0.017815646785437646
0 0.189453125 0.37955073586367155 0.0078125 0.018590240123934933
0 0.419140625 0.3861347792408985 0.00703125 0.019364833462432222
0 0.3771484375 0.6750580945003873 0.009765625 0.017815646785437646
0 0.9650390625 0.2726568551510457 0.008203125 0.013942680092951201
0 0.46556640624999995 0.16604182804027887 0.01033984375 0.020263361735089077
0 0.4720703125 0.1723470178156468 0.008984375 0.01471727343144849
0 0.8087890625 0.5728117738187452 0.008203125 0.019364833462432222
0 0.44765625 0.4051123160340821 0.0078125 0.017041053446940357
0 0.17963671875 0.3994887683965918 0.0100546875 0.027482571649883807
0 0.17340625 0.7130364058869093 0.0093125 0.028698683191324553
0 0.3712890625 0.994577846630519 0.013671875 0.010844306738962044
0 0.1970703125 0.7250193648334624 0.012109375 0.012393493415956624
0 0.450484375 0.03840433772269558 0.00762890625 0.027234701781564678
0 0.50859375 0.010457010069713401 0.00703125 0.01471727343144849
0 0.308203125 0.47443841982958945 0.0078125 0.017815646785437646
0 0.2759765625 0.6018590240123934 0.009765625 0.018590240123934933
0 0.3326171875 0.49341595662277304 0.009765625 0.015491866769945779
0 0.42578125 0.31913245546088304 0.00625 0.017041053446940357
0 0.9814453125 0.6758326878388846 0.008984375 0.017815646785437646
0 0.8485390625000001 0.3980635166537568 0.00801953125 0.024624322230828815
0 0.7383515625 0.7770797831138653 0.00795703125 0.025112316034082108
0 0.7857421875 0.10495739736638265 0.008984375 0.019364833462432222
0 0.6259765625 0.4976762199845081 0.008984375 0.022463206816421378
0 0.358203125 0.6429124709527498 0.00703125 0.012393493415956624
0 0.173046875 0.3768396591789311 0.0078125 0.016266460108443067
0 0.9943359375 0.8783888458559257 0.008984375 0.013942680092951201
0 0.5630859375 0.900852052672347 0.012890625 0.013942680092951201
0 0.355859375 0.9178931061192874 0.0109375 0.012393493415956624
0 0.378125 0.8125484120836561 0.01015625 0.017041053446940357
0 0.9578125 0.7645236250968241 0.00625 0.012393493415956624
0 0.9287109375 0.8783888458559257 0.007421875 0.015491866769945779
0 0.3751953125 0.5983733539891557 0.007421875 0.019364833462432222
0 0.8802734375 0.935708752904725 0.007421875 0.017041053446940357
0 0.9064453125 0.9907048799380326 0.008203125 0.017041053446940357
0 0.758921875 0.5832687838884586 0.0076875 0.032455460883036406
0 0.6431640625 0.5693261037955074 0.011328125 0.015491866769945779
0 0.70317578125 0.9764136328427575 0.0108359375 0.02409759876065066
0 0.3532890625 0.2507436096049574 0.007359375 0.025886909372579398
0 0.3361328125 0.35941130906274205 0.007421875 0.013942680092951201
0 0.383984375 0.832300542215337 0.00859375 0.016266460108443067
0 0.495703125 0.8125484120836561 0.00625 0.012393493415956624
0 0.9359375 0.9922540666150271 0.009375 0.015491866769945779
0 0.1359375 0.9360960495739736 0.009375 0.01471727343144849
0 0.6734375 0.7095274980635167 0.009375 0.021688613477924088
0 0.6218242187499999 0.13907823392718824 0.005953125 0.026576297443841986
0 0.623046875 0.12006196746707978 0.0078125 0.020139426800929512
0 0.9439453125 0.45701006971340047 0.007421875 0.013942680092951201
0 0.73121875 0.4194655305964369 0.00696875 0.031804802478698685
0 0.52040625 0.28619674670797834 0.00841015625 0.02397366382649109
0 0.2771484375 0.5859798605731991 0.007421875 0.016266460108443067
0 0.910546875 0.3388845855925639 0.00703125 0.020914020139426802
0 0.346484375 0.6084430673896204 0.00625 0.017815646785437646
0 0.40859375 0.7649109217660728 0.00625 0.013168086754453912
0 0.644921875 0.31409759876065063 0.01015625 0.010069713400464756
0 0.5318359375 0.458559256390395 0.006640625 0.018590240123934933
0 0.898828125 0.506584043377227 0.00859375 0.021688613477924088
0 0.7833984375 0.09566227730441518 0.006640625 0.017815646785437646
0 0.89268359375 0.093996901626646 0.00630078125 0.02835786212238575
0 0.9003593750000001 0.08555383423702556 0.00696875 0.023934934159566226
0 0.029296875 0.19662277304415182 0.00703125 0.02968241673121611
0 0.975390625 0.5433772269558482 0.0078125 0.017815646785437646
0 0.4796875 0.6986831913245546 0.0109375 0.021688613477924088
0 0.4126953125 0.7931835786212239 0.007421875 0.015491866769945779
0 0.065234375 0.3567002323780015 0.009375 0.020914020139426802
0 0.5291015625 0.23818745158791635 0.010546875 0.010069713400464756
0 0.9216796875 0.9481022463206816 0.006640625 0.017041053446940357
0 0.7599609375 0.7354763749031759 0.007421875 0.020914020139426802
0 0.970703125 0.5302091402013943 0.0078125 0.019364833462432222
0 0.6421875 0.17660728117738186 0.0109375 0.012393493415956624
0 0.146484375 0.8443067389620449 0.0125 0.010844306738962044
0 0.9421875 0.26103795507358635 0.00703125 0.017041053446940357
0 0.3806640625 0.5968241673121611 0.007421875 0.020914020139426802
0 0.4071953125 0.6889620449264137 0.007773437499999999 0.030542215336948102
0 0.1673828125 0.7540666150271108 0.009765625 0.016266460108443067
0 0.05703125 0.5968241673121611 0.0078125 0.019364833462432222
0 0.3146484375 0.2378001549186677 0.006640625 0.020139426800929512
0 0.8990234375 0.8799380325329202 0.007421875 0.018590240123934933
0 0.3130859375 0.6711851278079008 0.008203125 0.019364833462432222
0 0.9560546875 0.2761425251742835 0.008203125 0.016266460108443067
0 0.48809765625 0.7791789310611928 0.00900390625 0.026297443841982963
0 0.644140625 0.3613477924089853 0.00625 0.022463206816421378
0 0.12653125 0.2140511231603408 0.01011328125 0.02613477924089853
0 0.73359375 0.23973663826491093 0.0078125 0.022463206816421378
0 0.522359375 0.2267699457784663 0.0059414062500000005 0.017815646785437646
0 0.1384765625 0.3102246320681642 0.011328125 0.01471727343144849
0 0.684640625 0.10831913245546089 0.00756640625 0.02919442292796282
0 0.54145703125 0.5754608830364059 0.0084921875 0.027769171185127808
0 0.20325781250000002 0.669674670797831 0.006515625 0.02841982958946553
0 0.983984375 0.2629744384198296 0.00703125 0.020914020139426802
0 0.4994140625 0.611154144074361 0.008203125 0.018590240123934933
0 0.46329296875 0.08139426800929511 0.00861328125 0.028009295120061964
0 0.59533203125 0.6868861347792409 0.0085546875 0.030619674670797833
0 0.77265625 0.7498063516653757 0.01484375 0.012393493415956624
0 0.00489453125 0.2530286599535244 0.0088671875 0.026390395042602634
0 0.01706640625 0.2712935708752905 0.01083984375 0.031618900077459336
0 0.3279296875 0.6183965917893106 0.010125 0.019659178931061193
0 0.46794140625 0.8039504260263363 0.00807421875 0.026382649109217664
0 0.5345546875 0.6132920216886135 0.011046875000000001 0.021626646010844307
0 0.9970664062499999 0.36304415182029437 0.0058671875 0.02640588690937258
0 0.9788710937499999 0.7543841982958946 0.010265625 0.015941130906274206
0 0.53037109375 0.6523160340821069 0.00574609375 0.027490317583268784
0 0.24972265624999998 0.8968009295120062 0.009710937499999999 0.03690937257939582
0 0.189171875 0.557428350116189 0.0124140625 0.02603408210689388
0 0.9581796875 0.2601316808675445 0.00695703125 0.016878388845855925
0 0.034765625 0.6506584043377227 0.01640625 0.021688613477924088
0 0.090234375 0.9690162664601084 0.01171875 0.026336173508907823
0 0.3109375 0.546862896979086 0.0125 0.018590240123934933
0 0.421484375 0.6816421378776143 0.01015625 0.018590240123934933
0 0.621875 0.5166537567776918 0.0125 0.020139426800929512
0 0.91953125 0.43532145623547636 0.0109375 0.027885360185902403
0 0.96328125 0.6646010844306739 0.0125 0.018590240123934933