0 0.029 0.9737777777777777 0.01325 0.016888888888888887
0 0.04275 0.9337777777777778 0.00775 0.024444444444444446
0 0.019 0.8826666666666667 0.009 0.02266666666666667
0 0.03325 0.8351111111111111 0.011 0.021777777777777778
0 0.0565 0.8671111111111112 0.00775 0.029777777777777778
0 0.10175 0.8822222222222222 0.007 0.028444444444444446
0 0.048 0.8057777777777778 0.009 0.023555555555555555
0 0.078 0.8093333333333333 0.011 0.019555555555555555
0 0.068 0.756 0.01225 0.024444444444444446
0 0.10675 0.7537777777777778 0.00875 0.028444444444444446
0 0.13875 0.7648888888888888 0.011 0.020444444444444446
0 0.1665 0.8786666666666667 0.01375 0.017333333333333333
0 0.03175 0.7022222222222222 0.00675 0.019555555555555555
0 0.03375 0.6888888888888889 0.00675 0.016444444444444446
0 0.15 0.708 0.01225 0.016
0 0.13325 0.6604444444444444 0.013 0.025777777777777778
0 0.1795 0.8133333333333334 0.01325 0.014666666666666666
0 0.1785 0.6968888888888889 0.014 0.017333333333333333
0 0.23075 0.7115555555555556 0.01 0.029777777777777778
0 0.19275 0.8973333333333333 0.012 0.02
0 0.193 0.9551111111111111 0.01025 0.017333333333333333
0 0.24025 0.8582222222222222 0.01325 0.02311111111111111
0 0.25225 0.8906666666666667 0.011 0.015111111111111112
0 0.2605 0.8831111111111111 0.0105 0.013333333333333334
0 0.26425 0.9026666666666666 0.01375 0.02
0 0.3155 0.9048888888888889 0.01475 0.024
0 0.31775 0.8871111111111111 0.013 0.01911111111111111
0 0.27475 0.9595555555555556 0.01375 0.018666666666666668
0 0.2765 0.976 0.0175 0.015111111111111112
0 0.3295 0.8164444444444444 0.0085 0.03422222222222222
0 0.3225 0.732 0.009 0.02711111111111111
0 0.30825 0.7062222222222222 0.011 0.014666666666666666
0 0.32475 0.7071111111111111 0.00975 0.02311111111111111
0 0.31775 0.716 0.01125 0.010666666666666666
0 0.3175 0.7031111111111111 0.00725 0.017333333333333333
0 0.34675 0.792 0.01 0.029777777777777778
0 0.381 0.7942222222222223 0.01125 0.025777777777777778
0 0.39425 0.8648888888888889 0.0165 0.015111111111111112
0 0.428 0.9151111111111111 0.009 0.01911111111111111
0 0.4625 0.9226666666666666 0.013 0.025777777777777778
0 0.4865 0.9671111111111111 0.0125 0.024888888888888887
0 0.512 0.9328888888888889 0.009 0.02666666666666667
0 0.4325 0.8848888888888888 0.00975 0.020888888888888887
0 0.43925 0.8782222222222222 0.00875 0.016
0 0.45775 0.852 0.00875 0.028
0 0.42375 0.7844444444444445 0.011 0.023555555555555555
0 0.43525 0.7844444444444445 0.0115 0.023555555555555555
0 0.48225 0.7146666666666667 0.0145 0.016444444444444446
0 0.434 0.6804444444444444 0.01825 0.014666666666666666
0 0.50825 0.82 0.01225 0.017333333333333333
0 0.52525 0.9097777777777778 0.00975 0.029777777777777778
0 0.5375 0.8711111111111111 0.0115 0.016444444444444446
0 0.54575 0.8751111111111111 0.01225 0.018666666666666668
0 0.5445 0.7968888888888889 0.0095 0.03111111111111111
0 0.01225 0.6764444444444444 0.00875 0.025777777777777778
0 0.008 0.6591111111111111 0.008 0.02311111111111111
0 0.003 0.6684444444444444 0.005 0.025333333333333333
0 0.08725 0.6413333333333333 0.01075 0.015555555555555555
0 0.05825 0.6146666666666667 0.0085 0.028444444444444446
0 0.0715 0.6004444444444444 0.0085 0.028
0 0.04475 0.6084444444444445 0.01325 0.02
0 0.03375 0.5666666666666667 0.008 0.028444444444444446
0 0.03175 0.5306666666666666 0.008 0.028
0 0.016 0.5337777777777778 0.01075 0.016444444444444446
0 0.0145 0.45022222222222225 0.01475 0.020444444444444446
0 0.053 0.5097777777777778 0.01375 0.016
0 0.071 0.4688888888888889 0.0115 0.023555555555555555
0 0.08375 0.468 0.00925 0.030666666666666665
0 0.0335 0.408 0.0105 0.02666666666666667
0 0.062 0.3942222222222222 0.00925 0.024888888888888887
0 0.11975 0.49066666666666664 0.0125 0.02
0 0.1355 0.4782222222222222 0.0095 0.02311111111111111
0 0.144 0.4315555555555556 0.01625 0.015111111111111112
0 0.21925 0.5724444444444444 0.0085 0.027555555555555555
0 0.2205 0.4991111111111111 0.007 0.021777777777777778
0 0.2175 0.48488888888888887 0.01 0.012888888888888889
0 0.20125 0.4053333333333333 0.01475 0.016444444444444446
0 0.24425 0.48977777777777776 0.00925 0.024444444444444446
0 0.2995 0.5986666666666667 0.0065 0.026222222222222223
0 0.278 0.5226666666666666 0.0125 0.017777777777777778
0 0.28075 0.5124444444444445 0.00725 0.01911111111111111
0 0.2615 0.47333333333333333 0.01075 0.02
0 0.2685 0.47555555555555556 0.0115 0.020444444444444446
0 0.1875 0.36088888888888887 0.00975 0.028
0 0.262 0.3551111111111111 0.012 0.020888888888888887
0 0.278 0.3382222222222222 0.0165 0.017333333333333333
0 0.302 0.38177777777777777 0.01 0.025777777777777778
0 0.31375 0.35644444444444445 0.01275 0.015111111111111112
0 0.324 0.6475555555555556 0.01 0.024
0 0.463 0.6217777777777778 0.00875 0.019555555555555555
0 0.488 0.6173333333333333 0.0075 0.025777777777777778
0 0.35275 0.608 0.00625 0.023555555555555555
0 0.35175 0.5822222222222222 0.00825 0.024
0 0.3415 0.5484444444444444 0.00775 0.024444444444444446
0 0.3925 0.5413333333333333 0.00625 0.028
0 0.414 0.5417777777777778 0.01275 0.021777777777777778
0 0.43825 0.5431111111111111 0.0085 0.02711111111111111
0 0.36025 0.45911111111111114 0.0135 0.021333333333333333
0 0.3605 0.4408888888888889 0.01 0.02311111111111111
0 0.36025 0.3973333333333333 0.0105 0.02666666666666667
0 0.3675 0.3982222222222222 0.0065 0.017333333333333333
0 0.39825 0.4026666666666667 0.0095 0.021777777777777778
0 0.39675 0.4742222222222222 0.0095 0.023555555555555555
0 0.42475 0.42488888888888887 0.0115 0.017333333333333333
0 0.42925 0.43822222222222224 0.0115 0.017777777777777778
0 0.451 0.46044444444444443 0.0085 0.03244444444444444
0 0.4615 0.45511111111111113 0.00975 0.02666666666666667
0 0.479 0.4831111111111111 0.00925 0.029333333333333333
0 0.4495 0.5866666666666667 0.01475 0.023555555555555555
0 0.4735 0.37644444444444447 0.00875 0.025777777777777778
0 0.48875 0.38177777777777777 0.01025 0.020888888888888887
0 0.43325 0.3511111111111111 0.0155 0.015111111111111112
0 0.50175 0.3417777777777778 0.01125 0.028444444444444446
0 0.0715 0.31422222222222224 0.0125 0.01911111111111111
0 0.0845 0.3035555555555556 0.0145 0.016444444444444446
0 0.02775 0.2986666666666667 0.01575 0.015555555555555555
0 0.0135 0.24533333333333332 0.0085 0.026222222222222223
0 0.1195 0.2906666666666667 0.0135 0.02311111111111111
0 0.097 0.2813333333333333 0.0145 0.015111111111111112
0 0.0435 0.14133333333333334 0.01825 0.02
0 0.076 0.12088888888888889 0.01225 0.023555555555555555
0 0.004 0.024888888888888887 0.008 0.024888888888888887
0 0.15525 0.2 0.01225 0.012444444444444444
0 0.1625 0.17555555555555555 0.011 0.026222222222222223
0 0.187 0.20355555555555555 0.01625 0.018222222222222223
0 0.20975 0.17644444444444443 0.00925 0.029777777777777778
0 0.22425 0.16044444444444445 0.01325 0.021777777777777778
0 0.1155 0.007555555555555556 0.0105 0.014666666666666666
0 0.2245 0.017333333333333333 0.012 0.016
0 0.297 0.10355555555555555 0.00925 0.025777777777777778
0 0.3125 0.05333333333333334 0.01 0.029777777777777778
0 0.3335 0.06622222222222222 0.01125 0.033777777777777775
0 0.32575 0.06488888888888888 0.00875 0.025333333333333333
0 0.3525 0.1328888888888889 0.01 0.026222222222222223
0 0.34 0.17866666666666667 0.00975 0.02
0 0.321 0.2693333333333333 0.01 0.018666666666666668
0 0.321 0.24444444444444444 0.00875 0.02266666666666667
0 0.32875 0.22977777777777778 0.0135 0.01911111111111111
0 0.36975 0.2564444444444444 0.0085 0.02266666666666667
0 0.35875 0.292 0.0115 0.015111111111111112
0 0.366 0.30577777777777776 0.00875 0.014666666666666666
0 0.3795 0.13244444444444445 0.01625 0.016444444444444446
0 0.4065 0.15511111111111112 0.012 0.021777777777777778
0 0.412 0.20355555555555555 0.00725 0.02666666666666667
0 0.43075 0.21822222222222223 0.01075 0.021333333333333333
0 0.4555 0.2288888888888889 0.01 0.029777777777777778
0 0.40625 0.10622222222222222 0.0115 0.028444444444444446
0 0.42275 0.09333333333333334 0.00775 0.030666666666666665
0 0.436 0.05733333333333333 0.0065 0.029777777777777778
0 0.48675 0.10311111111111111 0.00875 0.029333333333333333
0 0.4915 0.14666666666666667 0.01075 0.030666666666666665
0 0.4905 0.25555555555555554 0.0085 0.032
0 0.51275 0.23022222222222222 0.0095 0.024
0 0.50625 0.3111111111111111 0.00975 0.017333333333333333
0 0.5145 0.30266666666666664 0.009 0.018666666666666668
0 0.51675 0.32844444444444443 0.00975 0.025777777777777778
0 0.5325 0.3471111111111111 0.01625 0.017777777777777778
0 0.06125 0.7862222222222223 0.0085 0.017777777777777778
0 0.05275 0.7795555555555556 0.00875 0.017333333333333333
0 0.0135 0.9226666666666666 0.01025 0.021333333333333333
0 0.13475 0.9408888888888889 0.007 0.023555555555555555
0 0.132 0.964 0.0125 0.013333333333333334
0 0.1275 0.9551111111111111 0.011 0.017333333333333333
0 0.1245 0.944 0.00975 0.016888888888888887
0 0.2395 0.9724444444444444 0.0145 0.021333333333333333
0 0.24825 0.9946666666666667 0.01075 0.010666666666666666
0 0.2565 0.9773333333333334 0.01275 0.017333333333333333
0 0.244 0.9804444444444445 0.01125 0.016
0 0.501 0.8853333333333333 0.018 0.017333333333333333
0 0.62625 0.9871111111111112 0.0125 0.016
0 0.674 0.9786666666666667 0.015 0.017333333333333333
0 0.67475 0.94 0.0075 0.029777777777777778
0 0.68375 0.9284444444444444 0.0075 0.026222222222222223
0 0.6345 0.924 0.011 0.016
0 0.62525 0.9164444444444444 0.00925 0.018666666666666668
0 0.74 0.9897777777777778 0.00975 0.020444444444444446
0 0.74075 0.9688888888888889 0.00675 0.021333333333333333
0 0.77525 0.98 0.01325 0.023555555555555555
0 0.92425 0.9693333333333334 0.01425 0.016
0 0.853 0.9497777777777778 0.00925 0.028
0 0.86275 0.9355555555555556 0.012 0.020888888888888887
0 0.87 0.9208888888888889 0.01 0.016444444444444446
0 0.8445 0.9288888888888889 0.00975 0.018222222222222223
0 0.8215 0.9293333333333333 0.0085 0.030222222222222223
0 0.794 0.916 0.01075 0.023555555555555555
0 0.8435 0.9022222222222223 0.01 0.015111111111111112
0 0.839 0.896 0.011 0.020888888888888887
0 0.7915 0.8577777777777778 0.01025 0.016444444444444446
0 0.7945 0.8417777777777777 0.0095 0.012
0 0.799 0.8302222222222222 0.01575 0.013333333333333334
0 0.62725 0.8097777777777778 0.00925 0.030666666666666665
0 0.66975 0.7386666666666667 0.012 0.017777777777777778
0 0.60525 0.6862222222222222 0.00725 0.028444444444444446
0 0.55925 0.7408888888888889 0.0115 0.013333333333333334
0 0.5265 0.6457777777777778 0.0115 0.015111111111111112
0 0.74325 0.764 0.0145 0.019555555555555555
0 0.731 0.6977777777777778 0.01375 0.016888888888888887
0 0.83125 0.7791111111111111 0.01325 0.023555555555555555
0 0.843 0.812 0.0145 0.022222222222222223
0 0.88 0.8106666666666666 0.01075 0.02711111111111111
0 0.88375 0.7737777777777778 0.0085 0.028888888888888888
0 0.9215 0.796 0.01075 0.02266666666666667
0 0.987 0.8235555555555556 0.00875 0.02
0 0.9885 0.7928888888888889 0.01375 0.016
0 0.94875 0.7293333333333333 0.01075 0.01911111111111111
0 0.7855 0.6524444444444445 0.015 0.024
0 0.8115 0.6151111111111112 0.01475 0.017333333333333333
0 0.82075 0.5964444444444444 0.009 0.017333333333333333
0 0.82375 0.5795555555555556 0.0095 0.014666666666666666
0 0.85875 0.62 0.006 0.017333333333333333
0 0.91725 0.6751111111111111 0.01575 0.014666666666666666
0 0.917 0.6435555555555555 0.01275 0.021777777777777778
0 0.92375 0.6151111111111112 0.0085 0.02266666666666667
0 0.93275 0.6 0.00975 0.016
0 0.9375 0.6088888888888889 0.01825 0.02311111111111111
0 0.9955 0.5946666666666667 0.009 0.017777777777777778
0 0.9955 0.6915555555555556 0.009 0.015555555555555555
0 0.78375 0.6866666666666666 0.006 0.023555555555555555
0 0.85175 0.5257777777777778 0.00675 0.025777777777777778
0 0.846 0.5142222222222222 0.0075 0.024
0 0.87325 0.5697777777777778 0.01425 0.014222222222222223
0 0.887 0.5591111111111111 0.00925 0.026222222222222223
0 0.5745 0.5657777777777778 0.0145 0.019555555555555555
0 0.62925 0.5551111111111111 0.00825 0.032
0 0.699 0.5697777777777778 0.0095 0.027555555555555555
0 0.7645 0.5391111111111111 0.01275 0.028444444444444446
0 0.86875 0.8435555555555555 0.007 0.022222222222222223
0 0.95075 0.4751111111111111 0.01375 0.014222222222222223
0 0.975 0.5106666666666667 0.01375 0.015111111111111112
0 0.62425 0.5004444444444445 0.01175 0.02
0 0.63975 0.5004444444444445 0.01375 0.017777777777777778
0 0.62925 0.47555555555555556 0.00975 0.027555555555555555
0 0.69775 0.47244444444444444 0.01225 0.021777777777777778
0 0.73725 0.4622222222222222 0.01275 0.015555555555555555
0 0.784 0.4671111111111111 0.01175 0.021777777777777778
0 0.78775 0.4448888888888889 0.014 0.016444444444444446
0 0.57325 0.40355555555555556 0.01175 0.015555555555555555
0 0.5815 0.39911111111111114 0.0105 0.020444444444444446
0 0.626 0.416 0.011 0.024444444444444446
0 0.7245 0.37466666666666665 0.00825 0.022222222222222223
0 0.73975 0.36844444444444446 0.00875 0.020888888888888887
0 0.8865 0.3506666666666667 0.01375 0.015555555555555555
0 0.94425 0.2982222222222222 0.01075 0.01911111111111111
0 0.931 0.2431111111111111 0.01325 0.02
0 0.79875 0.2608888888888889 0.008 0.02666666666666667
0 0.80575 0.2511111111111111 0.008 0.021777777777777778
0 0.75025 0.2328888888888889 0.01 0.021777777777777778
0 0.566 0.28755555555555556 0.0085 0.027555555555555555
0 0.59175 0.31422222222222224 0.01675 0.014666666666666666
0 0.61425 0.3048888888888889 0.01075 0.017333333333333333
0 0.68 0.2946666666666667 0.00925 0.024444444444444446
0 0.6925 0.27111111111111114 0.012 0.022222222222222223
0 0.6065 0.272 0.01275 0.015111111111111112
0 0.6265 0.24444444444444444 0.0065 0.030222222222222223
0 0.64675 0.2262222222222222 0.00925 0.016888888888888887
0 0.57375 0.22666666666666666 0.00975 0.025333333333333333
0 0.70375 0.21911111111111112 0.008 0.029333333333333333
0 0.802 0.1968888888888889 0.01375 0.017333333333333333
0 0.85525 0.15644444444444444 0.00925 0.02666666666666667
0 0.906 0.11822222222222223 0.0085 0.028
0 0.96325 0.12088888888888889 0.01 0.025777777777777778
0 0.9465 0.20533333333333334 0.00775 0.03244444444444444
0 0.95575 0.19822222222222222 0.01175 0.01911111111111111
0 0.98175 0.17777777777777778 0.00925 0.022222222222222223
0 0.734 0.41555555555555557 0.01075 0.021333333333333333
0 0.7275 0.41555555555555557 0.01 0.030222222222222223
0 0.80975 0.15511111111111112 0.011 0.026222222222222223
0 0.824 0.13422222222222221 0.00975 0.021777777777777778
0 0.96375 0.052 0.01775 0.017333333333333333
0 0.99 0.009333333333333334 0.0135 0.018666666666666668
0 0.74425 0.08222222222222222 0.00775 0.026222222222222223
0 0.7355 0.08711111111111111 0.01375 0.016
0 0.6785 0.10577777777777778 0.015 0.015111111111111112
0 0.6545 0.088 0.0125 0.014222222222222223
0 0.57275 0.176 0.0165 0.01911111111111111
0 0.54425 0.15333333333333332 0.0115 0.016888888888888887
0 0.54675 0.13422222222222221 0.01075 0.021777777777777778
0 0.54125 0.06666666666666667 0.01 0.030666666666666665
0 0.56325 0.03288888888888889 0.01175 0.01911111111111111
0 0.58725 0.051555555555555556 0.00975 0.024444444444444446
0 0.62875 0.068 0.01075 0.020888888888888887
0 0.64575 0.06355555555555556 0.0125 0.01911111111111111
0 0.639 0.043111111111111114 0.0125 0.023555555555555555
0 0.6695 0.008 0.014 0.016
0 0.68725 0.5284444444444445 0.01175 0.020444444444444446
0 0.80525 0.8426666666666667 0.0125 0.016888888888888887