0 0.828 0.5968888888888889 0.0095 0.016444444444444446
0 0.4665 0.316 0.01175 0.016888888888888887
0 0.35175 0.5675555555555556 0.01375 0.016444444444444446
0 0.801 0.104 0.012 0.016444444444444446
0 0.4325 0.264 0.01375 0.013777777777777778
0 0.15975 0.9231111111111111 0.014 0.011555555555555555
0 0.961 0.08177777777777778 0.01325 0.013333333333333334
0 0.854 0.32844444444444443 0.01125 0.016888888888888887
0 0.22225 0.21155555555555555 0.011 0.013777777777777778
0 0.62525 0.6555555555555556 0.01125 0.011555555555555555
0 0.5075 0.8871111111111111 0.0095 0.013333333333333334
0 0.80325 0.2328888888888889 0.013 0.016444444444444446
0 0.529 0.7266666666666667 0.011 0.013777777777777778
0 0.99125 0.6671111111111111 0.013 0.016888888888888887
0 0.87 0.40444444444444444 0.009 0.016888888888888887
0 0.757 0.9306666666666666 0.01325 0.019555555555555555
0 0.4435 0.47733333333333333 0.00975 0.013333333333333334
0 0.826 0.30933333333333335 0.0145 0.014666666666666666
0 0.64625 0.2288888888888889 0.00975 0.019555555555555555
0 0.447 0.6515555555555556 0.011 0.013777777777777778
0 0.5645 0.2617777777777778 0.01025 0.018666666666666668
0 0.74025 0.26266666666666666 0.011 0.012444444444444444
0 0.82325 0.46444444444444444 0.00975 0.017777777777777778
0 0.4915 0.2568888888888889 0.0105 0.013333333333333334
0 0.71175 0.7048888888888889 0.01175 0.013777777777777778
0 0.6665 0.08622222222222223 0.011 0.017777777777777778
0 0.34875 0.6613333333333333 0.0085 0.016888888888888887
0 0.62575 0.7093333333333334 0.0095 0.016888888888888887
0 0.21825 0.6191111111111111 0.0125 0.016444444444444446
0 0.30375 0.7657777777777778 0.00675 0.016444444444444446
0 0.2605 0.33555555555555555 0.01025 0.015555555555555555
0 0.78525 0.04933333333333333 0.0105 0.017777777777777778
0 0.3135 0.10755555555555556 0.01125 0.018666666666666668
0 0.206 0.7448888888888889 0.01125 0.017777777777777778
0 0.6925 0.32133333333333336 0.013 0.012444444444444444
0 0.5845 0.4671111111111111 0.0085 0.015555555555555555
0 0.604 0.6973333333333334 0.00775 0.015555555555555555
0 0.582 0.6288888888888889 0.011 0.013777777777777778
0 0.3855 0.876 0.014 0.015555555555555555
0 0.745 0.17644444444444443 0.01025 0.010666666666666666
0 0.72175 0.4746666666666667 0.006 0.021777777777777778
0 0.18375 0.408 0.00825 0.016888888888888887
0 0.23075 0.6613333333333333 0.00775 0.016888888888888887
0 0.66125 0.5568888888888889 0.0075 0.015555555555555555
0 0.9625 0.14888888888888888 0.011 0.015555555555555555
0 0.41825 0.896 0.0095 0.011555555555555555
0 0.4135 0.1991111111111111 0.009 0.016888888888888887
0 0.807 0.21022222222222223 0.01025 0.016444444444444446
0 0.42375 0.4271111111111111 0.00575 0.014666666666666666
0 0.53975 0.596 0.01125 0.014666666666666666
0 0.5495 0.23733333333333334 0.0095 0.017777777777777778
0 0.8735 0.652 0.0085 0.017777777777777778
0 0.215 0.5875555555555556 0.0145 0.013333333333333334
0 0.1995 0.7666666666666667 0.009 0.016444444444444446
0 0.618 0.011111111111111112 0.01025 0.014666666666666666
0 0.771 0.022222222222222223 0.01325 0.013333333333333334
0 0.955 0.7177777777777777 0.0105 0.019555555555555555
0 0.3845 0.7008888888888889 0.012 0.013777777777777778
0 0.1355 0.021777777777777778 0.0085 0.02
0 0.715 0.8404444444444444 0.0105 0.013777777777777778
0 0.018 0.4488888888888889 0.007 0.017777777777777778
0 0.7025 0.15911111111111112 0.00825 0.011555555555555555
0 0.44125 0.16311111111111112 0.01125 0.014666666666666666
0 0.52475 0.43422222222222223 0.0105 0.013333333333333334
0 0.584 0.31022222222222223 0.0095 0.019555555555555555
0 0.62625 0.8146666666666667 0.012 0.012888888888888889
0 0.97 0.7711111111111111 0.00825 0.017777777777777778
0 0.52375 0.7128888888888889 0.009 0.017777777777777778
0 0.512 0.48 0.00825 0.016444444444444446
0 0.13875 0.9524444444444444 0.0125 0.016444444444444446
0 0.97 0.5808888888888889 0.0095 0.016888888888888887
0 0.77275 0.4493333333333333 0.01025 0.011111111111111112
0 0.7765 0.43822222222222224 0.01325 0.011555555555555555
0 0.20525 0.8426666666666667 0.01375 0.013777777777777778
0 0.42775 0.37644444444444447 0.007 0.013777777777777778
0 0.35425 0.632 0.0095 0.02
0 0.57325 0.6342222222222222 0.0075 0.015555555555555555
0 0.1495 0.016444444444444446 0.014 0.019555555555555555
0 0.76075 0.528 0.01075 0.020444444444444446
0 0.5075 0.3231111111111111 0.00825 0.010666666666666666
0 0.48175 0.2982222222222222 0.0075 0.016888888888888887
0 0.27825 0.6617777777777778 0.00675 0.014666666666666666
0 0.588 0.5586666666666666 0.00825 0.016444444444444446
0 0.0235 0.5044444444444445 0.0125 0.015555555555555555
0 0.523 0.22711111111111112 0.00775 0.016888888888888887
0 0.663 0.632 0.00675 0.026222222222222223
0 0.39525 0.44755555555555554 0.01025 0.013777777777777778
0 0.0235 0.788 0.00775 0.014666666666666666
0 0.97475 0.23155555555555554 0.009 0.03422222222222222
0 0.9755 0.20622222222222222 0.01025 0.012444444444444444
0 0.8175 0.1671111111111111 0.00825 0.016888888888888887
0 0.82 0.12977777777777777 0.011 0.019555555555555555
0 0.73775 0.41555555555555557 0.0075 0.020888888888888887
0 0.836 0.168 0.0105 0.014222222222222223
0 0.18625 0.019555555555555555 0.01525 0.011555555555555555
0 0.0565 0.10666666666666667 0.00975 0.016444444444444446
0 0.09525 0.6035555555555555 0.01725 0.013777777777777778
0 0.2615 0.023555555555555555 0.0075 0.017777777777777778
0 0.61475 0.8995555555555556 0.007 0.016444444444444446
0 0.74275 0.20933333333333334 0.009 0.015555555555555555
0 0.42325 0.23866666666666667 0.00975 0.02
0 0.90125 0.45955555555555555 0.009 0.017777777777777778
0 0.634 0.9382222222222222 0.01375 0.010222222222222223
0 0.57575 0.8653333333333333 0.007 0.016888888888888887
0 0.1285 0.8826666666666667 0.01175 0.020888888888888887
0 0.114 0.5368888888888889 0.01325 0.016888888888888887
0 0.57375 0.2262222222222222 0.00675 0.015555555555555555
0 0.40725 0.13777777777777778 0.0075 0.016888888888888887
0 0.6415 0.4568888888888889 0.009 0.013777777777777778
0 0.589 0.764 0.01025 0.016444444444444446
0 0.259 0.30177777777777776 0.01025 0.019555555555555555
0 0.13325 0.5217777777777778 0.008 0.027555555555555555
0 0.262 0.7684444444444445 0.0095 0.026222222222222223
0 0.263 0.7497777777777778 0.0155 0.010666666666666666
0 0.89725 0.5791111111111111 0.0095 0.020888888888888887
0 0.62725 0.6684444444444444 0.01125 0.012444444444444444
0 0.11825 0.10311111111111111 0.007 0.018666666666666668
0 0.5245 0.5888888888888889 0.00825 0.02
0 0.88725 0.38177777777777777 0.00675 0.015555555555555555
0 0.24 0.12577777777777777 0.0085 0.02666666666666667
0 0.245 0.10711111111111112 0.011 0.015555555555555555
0 0.4245 0.08222222222222222 0.00775 0.018666666666666668
0 0.49175 0.5977777777777777 0.007 0.017777777777777778
0 0.439 0.9022222222222223 0.01325 0.017777777777777778
0 0.885 0.9897777777777778 0.0075 0.016888888888888887
0 0.6685 0.050666666666666665 0.009 0.013333333333333334
0 0.94225 0.3408888888888889 0.0115 0.015111111111111112
0 0.03175 0.3217777777777778 0.013 0.017777777777777778
0 0.889 0.31466666666666665 0.0095 0.017777777777777778
0 0.611 0.7124444444444444 0.00775 0.015555555555555555
0 0.4065 0.8724444444444445 0.00575 0.014666666666666666
0 0.8905 0.46044444444444443 0.012 0.013333333333333334
0 0.307 0.8186666666666667 0.01 0.02666666666666667
0 0.32 0.14133333333333334 0.007 0.019555555555555555
0 0.08675 0.3928888888888889 0.00775 0.018666666666666668
0 0.89425 0.11022222222222222 0.0095 0.024
0 0.85575 0.1817777777777778 0.01125 0.025333333333333333
0 0.48725 0.5635555555555556 0.00675 0.028444444444444446
0 0.18275 0.37733333333333335 0.00725 0.023555555555555555
0 0.7465 0.023555555555555555 0.01025 0.017777777777777778
0 0.143 0.07733333333333334 0.011 0.02711111111111111
0 0.12775 0.07022222222222223 0.01275 0.035555555555555556
0 0.10725 0.09555555555555556 0.00725 0.02711111111111111
0 0.0365 0.10711111111111112 0.01075 0.029777777777777778
0 0.05425 0.09244444444444444 0.012 0.016888888888888887
0 0.147 0.284 0.01025 0.025333333333333333
0 0.0235 0.2848888888888889 0.00875 0.03155555555555556
0 0.02275 0.4862222222222222 0.0175 0.017777777777777778
0 0.1325 0.4875555555555556 0.01175 0.028
0 0.1385 0.5208888888888888 0.0125 0.01911111111111111
0 0.116 0.5946666666666667 0.014 0.014666666666666666
0 0.06225 0.5471111111111111 0.0095 0.02666666666666667
0 0.10225 0.6657777777777778 0.0155 0.017333333333333333
0 0.19575 0.5844444444444444 0.01 0.029777777777777778
0 0.01725 0.6217777777777778 0.01125 0.029333333333333333
0 0.0325 0.7244444444444444 0.01125 0.018222222222222223
0 0.05375 0.7164444444444444 0.00925 0.028444444444444446
0 0.083 0.8 0.013 0.029777777777777778
0 0.06275 0.8297777777777777 0.009 0.024888888888888887
0 0.0175 0.8088888888888889 0.012 0.024444444444444446
0 0.19125 0.8653333333333333 0.01175 0.026222222222222223
0 0.25475 0.9853333333333333 0.0075 0.024
0 0.267 0.9831111111111112 0.007 0.030666666666666665
0 0.2665 0.5524444444444444 0.01075 0.028
0 0.25025 0.5222222222222223 0.0155 0.015555555555555555
0 0.39775 0.5564444444444444 0.00975 0.03288888888888889
0 0.4965 0.5728888888888889 0.00725 0.024
0 0.4145 0.6564444444444445 0.0095 0.028
0 0.49525 0.22044444444444444 0.007 0.02
0 0.365 0.029333333333333333 0.00775 0.016888888888888887
0 0.32775 0.3422222222222222 0.00775 0.028
0 0.329 0.3791111111111111 0.00725 0.02711111111111111
0 0.347 0.7911111111111111 0.0085 0.028444444444444446
0 0.41125 0.8653333333333333 0.01375 0.013777777777777778
0 0.4215 0.8835555555555555 0.0065 0.02311111111111111
0 0.3895 0.9875555555555555 0.0145 0.02
0 0.39575 0.8711111111111111 0.0115 0.028
0 0.511 0.948 0.00975 0.029333333333333333
0 0.6685 0.8942222222222223 0.00775 0.026222222222222223
0 0.5475 0.996 0.0145 0.007555555555555556
0 0.66925 0.6422222222222222 0.00575 0.024444444444444446
0 0.549 0.46355555555555555 0.012 0.02311111111111111
0 0.528 0.42444444444444446 0.01375 0.012
0 0.65475 0.37466666666666665 0.01025 0.02266666666666667
0 0.55525 0.22933333333333333 0.00625 0.025333333333333333
0 0.62575 0.18977777777777777 0.006 0.030222222222222223
0 0.63475 0.2031111111111111 0.00825 0.032
0 0.5965 0.048 0.007 0.025333333333333333
0 0.506 0.035555555555555556 0.0135 0.014222222222222223
0 0.51225 0.32266666666666666 0.009 0.013777777777777778
0 0.68775 0.11155555555555556 0.0065 0.02666666666666667
0 0.7015 0.07822222222222222 0.00925 0.018222222222222223
0 0.80975 0.10088888888888889 0.007 0.024888888888888887
0 0.954 0.2786666666666667 0.008 0.023555555555555555
0 0.7925 0.32266666666666666 0.0095 0.025777777777777778
0 0.7885 0.7457777777777778 0.00925 0.03333333333333333
0 0.7915 0.7364444444444445 0.00775 0.028
0 0.692 0.9151111111111111 0.008 0.02711111111111111
0 0.72775 0.9133333333333333 0.017 0.021777777777777778
0 0.7385 0.9644444444444444 0.0065 0.02666666666666667
0 0.779 0.9533333333333334 0.009 0.028444444444444446
0 0.9785 0.8093333333333333 0.01175 0.03111111111111111
0 0.7475 0.008444444444444444 0.00775 0.016888888888888887
0 0.24075 0.14755555555555555 0.01075 0.02711111111111111
0 0.23325 0.08533333333333333 0.02075 0.016
0 0.40775 0.2982222222222222 0.0075 0.02311111111111111
0 0.4245 0.2897777777777778 0.01475 0.014222222222222223
0 0.59275 0.2071111111111111 0.01425 0.02
0 0.63925 0.33244444444444443 0.01175 0.021333333333333333
0 0.738 0.292 0.01525 0.014222222222222223
0 0.13075 0.32844444444444443 0.00875 0.02311111111111111
0 0.04575 0.6573333333333333 0.01025 0.02
0 0.2035 0.6004444444444444 0.007 0.02711111111111111
0 0.283 0.5271111111111111 0.00975 0.026222222222222223
0 0.36 0.5088888888888888 0.00875 0.025333333333333333
0 0.35625 0.4151111111111111 0.01225 0.02311111111111111
0 0.45525 0.4328888888888889 0.00925 0.032
0 0.4915 0.6315555555555555 0.0075 0.025333333333333333
0 0.5545 0.4408888888888889 0.00875 0.022222222222222223
0 0.0185 0.1902222222222222 0.00875 0.024
0 0.00575 0.20266666666666666 0.01075 0.01911111111111111
0 0.15175 0.049777777777777775 0.01525 0.01911111111111111
0 0.16 0.6235555555555555 0.00975 0.02711111111111111
0 0.52975 0.7564444444444445 0.01125 0.02711111111111111
0 0.26 0.8088888888888889 0.01775 0.014222222222222223
0 0.8215 0.37866666666666665 0.01125 0.02311111111111111
0 0.9485 0.5284444444444445 0.01625 0.018222222222222223
0 0.943 0.5728888888888889 0.01425 0.015111111111111112
0 0.98675 0.9124444444444444 0.01375 0.02311111111111111
0 0.815 0.712 0.01125 0.02311111111111111