0 0.98 0.31148648648648647 0.011666666666666667 0.016216216216216217
0 0.775 0.12162162162162163 0.01 0.018243243243243244
0 0.8766666666666667 0.13378378378378378 0.012333333333333333 0.019594594594594596
0 0.42433333333333334 0.8067567567567567 0.013666666666666667 0.013513513513513514
0 0.794 0.21351351351351353 0.013666666666666667 0.016216216216216217
0 0.24066666666666667 0.5364864864864864 0.013333333333333334 0.0222972972972973
0 0.937 0.9337837837837838 0.015 0.015540540540540541
0 0.3283333333333333 0.3587837837837838 0.013333333333333334 0.015540540540540541
0 0.384 0.575 0.008333333333333333 0.018243243243243244
0 0.178 0.518918918918919 0.008666666666666666 0.01418918918918919
0 0.30966666666666665 0.16418918918918918 0.015 0.014864864864864866
0 0.561 0.6270270270270271 0.010333333333333333 0.018243243243243244
0 0.956 0.13243243243243244 0.012666666666666666 0.019594594594594596
0 0.4696666666666667 0.3554054054054054 0.012 0.01891891891891892
0 0.12333333333333334 0.4135135135135135 0.012666666666666666 0.01756756756756757
0 0.299 0.4831081081081081 0.008 0.02027027027027027
0 0.5916666666666667 0.22972972972972974 0.012 0.01418918918918919
0 0.835 0.5027027027027027 0.011333333333333334 0.01418918918918919
0 0.6313333333333333 0.5797297297297297 0.014 0.01756756756756757
0 0.073 0.8472972972972973 0.012666666666666666 0.012837837837837839
0 0.22266666666666668 0.2662162162162162 0.011 0.01756756756756757
0 0.16333333333333333 0.8405405405405405 0.011 0.016891891891891893
0 0.8403333333333334 0.5222972972972973 0.012 0.01418918918918919
0 0.188 0.7824324324324324 0.008 0.019594594594594596
0 0.6846666666666666 0.7040540540540541 0.011 0.012837837837837839
0 0.6463333333333333 0.11418918918918919 0.015333333333333332 0.014864864864864866
0 0.523 0.10337837837837838 0.008333333333333333 0.018243243243243244
0 0.803 0.49594594594594593 0.013 0.018243243243243244
0 0.10933333333333334 0.22567567567567567 0.016 0.013513513513513514
0 0.18 0.08783783783783784 0.009666666666666667 0.018243243243243244
0 0.8966666666666666 0.07094594594594594 0.013 0.01891891891891892
0 0.97 0.8358108108108108 0.009666666666666667 0.02027027027027027
0 0.8403333333333334 0.5851351351351352 0.010666666666666666 0.02027027027027027
0 0.395 0.7425675675675676 0.013 0.016216216216216217
0 0.789 0.8398648648648649 0.011666666666666667 0.016891891891891893
0 0.08666666666666667 0.37094594594594593 0.012666666666666666 0.015540540540540541
0 0.42333333333333334 0.05675675675675676 0.008666666666666666 0.01756756756756757
0 0.7026666666666667 0.16554054054054054 0.008666666666666666 0.025
0 0.11566666666666667 0.8993243243243243 0.007 0.022972972972972974
0 0.9043333333333333 0.10472972972972973 0.012333333333333333 0.01891891891891892
0 0.83 0.6716216216216216 0.010333333333333333 0.014864864864864866
0 0.5296666666666666 0.9094594594594595 0.014666666666666666 0.013513513513513514
0 0.37333333333333335 0.9459459459459459 0.008666666666666666 0.01891891891891892
0 0.38666666666666666 0.7141891891891892 0.008333333333333333 0.01891891891891892
0 0.22 0.9331081081081081 0.010666666666666666 0.019594594594594596
0 0.13166666666666665 0.5324324324324324 0.014 0.015540540540540541
0 0.6056666666666667 0.797972972972973 0.009333333333333334 0.025675675675675677
0 0.23966666666666667 0.14054054054054055 0.008666666666666666 0.020945945945945947
0 0.9373333333333334 0.6932432432432433 0.014666666666666666 0.016216216216216217
0 0.5753333333333334 0.10878378378378378 0.009 0.014864864864864866
0 0.31233333333333335 0.9601351351351352 0.015666666666666666 0.015540540540540541
0 0.5483333333333333 0.0472972972972973 0.014666666666666666 0.016216216216216217
0 0.5013333333333333 0.7351351351351352 0.007 0.024324324324324326
0 0.8843333333333333 0.4722972972972973 0.011 0.020945945945945947
0 0.5323333333333333 0.6331081081081081 0.015666666666666666 0.016891891891891893
0 0.7446666666666667 0.2418918918918919 0.01 0.012162162162162163
0 0.561 0.3222972972972973 0.007333333333333333 0.027702702702702704
0 0.712 0.49527027027027026 0.016 0.01418918918918919
0 0.126 0.34797297297297297 0.009333333333333334 0.020945945945945947
0 0.737 0.956081081081081 0.013 0.01756756756756757
0 0.5726666666666667 0.12027027027027028 0.009666666666666667 0.01891891891891892
0 0.9506666666666667 0.4966216216216216 0.018666666666666668 0.01418918918918919
0 0.819 0.75 0.01 0.021621621621621623
0 0.421 0.518918918918919 0.006666666666666667 0.02702702702702703
0 0.661 0.9216216216216216 0.012666666666666666 0.01756756756756757
0 0.7053333333333334 0.3621621621621622 0.011 0.019594594594594596
0 0.6886666666666666 0.5891891891891892 0.009 0.02364864864864865
0 0.737 0.28175675675675677 0.01 0.0222972972972973
0 0.537 0.40135135135135136 0.012 0.02027027027027027
0 0.6446666666666667 0.6297297297297297 0.011333333333333334 0.016891891891891893
0 0.738 0.5905405405405405 0.011333333333333334 0.020945945945945947
0 0.354 0.9027027027027027 0.008333333333333333 0.026351351351351353
0 0.5416666666666666 0.2993243243243243 0.009 0.025
0 0.106 0.5331081081081082 0.008666666666666666 0.016891891891891893
0 0.7043333333333334 0.44256756756756754 0.012333333333333333 0.014864864864864866
0 0.48033333333333333 0.6871621621621622 0.007666666666666666 0.012837837837837839
0 0.14166666666666666 0.018243243243243244 0.01 0.01891891891891892
0 0.7456666666666667 0.956081081081081 0.007666666666666666 0.016216216216216217
0 0.582 0.647972972972973 0.007333333333333333 0.020945945945945947
0 0.5123333333333333 0.07432432432432433 0.013333333333333334 0.013513513513513514
0 0.26 0.5466216216216216 0.016 0.020945945945945947
0 0.128 0.6283783783783784 0.007666666666666666 0.012162162162162163
0 0.483 0.46756756756756757 0.011666666666666667 0.013513513513513514
0 0.29633333333333334 0.6148648648648649 0.010666666666666666 0.012837837837837839
0 0.25633333333333336 0.3810810810810811 0.009666666666666667 0.0222972972972973
0 0.7066666666666667 0.7364864864864865 0.006666666666666667 0.016216216216216217
0 0.918 0.2087837837837838 0.009 0.025675675675675677
0 0.12233333333333334 0.13175675675675674 0.007333333333333333 0.01891891891891892
0 0.2966666666666667 0.26216216216216215 0.011 0.020945945945945947
0 0.7803333333333333 0.0804054054054054 0.011 0.01891891891891892
0 0.8006666666666666 0.7466216216216216 0.007666666666666666 0.024324324324324326
0 0.237 0.29121621621621624 0.007666666666666666 0.016216216216216217
0 0.15033333333333335 0.7371621621621621 0.012666666666666666 0.013513513513513514
0 0.6956666666666667 0.08783783783783784 0.009666666666666667 0.025
0 0.09733333333333333 0.18783783783783783 0.011333333333333334 0.016216216216216217
0 0.44133333333333336 0.2114864864864865 0.01 0.01418918918918919
0 0.033666666666666664 0.2939189189189189 0.013 0.01418918918918919
0 0.22166666666666668 0.05945945945945946 0.010666666666666666 0.015540540540540541
0 0.25533333333333336 0.1608108108108108 0.008666666666666666 0.019594594594594596
0 0.6023333333333334 0.7155405405405405 0.009 0.0222972972972973
0 0.694 0.018243243243243244 0.009666666666666667 0.0222972972972973
0 0.9716666666666667 0.37094594594594593 0.014333333333333333 0.012162162162162163
0 0.9126666666666666 0.6013513513513513 0.012333333333333333 0.016891891891891893
0 0.7756666666666666 0.4141891891891892 0.011 0.02027027027027027
0 0.5506666666666666 0.7864864864864864 0.01 0.024324324324324326
0 0.23166666666666666 0.9567567567567568 0.012666666666666666 0.012162162162162163
0 0.691 0.3547297297297297 0.010666666666666666 0.018243243243243244
0 0.38366666666666666 0.43986486486486487 0.007333333333333333 0.01756756756756757
0 0.9326666666666666 0.6040540540540541 0.012333333333333333 0.014864864864864866
0 0.5303333333333333 0.41283783783783784 0.006333333333333333 0.03175675675675676
0 0.8363333333333334 0.02972972972972973 0.007666666666666666 0.025675675675675677
0 0.25766666666666665 0.20270270270270271 0.007333333333333333 0.01756756756756757
0 0.40066666666666667 0.2662162162162162 0.009 0.029054054054054056
0 0.5083333333333333 0.5993243243243244 0.010333333333333333 0.018243243243243244
0 0.34833333333333333 0.4925675675675676 0.013333333333333334 0.0222972972972973
0 0.11633333333333333 0.38175675675675674 0.011 0.013513513513513514
0 0.7926666666666666 0.7777027027027027 0.015333333333333332 0.014864864864864866
0 0.043666666666666666 0.7047297297297297 0.014666666666666666 0.016216216216216217
0 0.09733333333333333 0.06013513513513514 0.009666666666666667 0.025
0 0.278 0.9081081081081082 0.011333333333333334 0.016216216216216217
0 0.6413333333333333 0.36824324324324326 0.010666666666666666 0.0222972972972973
0 0.468 0.8195945945945946 0.011 0.011486486486486487
0 0.8536666666666667 0.3013513513513513 0.009 0.019594594594594596
0 0.21733333333333332 0.46418918918918917 0.010333333333333333 0.02702702702702703
0 0.5846666666666667 0.2648648648648649 0.008 0.020945945945945947
0 0.6146666666666667 0.3844594594594595 0.008333333333333333 0.020945945945945947
0 0.8906666666666667 0.5006756756756757 0.012 0.021621621621621623
0 0.7246666666666667 0.05540540540540541 0.008333333333333333 0.020945945945945947
0 0.18333333333333332 0.9371621621621622 0.006666666666666667 0.01418918918918919
0 0.499 0.33716216216216216 0.009333333333333334 0.01891891891891892
0 0.42833333333333334 0.7324324324324324 0.009666666666666667 0.021621621621621623
0 0.8223333333333334 0.0972972972972973 0.009333333333333334 0.016891891891891893
0 0.10033333333333333 0.5844594594594594 0.009 0.016891891891891893
0 0.24066666666666667 0.952027027027027 0.011333333333333334 0.014864864864864866
0 0.41133333333333333 0.927027027027027 0.012666666666666666 0.012837837837837839
0 0.4076666666666667 0.11891891891891893 0.013 0.014864864864864866
0 0.25666666666666665 0.4648648648648649 0.008666666666666666 0.02364864864864865
0 0.084 0.2648648648648649 0.013333333333333334 0.016216216216216217
0 0.643 0.041891891891891894 0.012333333333333333 0.014864864864864866
0 0.122 0.922972972972973 0.013333333333333334 0.012837837837837839
0 0.44866666666666666 0.6364864864864865 0.008333333333333333 0.020945945945945947
0 0.042666666666666665 0.9121621621621622 0.014666666666666666 0.013513513513513514
0 0.866 0.725 0.008333333333333333 0.02702702702702703
0 0.32566666666666666 0.016216216216216217 0.010666666666666666 0.01891891891891892
0 0.393 0.15135135135135136 0.007666666666666666 0.021621621621621623
0 0.879 0.6493243243243243 0.010666666666666666 0.016216216216216217
0 0.138 0.7418918918918919 0.011 0.012837837837837839
0 0.44333333333333336 0.947972972972973 0.010333333333333333 0.016891891891891893
0 0.6906666666666667 0.16756756756756758 0.008 0.02837837837837838
0 0.5463333333333333 0.8202702702702702 0.010333333333333333 0.018243243243243244
0 0.11266666666666666 0.972972972972973 0.013333333333333334 0.01418918918918919
0 0.13866666666666666 0.05540540540540541 0.009 0.014864864864864866
0 0.02 0.1635135135135135 0.011333333333333334 0.015540540540540541
0 0.5243333333333333 0.19594594594594594 0.007333333333333333 0.026351351351351353
0 0.6963333333333334 0.05337837837837838 0.011 0.022972972972972974
0 0.44433333333333336 0.9209459459459459 0.01 0.019594594594594596
0 0.195 0.8141891891891891 0.007333333333333333 0.018243243243243244
0 0.47733333333333333 0.55 0.01 0.012162162162162163
0 0.4736666666666667 0.43783783783783786 0.006666666666666667 0.025675675675675677
0 0.7053333333333334 0.11351351351351352 0.012666666666666666 0.014864864864864866
0 0.21666666666666667 0.7506756756756757 0.010333333333333333 0.016216216216216217
0 0.316 0.46216216216216216 0.009666666666666667 0.024324324324324326
0 0.77 0.44391891891891894 0.010333333333333333 0.025675675675675677
0 0.9383333333333334 0.43783783783783786 0.008666666666666666 0.01756756756756757
0 0.299 0.20540540540540542 0.008 0.02364864864864865
0 0.7343333333333333 0.31216216216216214 0.011666666666666667 0.016216216216216217
0 0.275 0.831081081081081 0.007333333333333333 0.021621621621621623
0 0.6513333333333333 0.06418918918918919 0.01 0.022972972972972974
0 0.194 0.7743243243243243 0.014333333333333333 0.015540540540540541
0 0.923 0.65 0.008333333333333333 0.02837837837837838
0 0.135 0.8993243243243243 0.008333333333333333 0.027702702702702704
0 0.019666666666666666 0.3277027027027027 0.006666666666666667 0.0222972972972973
0 0.403 0.40675675675675677 0.006666666666666667 0.025
0 0.20533333333333334 0.1918918918918919 0.008 0.015540540540540541
0 0.4746666666666667 0.09864864864864865 0.007333333333333333 0.029054054054054056
0 0.2723333333333333 0.831081081081081 0.006 0.021621621621621623
0 0.39266666666666666 0.522972972972973 0.007 0.0222972972972973
0 0.6743333333333333 0.43513513513513513 0.011 0.010810810810810811
0 0.9826666666666667 0.19594594594594594 0.008666666666666666 0.019594594594594596
0 0.31866666666666665 0.28581081081081083 0.010666666666666666 0.025675675675675677
0 0.8033333333333333 0.977027027027027 0.009333333333333334 0.019594594594594596
0 0.738 0.675 0.008 0.01756756756756757
0 0.35533333333333333 0.7628378378378379 0.006666666666666667 0.02702702702702703
0 0.13966666666666666 0.6716216216216216 0.01 0.019594594594594596
0 0.81 0.056081081081081084 0.01633333333333333 0.01418918918918919
0 0.6073333333333333 0.23175675675675675 0.006666666666666667 0.02972972972972973
0 0.9043333333333333 0.05405405405405406 0.010666666666666666 0.020945945945945947
0 0.5493333333333333 0.672972972972973 0.009666666666666667 0.01891891891891892
0 0.36233333333333334 0.08513513513513514 0.007333333333333333 0.018243243243243244
0 0.22166666666666668 0.902027027027027 0.008 0.012162162162162163
0 0.28933333333333333 0.10743243243243243 0.009666666666666667 0.020945945945945947
0 0.7196666666666667 0.9310810810810811 0.013333333333333334 0.021621621621621623
0 0.477 0.75 0.011333333333333334 0.011486486486486487
0 0.7723333333333333 0.7256756756756757 0.009 0.027702702702702704
0 0.558 0.5243243243243243 0.008666666666666666 0.02702702702702703
0 0.4726666666666667 0.9932432432432432 0.006666666666666667 0.013513513513513514
0 0.466 0.21891891891891893 0.007 0.024324324324324326
0 0.534 0.032432432432432434 0.008666666666666666 0.027702702702702704
0 0.074 0.522972972972973 0.011666666666666667 0.020945945945945947
0 0.551 0.6108108108108108 0.011333333333333334 0.02837837837837838
0 0.951 0.8067567567567567 0.008 0.026351351351351353
0 0.615 0.8891891891891892 0.007666666666666666 0.01756756756756757
0 0.8193333333333334 0.07567567567567568 0.009 0.02364864864864865
0 0.033 0.40405405405405403 0.016 0.012837837837837839
0 0.282 0.9074324324324324 0.007333333333333333 0.012837837837837839
0 0.20933333333333334 0.9047297297297298 0.007 0.020945945945945947
0 0.5876666666666667 0.9324324324324325 0.009 0.029054054054054056
0 0.7863333333333333 0.6527027027027027 0.010666666666666666 0.01756756756756757
0 0.10933333333333334 0.5094594594594595 0.010333333333333333 0.013513513513513514
0 0.20933333333333334 0.8743243243243243 0.007 0.025
0 0.509 0.8432432432432433 0.009666666666666667 0.019594594594594596
0 0.8933333333333333 0.754054054054054 0.010333333333333333 0.01891891891891892
0 0.9666666666666667 0.275 0.009333333333333334 0.022972972972972974
0 0.7806666666666666 0.8304054054054054 0.011 0.020945945945945947
0 0.29433333333333334 0.6452702702702703 0.008333333333333333 0.01891891891891892
0 0.4653333333333333 0.8277027027027027 0.01 0.014864864864864866
0 0.8573333333333333 0.32297297297297295 0.01 0.013513513513513514
0 0.35433333333333333 0.0972972972972973 0.008666666666666666 0.02364864864864865
0 0.8643333333333333 0.4391891891891892 0.008 0.029054054054054056
0 0.9663333333333334 0.7378378378378379 0.007666666666666666 0.025
0 0.8803333333333333 0.21283783783783783 0.008333333333333333 0.021621621621621623
0 0.9103333333333333 0.8033783783783783 0.009666666666666667 0.01891891891891892
0 0.713 0.6932432432432433 0.012666666666666666 0.016216216216216217
0 0.606 0.6506756756756756 0.006 0.02027027027027027
0 0.908 0.7567567567567568 0.007333333333333333 0.025675675675675677
0 0.36533333333333334 0.6817567567567567 0.006333333333333333 0.025
0 0.6273333333333333 0.527027027027027 0.006666666666666667 0.026351351351351353
0 0.9013333333333333 0.8695945945945946 0.008666666666666666 0.026351351351351353
0 0.8946666666666667 0.7966216216216216 0.010333333333333333 0.022972972972972974
0 0.44433333333333336 0.768918918918919 0.006 0.02702702702702703
0 0.958 0.870945945945946 0.008666666666666666 0.027702702702702704
0 0.5413333333333333 0.8283783783783784 0.007333333333333333 0.027702702702702704
0 0.9466666666666667 0.777027027027027 0.008666666666666666 0.021621621621621623
0 0.551 0.8101351351351351 0.007333333333333333 0.021621621621621623
0 0.55 0.9243243243243243 0.008666666666666666 0.02972972972972973
0 0.48533333333333334 0.8493243243243244 0.009666666666666667 0.02837837837837838
0 0.5746666666666667 0.5067567567567568 0.008 0.02837837837837838
0 0.182 0.6378378378378379 0.013333333333333334 0.012162162162162163
0 0.663 0.2222972972972973 0.012333333333333333 0.019594594594594596
0 0.6623333333333333 0.20945945945945946 0.008333333333333333 0.01418918918918919
0 0.9743333333333334 0.24594594594594596 0.006333333333333333 0.029054054054054056
0 0.804 0.8222972972972973 0.007 0.02027027027027027
0 0.155 0.879054054054054 0.009 0.01756756756756757
0 0.6596666666666666 0.3885135135135135 0.006333333333333333 0.0222972972972973
0 0.447 0.5675675675675675 0.006333333333333333 0.031081081081081083
0 0.689 0.725 0.007666666666666666 0.025675675675675677
0 0.879 0.09864864864864865 0.009666666666666667 0.025675675675675677
0 0.6866666666666666 0.46824324324324323 0.008333333333333333 0.020945945945945947
0 0.3436666666666667 0.8087837837837838 0.008666666666666666 0.029054054054054056
0 0.806 0.9527027027027027 0.009 0.021621621621621623
0 0.427 0.04391891891891892 0.007666666666666666 0.021621621621621623
0 0.581 0.16689189189189188 0.007 0.02364864864864865
0 0.49166666666666664 0.3547297297297297 0.009 0.019594594594594596
0 0.38066666666666665 0.7743243243243243 0.007666666666666666 0.030405405405405407
0 0.971 0.7547297297297297 0.007 0.024324324324324326
0 0.929 0.4635135135135135 0.007333333333333333 0.020945945945945947
0 0.281 0.024324324324324326 0.014666666666666666 0.01418918918918919
0 0.38433333333333336 0.31351351351351353 0.007666666666666666 0.01891891891891892
0 0.302 0.5952702702702702 0.010333333333333333 0.021621621621621623
0 0.2896666666666667 0.32432432432432434 0.008666666666666666 0.01756756756756757
0 0.324 0.5682432432432433 0.007333333333333333 0.021621621621621623
0 0.628 0.2689189189189189 0.007333333333333333 0.026351351351351353
0 0.017 0.2141891891891892 0.007666666666666666 0.016216216216216217
0 0.25066666666666665 0.620945945945946 0.006333333333333333 0.02702702702702703
0 0.5313333333333333 0.5378378378378378 0.007 0.027702702702702704
0 0.12166666666666667 0.6574324324324324 0.007333333333333333 0.015540540540540541
0 0.4573333333333333 0.03986486486486487 0.008 0.024324324324324326
0 0.5326666666666666 0.3168918918918919 0.013 0.01756756756756757
0 0.632 0.39256756756756755 0.006333333333333333 0.020945945945945947
0 0.7433333333333333 0.6391891891891892 0.008333333333333333 0.021621621621621623
0 0.7833333333333333 0.11148648648648649 0.006666666666666667 0.024324324324324326
0 0.30833333333333335 0.7506756756756757 0.006 0.0222972972972973
0 0.094 0.5263513513513514 0.007333333333333333 0.013513513513513514
0 0.6223333333333333 0.31486486486486487 0.01 0.019594594594594596
0 0.259 0.15743243243243243 0.008333333333333333 0.021621621621621623
0 0.5883333333333334 0.0445945945945946 0.009333333333333334 0.019594594594594596
0 0.042 0.012837837837837839 0.009333333333333334 0.012837837837837839
0 0.6083333333333333 0.8763513513513513 0.008333333333333333 0.024324324324324326
0 0.7066666666666667 0.6912162162162162 0.008 0.016891891891891893
0 0.19533333333333333 0.16283783783783784 0.007666666666666666 0.01756756756756757
0 0.387 0.6797297297297298 0.006 0.021621621621621623
0 0.20366666666666666 0.17635135135135135 0.004 0.020945945945945947
0 0.607 0.06148648648648649 0.011333333333333334 0.019594594594594596
0 0.8116666666666666 0.8722972972972973 0.011 0.027702702702702704
0 0.5713333333333334 0.09662162162162162 0.008666666666666666 0.025675675675675677
0 0.21033333333333334 0.6182432432432432 0.007 0.02702702702702703
0 0.035666666666666666 0.9777027027027027 0.011333333333333334 0.015540540540540541
0 0.03766666666666667 0.3601351351351351 0.006666666666666667 0.02364864864864865
0 0.12 0.6135135135135135 0.008333333333333333 0.01756756756756757
0 0.8136666666666666 0.2168918918918919 0.009666666666666667 0.01891891891891892
0 0.18633333333333332 0.7358108108108108 0.007333333333333333 0.02837837837837838
0 0.31433333333333335 0.7520270270270271 0.008 0.012837837837837839
0 0.935 0.4668918918918919 0.007 0.02837837837837838
0 0.965 0.7952702702702703 0.008 0.019594594594594596
0 0.19633333333333333 0.43445945945945946 0.007333333333333333 0.025
0 0.762 0.6067567567567568 0.009666666666666667 0.029054054054054056
0 0.617 0.8763513513513513 0.012666666666666666 0.01891891891891892
0 0.9716666666666667 0.8567567567567568 0.01 0.0222972972972973
0 0.9186666666666666 0.8283783783783784 0.007333333333333333 0.0222972972972973
0 0.751 0.7898648648648648 0.007333333333333333 0.020945945945945947
0 0.8206666666666667 0.20337837837837838 0.010666666666666666 0.02364864864864865
0 0.3433333333333333 0.7527027027027027 0.013333333333333334 0.01891891891891892
0 0.822 0.9567567567567568 0.007666666666666666 0.019594594594594596
0 0.04766666666666667 0.8331081081081081 0.010666666666666666 0.012162162162162163
0 0.09933333333333333 0.7608108108108108 0.01 0.019594594594594596
0 0.428 0.8689189189189189 0.007 0.027702702702702704
0 0.15 0.9939189189189189 0.008 0.012162162162162163
0 0.36666666666666664 0.21824324324324323 0.006333333333333333 0.024324324324324326
0 0.479 0.7871621621621622 0.012 0.012837837837837839
0 0.13266666666666665 0.05810810810810811 0.006 0.019594594594594596
0 0.783 0.5094594594594595 0.008666666666666666 0.0222972972972973
0 0.9036666666666666 0.4297297297297297 0.009333333333333334 0.021621621621621623
0 0.44166666666666665 0.870945945945946 0.007666666666666666 0.024324324324324326
0 0.13033333333333333 0.6135135135135135 0.010666666666666666 0.025
0 0.198 0.8067567567567567 0.008666666666666666 0.012162162162162163
0 0.059333333333333335 0.5087837837837837 0.010333333333333333 0.00945945945945946
0 0.695 0.45472972972972975 0.012333333333333333 0.02027027027027027
0 0.21366666666666667 0.8533783783783784 0.008666666666666666 0.02364864864864865
0 0.4693333333333333 0.2695945945945946 0.006333333333333333 0.016216216216216217
0 0.935 0.4222972972972973 0.011 0.016891891891891893
0 0.6526666666666666 0.5695945945945946 0.006666666666666667 0.02837837837837838
0 0.6773333333333333 0.4189189189189189 0.012 0.013513513513513514
0 0.30133333333333334 0.5168918918918919 0.006666666666666667 0.025
0 0.2613333333333333 0.20270270270270271 0.008 0.019594594594594596
0 0.917 0.22635135135135134 0.014333333333333333 0.016216216216216217
0 0.7033333333333334 0.46554054054054056 0.007 0.016216216216216217
0 0.2653333333333333 0.03513513513513514 0.008 0.025675675675675677
0 0.25333333333333335 0.9621621621621622 0.008333333333333333 0.01756756756756757
0 0.258 0.956081081081081 0.011 0.01756756756756757
0 0.27066666666666667 0.9601351351351352 0.005666666666666667 0.0222972972972973
0 0.2673333333333333 0.9060810810810811 0.009333333333333334 0.01756756756756757
0 0.215 0.9033783783783784 0.007666666666666666 0.018243243243243244
0 0.19066666666666668 0.8094594594594594 0.007333333333333333 0.012162162162162163
0 0.004 0.02027027027027027 0.007333333333333333 0.025
0 0.05466666666666667 0.08648648648648649 0.007 0.027702702702702704
0 0.038 0.11621621621621622 0.008 0.024324324324324326
0 0.024666666666666667 0.22162162162162163 0.007333333333333333 0.026351351351351353
0 0.065 0.1864864864864865 0.007666666666666666 0.032432432432432434
0 0.04566666666666667 0.27364864864864863 0.008 0.027702702702702704
0 0.05733333333333333 0.2702702702702703 0.0003333333333333333 0.0006756756756756757
0 0.13033333333333333 0.1 0.013333333333333334 0.01418918918918919
0 0.14666666666666667 0.11554054054054054 0.006666666666666667 0.027702702702702704
0 0.15833333333333333 0.08851351351351351 0.006333333333333333 0.025
0 0.12666666666666668 0.06891891891891892 0.006666666666666667 0.02027027027027027
0 0.12233333333333334 0.10472972972972973 0.007333333333333333 0.02837837837837838
0 0.16166666666666665 0.10540540540540541 0.006 0.024324324324324326
0 0.119 0.31486486486486487 0.012 0.014864864864864866
0 0.196 0.1837837837837838 0.007 0.02837837837837838
0 0.21266666666666667 0.16418918918918918 0.009666666666666667 0.021621621621621623
0 0.208 0.17094594594594595 0.007333333333333333 0.02364864864864865
0 0.239 0.20202702702702702 0.006 0.025
0 0.25466666666666665 0.2851351351351351 0.008 0.02837837837837838
0 0.20966666666666667 0.26216216216216215 0.007333333333333333 0.02972972972972973
0 0.29333333333333333 0.12837837837837837 0.009333333333333334 0.01891891891891892
0 0.373 0.0831081081081081 0.007333333333333333 0.025675675675675677
0 0.44733333333333336 0.09324324324324325 0.005666666666666667 0.03175675675675676
0 0.4746666666666667 0.3047297297297297 0.008666666666666666 0.024324324324324326
0 0.49366666666666664 0.04121621621621622 0.009333333333333334 0.019594594594594596
0 0.3436666666666667 0.17635135135135135 0.010333333333333333 0.024324324324324326
0 0.024666666666666667 0.37432432432432433 0.008666666666666666 0.026351351351351353
0 0.0036666666666666666 0.42027027027027025 0.007 0.02702702702702703
0 0.074 0.47297297297297297 0.008 0.027702702702702704
0 0.12566666666666668 0.45 0.007 0.025
0 0.13166666666666665 0.46418918918918917 0.008 0.02972972972972973
0 0.285 0.4297297297297297 0.010666666666666666 0.019594594594594596
0 0.2833333333333333 0.45472972972972975 0.007 0.02702702702702703
0 0.31333333333333335 0.3493243243243243 0.009333333333333334 0.029054054054054056
0 0.20733333333333334 0.5682432432432433 0.006333333333333333 0.026351351351351353
0 0.10033333333333333 0.6331081081081081 0.007666666666666666 0.025
0 0.118 0.6263513513513513 0.008666666666666666 0.010810810810810811
0 0.11466666666666667 0.6493243243243243 0.006333333333333333 0.02837837837837838
0 0.04633333333333333 0.6331081081081081 0.006 0.025675675675675677
0 0.084 0.5317567567567567 0.009333333333333334 0.02702702702702703
0 0.2896666666666667 0.625 0.01 0.012162162162162163
0 0.2843333333333333 0.6378378378378379 0.008 0.0222972972972973
0 0.36 0.46824324324324323 0.008 0.02702702702702703
0 0.368 0.4864864864864865 0.007666666666666666 0.029054054054054056
0 0.484 0.5560810810810811 0.011333333333333334 0.01756756756756757
0 0.218 0.6783783783783783 0.008666666666666666 0.021621621621621623
0 0.139 0.7074324324324325 0.005 0.02364864864864865
0 0.03 0.6777027027027027 0.013666666666666667 0.012162162162162163
0 0.021333333333333333 0.7087837837837838 0.009666666666666667 0.025
0 0.018333333333333333 0.7547297297297297 0.008 0.02972972972972973
0 0.078 0.7324324324324324 0.008666666666666666 0.02702702702702703
0 0.09666666666666666 0.7418918918918919 0.008 0.022972972972972974
0 0.138 0.7858108108108108 0.011 0.025675675675675677
0 0.143 0.7378378378378379 0.008666666666666666 0.014864864864864866
0 0.08233333333333333 0.8047297297297298 0.006333333333333333 0.026351351351351353
0 0.04833333333333333 0.85 0.006 0.020945945945945947
0 0.0036666666666666666 0.8689189189189189 0.005666666666666667 0.02837837837837838
0 0.07533333333333334 0.904054054054054 0.008666666666666666 0.02702702702702703
0 0.04833333333333333 0.925 0.011666666666666667 0.00945945945945946
0 0.063 0.9351351351351351 0.006333333333333333 0.024324324324324326
0 0.021333333333333333 0.9628378378378378 0.005 0.02702702702702703
0 0.12433333333333334 0.9858108108108108 0.005666666666666667 0.021621621621621623
0 0.176 0.7567567567567568 0.009333333333333334 0.025675675675675677
0 0.4533333333333333 0.8858108108108108 0.006333333333333333 0.025
0 0.45366666666666666 0.9148648648648648 0.004666666666666667 0.02027027027027027
0 0.4216666666666667 0.8824324324324324 0.007 0.016216216216216217
0 0.436 0.893918918918919 0.009333333333333334 0.01756756756756757
0 0.43533333333333335 0.9148648648648648 0.008333333333333333 0.015540540540540541
0 0.5163333333333333 0.21554054054054053 0.006666666666666667 0.025
0 0.6813333333333333 0.2702702702702703 0.008333333333333333 0.022972972972972974
0 0.723 0.2810810810810811 0.007 0.02837837837837838
0 0.792 0.09527027027027027 0.009666666666666667 0.027702702702702704
0 0.7786666666666666 0.10675675675675676 0.007 0.020945945945945947
0 0.7933333333333333 0.2993243243243243 0.007333333333333333 0.029054054054054056
0 0.8303333333333334 0.2756756756756757 0.008 0.032432432432432434
0 0.8743333333333333 0.006756756756756757 0.011666666666666667 0.013513513513513514
0 0.9263333333333333 0.22027027027027027 0.008666666666666666 0.027702702702702704
0 0.65 0.3621621621621622 0.007 0.02702702702702703
0 0.6013333333333334 0.3858108108108108 0.007666666666666666 0.031081081081081083
0 0.5146666666666667 0.46621621621621623 0.007666666666666666 0.024324324324324326
0 0.8483333333333334 0.5486486486486486 0.006333333333333333 0.026351351351351353
0 0.928 0.4195945945945946 0.005666666666666667 0.026351351351351353
0 0.9593333333333334 0.4283783783783784 0.008666666666666666 0.027702702702702704
0 0.965 0.43716216216216214 0.007 0.02364864864864865
0 0.971 0.4783783783783784 0.007 0.031081081081081083
0 0.957 0.35945945945945945 0.008 0.02027027027027027
0 0.6786666666666666 0.4277027027027027 0.012 0.008108108108108109
0 0.824 0.35202702702702704 0.01 0.02027027027027027
0 0.5626666666666666 0.40743243243243243 0.008333333333333333 0.025
0 0.847 0.6831081081081081 0.007666666666666666 0.020945945945945947
0 0.9636666666666667 0.6844594594594594 0.012333333333333333 0.016216216216216217
0 0.7946666666666666 0.8162162162162162 0.006333333333333333 0.030405405405405407
0 0.6213333333333333 0.9668918918918918 0.008 0.03175675675675676
0 0.8166666666666667 0.9621621621621622 0.009666666666666667 0.026351351351351353
0 0.8286666666666667 0.9466216216216217 0.01 0.030405405405405407
0 0.8506666666666667 0.9047297297297298 0.008333333333333333 0.026351351351351353
0 0.998 0.08986486486486486 0.004 0.02027027027027027
0 0.652 0.39864864864864863 0.008333333333333333 0.024324324324324326