0 0.57805859375 0.5663629160063391 0.011902343749999999 0.01709984152139461
0 0.20518359375 0.39714738510301106 0.0121015625 0.020760697305863707
0 0.22360546874999998 0.9181774960380349 0.014121093749999999 0.017630744849445323
0 0.69520703125 0.17311410459587956 0.013511718750000002 0.01692551505546751
0 0.6922265624999999 0.28259904912836764 0.01487109375 0.015055467511885896
0 0.19119921875 0.4420285261489699 0.01369140625 0.017234548335974643
0 0.083578125 0.12816164817749603 0.01450390625 0.015031695721077654
0 0.19694921875 0.24012678288431064 0.01356640625 0.018415213946117275
0 0.8674375 0.7245324881141046 0.013257812499999999 0.015665610142630744
0 0.58269921875 0.2642472266244057 0.0111796875 0.0144770206022187
0 0.52394921875 0.6307210776545167 0.009109375 0.015903328050713154
0 0.44383984375 0.2669809825673534 0.010675781249999999 0.01561014263074485
0 0.28750390625 0.8467274167987321 0.0111484375 0.02143423137876387
0 0.53179296875 0.39526148969889063 0.01233984375 0.015538827258320126
0 0.44346484375 0.05664817749603803 0.00946875 0.01816957210776545
0 0.95594140625 0.5087480190174326 0.016078125 0.01687797147385103
0 0.9933828124999999 0.8226148969889066 0.01098046875 0.021251980982567354
0 0.033945312500000005 0.8635736925515055 0.009726562499999999 0.015950871632329635
0 0.2796796875 0.7422107765451663 0.00981640625 0.017987321711568936
0 0.2989609375 0.34372424722662437 0.0111484375 0.017266244057052297
0 0.6270117187500001 0.23074484944532486 0.008703125 0.021188589540412042
0 0.32096874999999997 0.4277812995245642 0.017457031249999998 0.015427892234548334
0 0.5488828125 0.7073137876386688 0.01174609375 0.01783676703645008
0 0.73551953125 0.5176069730586371 0.01355078125 0.0153486529318542
0 0.2433046875 0.7654199683042789 0.00987109375 0.026885895404120442
0 0.49806640625 0.9834786053882727 0.0090078125 0.01615689381933439
0 0.07265234375 0.176513470681458 0.01259375 0.01664025356576862
0 0.09927343749999999 0.006347068145800317 0.0173828125 0.01268621236133122
0 0.44407421874999997 0.4545641838351822 0.009453125 0.015966719492868462
0 0.03365625 0.10351822503961965 0.014121093749999999 0.015832012678288432
0 0.9930195312500001 0.08944532488114104 0.012648437500000002 0.019199683042789222
0 0.08551171875 0.9235736925515056 0.015183593749999998 0.018161648177496038
0 0.1633359375 0.3853565768621236 0.014324218750000001 0.013961965134706815
0 0.27571093750000003 0.14427892234548337 0.01044921875 0.019841521394611726
0 0.2963125 0.7858399366085579 0.013890625 0.019374009508716324
0 0.13865624999999998 0.9669255150554675 0.01492578125 0.013787638668779714
0 0.27828125 0.4227179080824089 0.016035156249999998 0.014809825673534074
0 0.38758593750000003 0.0611648177496038 0.01392578125 0.014080824088748018
0 0.22174999999999997 0.1337876386687797 0.01231640625 0.016600633914421552
0 0.44951171875 0.1714580031695721 0.01209375 0.015832012678288432
0 0.27655859375 0.616244057052298 0.015074218750000002 0.01910459587955626
0 0.02334375 0.8794770206022188 0.01171875 0.0144770206022187
0 0.9144765625 0.10243264659271 0.01278125 0.020483359746434233
0 0.5120312499999999 0.35980190174326465 0.01575 0.019920760697305865
0 0.9809140624999999 0.714675118858954 0.0173046875 0.017171156893819334
0 0.76599609375 0.6278843106180666 0.01258203125 0.018961965134706816
0 0.0062421875 0.23059429477020602 0.012484375 0.01820919175911252
0 0.796109375 0.4885657686212362 0.01582421875 0.013811410459587956
0 0.07619921874999999 0.1962995245641838 0.013007812499999999 0.018193343898573692
0 0.91446484375 0.9384152139461173 0.01741015625 0.016996830427892233
0 0.075921875 0.40927892234548335 0.014687500000000001 0.01523771790808241
0 0.63213671875 0.13125198098256735 0.012109375 0.01958003169572108
0 0.8271015625 0.10093502377179081 0.01604296875 0.018589540412044376
0 0.5563671875 0.38593502377179084 0.01308984375 0.014722662440570522
0 0.5866757812500001 0.7785340729001585 0.014195312500000001 0.018502377179080823
0 0.8967890625000001 0.6369492868462758 0.012640624999999999 0.02043581616481775
0 0.75801171875 0.2781933438985737 0.01008203125 0.019009508716323294
0 0.5598828124999999 0.959500792393027 0.016960937500000002 0.01615689381933439
0 0.37258203125 0.9640412044374008 0.013144531249999999 0.019294770206022188
0 0.2263671875 0.6299049128367671 0.01162109375 0.021632329635499208
0 0.23385546875 0.993335974643423 0.012261718750000001 0.013335974643423136
0 0.83310546875 0.8339778129952456 0.0143046875 0.02008716323296355
0 0.12162500000000001 0.538716323296355 0.01321484375 0.016465927099841522
0 0.471234375 0.020522979397781298 0.012449218750000001 0.017741679873217116
0 0.48787109375000004 0.033938193343898575 0.013390625 0.017448494453248812
0 0.5382382812500001 0.28454833597464346 0.0147734375 0.014786053882725832
0 0.249546875 0.1878526148969889 0.013875000000000002 0.01323296354992076
0 0.38646484375 0.29049920760697306 0.01166796875 0.019849445324881143
0 0.32642578125 0.7640887480190174 0.0105546875 0.019603803486529316
0 0.70609375 0.11380348652931854 0.01351953125 0.016735340729001586
0 0.79880078125 0.15398573692551507 0.014957031249999999 0.01724247226624406
0 0.3670859375 0.06092709984152139 0.01505078125 0.017480190174326466
0 0.22276171875 0.3075515055467512 0.0095390625 0.014064976228209191
0 0.1055078125 0.31225039619651346 0.013328125 0.017266244057052297
0 0.42905859375000005 0.6011093502377179 0.01115625 0.020950871632329636
0 0.11627343750000001 0.3575990491283677 0.01240234375 0.018882725832012677
0 0.13008203125 0.2466402535657686 0.0163515625 0.017844690966719493
0 0.65318359375 0.35637083993660856 0.01707421875 0.016584786053882725
0 0.30191406249999997 0.10167987321711569 0.0093671875 0.02524564183835182
0 0.47547656250000003 0.8235340729001585 0.017449218750000002 0.017868462757527733
0 0.02276953125 0.33251980982567353 0.01219140625 0.016275752773375594
0 0.114015625 0.9931854199683043 0.008875 0.01362123613312203
0 0.40132812500000004 0.454675118858954 0.0113359375 0.01671949286846276
0 0.25821484375 0.8190649762282093 0.015445312499999999 0.014730586370839937
0 0.92665234375 0.23131537242472267 0.016828125 0.016671949286846274
0 0.22444531250000002 0.3225752773375594 0.0088046875 0.016806656101426308
0 0.351859375 0.34983359746434234 0.015324218749999998 0.013090332805071315
0 0.3215234375 0.6908399366085579 0.0145546875 0.017155309033280507
0 0.10740625 0.5472107765451665 0.010808593750000001 0.02126782884310618
0 0.56949609375 0.24357369255150554 0.01469140625 0.017282091917591124
0 0.05647656250000001 0.17909667194928686 0.01155859375 0.01523771790808241
0 0.35822656249999996 0.3641125198098257 0.0122421875 0.015324881141045958
0 0.76076171875 0.05044374009508716 0.0121171875 0.020649762282091918
0 0.5179296875 0.4290649762282092 0.0118671875 0.013106180665610142
0 0.02448828125 0.6162361331220285 0.014585937500000002 0.012678288431061807
0 0.90834375 0.0636608557844691 0.01138671875 0.014167987321711569
0 0.47912499999999997 0.6512916006339143 0.00960546875 0.014088748019017433
0 0.7320859375000001 0.8294294770206022 0.01033203125 0.021022187004754358
0 0.2884375 0.5764025356576862 0.01005078125 0.022535657686212362
0 0.36381640625 0.5922741679873218 0.010859375000000001 0.022733755942947704
0 0.3354140625 0.47289223454833595 0.01140234375 0.016537242472266244
0 0.9589296875000001 0.46104595879556265 0.00974609375 0.024342313787638667
0 0.7078515624999999 0.8999999999999999 0.01671484375 0.014928684627575278
0 0.09490625 0.25106973058637083 0.01609765625 0.01323296354992076
0 0.57435546875 0.07681458003169572 0.01225390625 0.01763866877971474
0 0.16034375 0.6880824088748019 0.013863281250000001 0.013914421553090332
0 0.24749609375 0.5209191759112519 0.01157421875 0.022567353407290016
0 0.95791796875 0.9642868462757528 0.01426953125 0.015015847860538827
0 0.40310546875000003 0.28369255150554673 0.01138671875 0.024659270998415216
0 0.2963203125 0.3845562599049128 0.0096328125 0.02663232963549921
0 0.31437109375 0.9848019017432647 0.0153671875 0.014160063391442155
0 0.6051328125000001 0.43716323296355 0.01255859375 0.0215689381933439
0 0.2409140625 0.9205705229793978 0.012636718750000001 0.020578446909667193
0 0.7443593749999999 0.1770998415213946 0.01389453125 0.01543581616481775
0 0.2498515625 0.569904912836767 0.01034765625 0.01751188589540412
0 0.65373046875 0.06259112519809826 0.01466796875 0.016228209191759112
0 0.21030859375 0.14031695721077656 0.0091328125 0.020966719492868463
0 0.38410546874999996 0.9396751188589539 0.00776953125 0.014389857369255151
0 0.9822578125 0.749366085578447 0.014433593750000001 0.020451664025356576
0 0.62527734375 0.6883993660855784 0.01630859375 0.019350237717908083
0 0.11000000000000001 0.27988906497622823 0.00869140625 0.01936608557844691
0 0.35287109375000003 0.5001030110935024 0.013496093749999999 0.012868462757527732
0 0.970515625 0.6391204437400951 0.01167578125 0.015015847860538827
0 0.9111445312500001 0.5023296354992076 0.0123203125 0.02152931854199683
0 0.39808203125 0.5253486529318542 0.0142734375 0.018835182250396196
0 0.8061171874999999 0.3014659270998415 0.01059765625 0.024049128367670366
0 0.5099101562499999 0.16111727416798732 0.009710937499999999 0.02480190174326466
0 0.0589453125 0.4391996830427892 0.01165625 0.014603803486529319
0 0.1012734375 0.21624405705229793 0.012171875 0.014825673534072902
0 0.13626171874999998 0.8472187004754359 0.00816015625 0.015649762282091917
0 0.9597890625 0.6768462757527733 0.012027343749999999 0.020681458003169572
0 0.7450859375000001 0.3586767036450079 0.01153125 0.023787638668779715
0 0.34874218749999997 0.4339778129952456 0.014214843750000001 0.014255150554675118
0 0.8838515625 0.8049286846275753 0.014890625 0.014255150554675118
0 0.26147265625 0.8797781299524564 0.00791015625 0.023969889064976227
0 0.21931640625 0.18409667194928686 0.0105859375 0.016014263074484947
0 0.35941015625 0.956877971473851 0.0152890625 0.015499207606973058
0 0.42798437500000003 0.4233993660855785 0.01180078125 0.020095087163232963
0 0.2485 0.12821711568938193 0.008453125 0.0220364500792393
0 0.13377734375 0.6852060221870048 0.00784765625 0.026370839936608558
0 0.9428203125 0.06436608557844692 0.01076953125 0.021846275752773377
0 0.6442890625000001 0.4021394611727417 0.01604296875 0.015269413629160063
0 0.8625624999999999 0.5680110935023772 0.017812500000000002 0.014730586370839937
0 0.38214453125 0.17758320126782887 0.00940234375 0.01792393026941363
0 0.19436328125 0.7243898573692551 0.011515625 0.011973058637083993
0 0.3732109375 0.29263866877971473 0.0174921875 0.015166402535657687
0 0.38210937500000003 0.41030110935023767 0.009929687500000001 0.0236053882725832
0 0.45730859375 0.9838510301109349 0.012246093750000001 0.014350237717908082
0 0.9481015625 0.395229793977813 0.012324218750000001 0.01404120443740095
0 0.0208828125 0.9702060221870048 0.0094140625 0.0219175911251981
0 0.443640625 0.0900633914421553 0.01304296875 0.01729793977812995
0 0.9511757812500001 0.6894453248811411 0.01175 0.023787638668779715
0 0.53551171875 0.8460776545166403 0.0083359375 0.026251980982567355
0 0.8238867187500001 0.5463629160063391 0.011660156250000001 0.017385103011093504
0 0.64329296875 0.9249762282091917 0.013621093749999999 0.02065768621236133
0 0.9805624999999999 0.3979080824088748 0.01476953125 0.01462757527733756
0 0.38408203125 0.5002218700475436 0.01366796875 0.015982567353407293
0 0.023703125 0.08278129952456419 0.0110859375 0.017210776545166402
0 0.53188671875 0.6529635499207607 0.009945312500000001 0.020546751188589542
0 0.6268945312499999 0.8242234548335975 0.01985546875 0.017266244057052297
0 0.41075390624999997 0.07929477020602219 0.01227734375 0.018843106180665613
0 0.84776171875 0.5761410459587956 0.01521875 0.01731378763866878
0 0.76619921875 0.44797147385103014 0.009523437499999999 0.029072900158478604
0 0.7926875 0.6488034865293185 0.0171171875 0.01580824088748019
0 0.20573046874999998 0.7092868462757528 0.009078125 0.02076862123613312
0 0.21922265625 0.7602060221870047 0.01123828125 0.022020602218700475
0 0.3096640625 0.18397781299524565 0.010687499999999999 0.028438985736925517
0 0.45081249999999995 0.7227337559429478 0.01444140625 0.013288431061806655
0 0.77499609375 0.6245404120443739 0.0142578125 0.02286053882725832
0 0.6732812499999999 0.4558399366085578 0.011890625 0.020974643423137877
0 0.39462890625 0.7772266244057052 0.0093671875 0.023541996830427892
0 0.95144921875 0.1745879556259905 0.01065234375 0.022456418383518226
0 0.20953515625 0.4736767036450079 0.00844921875 0.020071315372424722
0 0.6609921875 0.3258795562599049 0.00838671875 0.021497622820919174
0 0.13226953125000002 0.055927099841521395 0.01094921875 0.016822503961965135
0 0.04507421875 0.7045879556259905 0.009046875 0.022472266244057054
0 0.7825 0.9916402535657687 0.0090703125 0.01671949286846276
0 0.21057031249999997 0.6631933438985738 0.0111875 0.020142630744849448
0 0.38363281250000003 0.8086291600633915 0.016046875 0.011949286846275753
0 0.15062890625 0.9051822503961965 0.01378125 0.02093502377179081
0 0.65016015625 0.6505705229793978 0.00946875 0.02067353407290016
0 0.21249609375 0.12142630744849446 0.01003125 0.015364500792393028
0 0.8619335937500001 0.45828843106180667 0.01103515625 0.023803486529318543
0 0.32503906250000003 0.6460063391442156 0.0110625 0.01467511885895404
0 0.13257421875 0.7932646592709984 0.012773437500000002 0.022488114104595877
0 0.49566796875 0.5180744849445325 0.01166796875 0.019722662440570523
0 0.44925390624999995 0.7074722662440571 0.011671875 0.02170364500792393
0 0.5738359375 0.4285182250396196 0.01366796875 0.01671949286846276
0 0.942296875 0.019381933438985737 0.0108828125 0.011513470681458002
0 0.25549218749999997 0.0324405705229794 0.01406640625 0.01671949286846276
0 0.41928124999999994 0.5493898573692552 0.009046875 0.029223454833597465
0 0.10403124999999999 0.6766402535657686 0.009328125 0.020293185419968305
0 0.1439765625 0.25759112519809824 0.00806640625 0.027369255150554675
0 0.481515625 0.10819334389857369 0.015433593749999999 0.016172741679873218
0 0.54429296875 0.6087876386687797 0.0123671875 0.02652931854199683
0 0.39397265625 0.3353565768621236 0.01327734375 0.01844690966719493
0 0.2567421875 0.26164025356576864 0.00868359375 0.02657686212361331
0 0.108171875 0.8339381933438986 0.01354296875 0.01870839936608558
0 0.5267031249999999 0.42842313787638664 0.007550781249999999 0.02320919175911252
0 0.20084765624999998 0.695459587955626 0.014332031249999998 0.014976228209191759
0 0.49182421875 0.4392076069730586 0.012609375 0.017147385103011094
0 0.0294921875 0.46288431061806656 0.00864453125 0.02646592709984152
0 0.7898359375 0.45191759112519814 0.01076171875 0.021489698890649764
0 0.3527890625 0.05675118858954042 0.015328125000000001 0.01607765451664025
0 0.44195703125 0.6103486529318541 0.01437109375 0.014968304278922345
0 0.59662890625 0.9412916006339145 0.0096328125 0.024580031695721077
0 0.37386718750000003 0.19821711568938194 0.009332031250000001 0.02644215530903328
0 0.32295703124999997 0.6079160063391442 0.00851953125 0.02698890649762282
0 0.94874609375 0.9764104595879557 0.01180078125 0.015832012678288432
0 0.731765625 0.07671949286846275 0.0073437500000000005 0.018740095087163233
0 0.302453125 0.7458478605388272 0.007734375 0.0259904912836767
0 0.58987109375 0.6424088748019018 0.01552734375 0.015293185419968304
0 0.7305390625 0.796093502377179 0.0141875 0.022083993660855786
0 0.8097617187499999 0.4155309033280507 0.01053515625 0.02496038034865293
0 0.9077968750000001 0.8120760697305863 0.009441406250000001 0.016600633914421552
0 0.53955078125 0.8006814580031696 0.01091015625 0.023779714738510302
0 0.0468046875 0.23664025356576862 0.0104453125 0.021101426307448493
0 0.3786875 0.847147385103011 0.0113984375 0.022432646592709982
0 0.5740703125 0.09306656101426308 0.01615234375 0.01262282091917591
0 0.94330859375 0.8847939778129952 0.0180390625 0.014857369255150554
0 0.04 0.8156259904912836 0.012640624999999999 0.012076069730586371
0 0.54440625 0.24118858954041203 0.0076679687499999994 0.02914421553090333
0 0.5808164062500001 0.23463549920760698 0.010859375000000001 0.023240887480190174
0 0.15266015625 0.47091125198098255 0.007375 0.020443740095087162
0 0.664953125 0.46827258320126786 0.00965625 0.01901743264659271
0 0.320640625 0.6318383518225039 0.00660546875 0.018082408874801902
0 0.81118359375 0.6289778129952456 0.01138671875 0.022131537242472268
0 0.3086796875 0.4229397781299525 0.0130546875 0.017519809825673534
0 0.77403515625 0.10501584786053883 0.01311328125 0.018985736925515057
0 0.907953125 0.8326545166402535 0.0081640625 0.018050713153724248
0 0.39234765625 0.4949366085578447 0.01023046875 0.015641838351822503
0 0.57403125 0.026402535657686212 0.00783984375 0.026830427892234547
0 0.9097734375 0.5440332805071316 0.00815234375 0.020974643423137877
0 0.616109375 0.4454754358161649 0.01201953125 0.014247226624405706
0 0.35819140625 0.8618304278922346 0.00927734375 0.024968304278922347
0 0.41701953124999996 0.3417353407290016 0.00858203125 0.02503961965134707
0 0.2431171875 0.5847939778129952 0.0069726562500000006 0.024484944532488114
0 0.3074296875 0.38775752773375594 0.0104765625 0.014746434231378763
0 0.22580859375 0.4933755942947702 0.01241796875 0.026014263074484942
0 0.7881640625 0.3505309033280507 0.01214453125 0.01905705229793978
0 0.03469140625 0.3148256735340729 0.008792968750000001 0.01989698890649762
0 0.97389453125 0.4861251980982567 0.01187109375 0.023114104595879557
0 0.9711015625 0.2745324881141046 0.0125859375 0.020950871632329636
0 0.315296875 0.926513470681458 0.01779296875 0.013922345483359747
0 0.9046328125 0.21034865293185417 0.01212109375 0.015950871632329635
0 0.981078125 0.8689936608557846 0.01598828125 0.01375594294770206
0 0.66238671875 0.41516640253565773 0.008953125000000001 0.031664025356576864
0 0.8233046875 0.5664421553090333 0.00828515625 0.019397781299524564
0 0.2913671875 0.32496038034865293 0.010152343749999999 0.014833597464342313
0 0.46869921875 0.047876386687797146 0.0072109375 0.019904912836767038
0 0.19423046875 0.523946117274168 0.0106328125 0.019469096671949286
0 0.0865625 0.8832805071315373 0.01644921875 0.013597464342313789
0 0.8667929687499999 0.643122028526149 0.01157421875 0.019793977812995245
0 0.2122421875 0.9896671949286846 0.013632812499999999 0.01578446909667195
0 0.9385 0.5269809825673534 0.0093203125 0.02205229793977813
0 0.9835429687499999 0.3135023771790808 0.013472656250000001 0.015213946117274167
0 0.7324609375 0.9618541996830428 0.00826953125 0.028541996830427893
0 0.2676484375 0.625 0.0089296875 0.020578446909667193
0 0.49783203125000003 0.15780507131537244 0.01233203125 0.017852614896988906
0 0.29388671875 0.47309825673534067 0.01451171875 0.02073692551505547
0 0.79680859375 0.3949683042789223 0.00928515625 0.02496038034865293
0 0.86536328125 0.8566640253565768 0.01129296875 0.024904912836767035
0 0.9812031250000001 0.8566244057052298 0.01755078125 0.015309033280507131
0 0.31203515625 0.7619255150554675 0.00811328125 0.026315372424722663
0 0.41147265624999996 0.46469889064976233 0.0134296875 0.01807448494453249
0 0.5878085937499999 0.3831695721077655 0.0083828125 0.024350237717908084
0 0.35806640624999997 0.40353407290015847 0.007230468750000001 0.028541996830427893
0 0.89019921875 0.34509508716323295 0.008179687500000001 0.0206973058637084
0 0.93937890625 0.6519096671949287 0.007605468749999999 0.023906497622820922
0 0.44439062500000004 0.12353407290015848 0.00895703125 0.021283676703645008
0 0.12501171875 0.9228763866877973 0.01071875 0.02190174326465927
0 0.72109765625 0.31629952456418386 0.01130078125 0.01580824088748019
0 0.83098828125 0.9237717908082409 0.01240625 0.01987321711568938
0 0.94898046875 0.4327020602218701 0.009761718749999999 0.025491283676703648
0 0.41322265625 0.6291125198098257 0.00874609375 0.030190174326465927
0 0.75227734375 0.3349683042789224 0.017570312499999997 0.015324881141045958
0 0.89097265625 0.9127416798732172 0.009921875 0.02213946117274168
0 0.703984375 0.8674564183835183 0.00887890625 0.02637876386687797
0 0.50657421875 0.2185657686212361 0.009421875 0.02750396196513471
0 0.99499609375 0.36808240887480187 0.010007812500000001 0.02026941362916006
0 0.88112109375 0.29620443740095087 0.01234765625 0.018977812995245643
0 0.09180859375 0.8402060221870047 0.0073046874999999995 0.014374009508716324
0 0.17494921875 0.9366640253565768 0.009046875 0.018565768621236132
0 0.10723437499999999 0.4673296354992076 0.0076171875 0.023114104595879557
0 0.60203515625 0.7296909667194929 0.0082109375 0.02236133122028526
0 0.8783828124999999 0.28324088748019016 0.01248828125 0.015213946117274167
0 0.8091484375 0.993296354992076 0.01653125 0.012543581616481775
0 0.356625 0.5211331220285261 0.01027734375 0.020467511885895403
0 0.16588671875 0.13725039619651347 0.00968359375 0.012519809825673535
0 0.15651171875 0.7870126782884311 0.00798828125 0.023779714738510302
0 0.8357070312499999 0.7464263074484945 0.009398437499999999 0.020126782884310617
0 0.52049609375 0.4966006339144216 0.00887890625 0.024754358161648175
0 0.44056249999999997 0.42873217115689377 0.012152343749999999 0.021814580031695723
0 0.66736328125 0.24083993660855785 0.011640625 0.018922345483359745
0 0.8824414062500001 0.5927575277337559 0.01365625 0.025055467511885896
0 0.43030859374999997 0.22075277337559426 0.00858203125 0.02980982567353407
0 0.403890625 0.8892076069730587 0.0110625 0.023526148969889065
0 0.3382890625 0.3228209191759112 0.012882812499999998 0.019484944532488113
0 0.9417382812499999 0.8505229793977812 0.014597656249999999 0.019508716323296357
0 0.9635976562499999 0.28114896988906496 0.0094375 0.023565768621236133
0 0.9455 0.38211568938193347 0.012210937500000001 0.017448494453248812
0 0.7502500000000001 0.23559429477020602 0.008125 0.025673534072900156
0 0.55644140625 0.23145800316957213 0.01101171875 0.018549920760697305
0 0.13482421875 0.07110142630744849 0.00775390625 0.01858161648177496
0 0.5693984375000001 0.923946117274168 0.014578125 0.022416798732171155
0 0.8390859374999999 0.5293819334389858 0.00972265625 0.016759112519809823
0 0.3737734375 0.42687797147385104 0.00764453125 0.022654516640253565
0 0.25707421875 0.02154516640253566 0.010765625 0.01615689381933439
0 0.25477734375 0.05913629160063391 0.00862109375 0.026719492868462758
0 0.48850781249999997 0.053858954041204436 0.01294921875 0.01615689381933439
0 0.4627265625 0.17056259904912838 0.0112109375 0.02008716323296355
0 0.34774609375 0.17056259904912838 0.007105468750000001 0.02257527733755943
0 0.20898046875 0.22524564183835183 0.0076953125 0.027543581616481773
0 0.16609374999999998 0.15451664025356576 0.008910156249999999 0.0236053882725832
0 0.016703125 0.21468304278922345 0.00990625 0.018843106180665613
0 0.04396875 0.2721553090332805 0.01297265625 0.021949286846275753
0 0.06403125 0.324041204437401 0.00776953125 0.02133122028526149
0 0.21357421875 0.3098494453248811 0.011984375 0.02609350237717908
0 0.17768359375 0.24295562599049128 0.01085546875 0.030649762282091916
0 0.24757812499999998 0.3362599049128368 0.0064765625 0.026711568938193344
0 0.2200078125 0.3784072900158479 0.01137109375 0.030649762282091916
0 0.25518359375 0.375919175911252 0.01515625 0.015736925515055466
0 0.095890625 0.40729793977812995 0.0102265625 0.018843106180665613
0 0.10344921874999999 0.4101980982567353 0.0073671875 0.025475435816164817
0 0.0669921875 0.4645641838351822 0.00919921875 0.022369255150554674
0 0.058976562499999996 0.4595958795562599 0.0074609375000000006 0.02733755942947702
0 0.01522265625 0.5169651347068146 0.008578125 0.021949286846275753
0 0.32824609374999997 0.6260142630744849 0.008125 0.02133122028526149
0 0.36393359375 0.5176941362916007 0.0072109375 0.029199683042789224
0 0.4091171875 0.43432646592709984 0.0118125 0.015736925515055466
0 0.43122265625 0.4890095087163233 0.00865234375 0.028161648177496036
0 0.44653906250000003 0.395594294770206 0.0074296875 0.02858161648177496
0 0.47916406250000004 0.4577337559429477 0.006515625 0.02858161648177496
0 0.032070312499999996 0.6295324881141047 0.00551953125 0.024231378763866877
0 0.33090234375 0.7025435816164818 0.005675781249999999 0.0236053882725832
0 0.43051171874999994 0.7159033280507132 0.0068164062499999995 0.02298732171156894
0 0.413 0.7381695721077655 0.0069179687500000005 0.024437400950871633
0 0.41345703125 0.7605388272583201 0.0090625 0.019469096671949286
0 0.23272265625 0.7033755942947701 0.006578125 0.021949286846275753
0 0.22863671874999997 0.7201505546751189 0.00739453125 0.020705229793977813
0 0.01108984375 0.8230824088748019 0.0080703125 0.021125198098256734
0 0.031820312499999996 0.8187321711568938 0.0107265625 0.0236053882725832
0 0.04866796875 0.8267115689381933 0.006441406249999999 0.02008716323296355
0 0.04820703125 0.8727892234548337 0.006750000000000001 0.0236053882725832
0 0.11126171874999999 0.8988906497622822 0.012375 0.01366877971473851
0 0.14026171875 0.909041204437401 0.0070703125 0.02568145800316957
0 0.012671874999999999 0.923122028526149 0.006742187500000001 0.02733755942947702
0 0.030898437499999997 0.9124564183835182 0.00521484375 0.025055467511885896
0 0.0399375 0.9248811410459589 0.006136718750000001 0.022567353407290016
0 0.04131640625 0.9019968304278921 0.008890625000000001 0.014904912836767035
0 0.1230546875 0.9932488114104596 0.01268359375 0.01349445324881141
0 0.16211328125 0.916283676703645 0.007484375 0.02111727416798732
0 0.18585156249999998 0.8612995245641839 0.0096328125 0.01801109350237718
0 0.20362109374999998 0.9152535657686212 0.00718359375 0.023193343898573693
0 0.2909765625 0.9103803486529319 0.00955078125 0.01925515055467512
0 0.3795078125 0.824635499207607 0.00527734375 0.021743264659271
0 0.48636328124999995 0.8125198098256736 0.00784765625 0.02733755942947702
0 0.49616796875 0.8215293185419968 0.007851562500000001 0.025467511885895404
0 0.4966796875 0.8615055467511886 0.006828125 0.027543581616481773
0 0.56566015625 0.08067353407290016 0.00593359375 0.030031695721077653
0 0.6689453125 0.09372424722662441 0.00707421875 0.026299524564183833
0 0.89930859375 0.06462757527733756 0.007117187499999999 0.023613312202852614
0 0.93116796875 0.2205863708399366 0.013250000000000001 0.01242472266244057
0 0.9835 0.20277337559429479 0.0072343749999999995 0.028161648177496036
0 0.9958046875000001 0.22203645007923928 0.0077460937499999995 0.029405705229793976
0 0.9760429687500001 0.2566244057052298 0.0062109375 0.02733755942947702
0 0.6151328125 0.2877892234548336 0.00808984375 0.030023771790808243
0 0.5843476562500001 0.20712361331220283 0.00777734375 0.018637083993660854
0 0.54197265625 0.21664817749603804 0.0116484375 0.014492868462757528
0 0.55437890625 0.23560221870047543 0.004605468749999999 0.03251188589540412
0 0.6755312499999999 0.3242472266244057 0.008 0.029199683042789224
0 0.615953125 0.3540729001584786 0.01135546875 0.026719492868462758
0 0.65572265625 0.3412282091917591 0.015753906249999998 0.012630744849445324
0 0.57194140625 0.37115689381933437 0.00991796875 0.0236053882725832
0 0.5848085937499999 0.43629952456418386 0.007472656249999999 0.026299524564183833
0 0.5562148437500001 0.617107765451664 0.0095078125 0.022567353407290016
0 0.551109375 0.650039619651347 0.011140625 0.02133122028526149
0 0.58970703125 0.6805863708399366 0.007472656249999999 0.0236053882725832
0 0.6597578125 0.4798969889064976 0.007078125 0.02484944532488114
0 0.67487109375 0.5622187004754358 0.0087109375 0.02298732171156894
0 0.7388945312499999 0.5096117274167987 0.010562499999999999 0.013874801901743266
0 0.79301171875 0.4714025356576862 0.00648828125 0.024437400950871633
0 0.9746171875 0.3904199683042789 0.00907421875 0.022369255150554674
0 0.8433515625 0.5490729001584785 0.0111953125 0.015736925515055466
0 0.956390625 0.6535578446909667 0.0069257812500000005 0.029199683042789224
0 0.99565234375 0.6768621236133122 0.00744140625 0.02111727416798732
0 0.542890625 0.6920839936608557 0.0085859375 0.026719492868462758
0 0.64132421875 0.9822503961965134 0.00901171875 0.025467511885895404
0 0.75742578125 0.8502139461172742 0.009644531250000001 0.02484944532488114
0 0.76896484375 0.8519809825673534 0.008015625 0.025055467511885896
0 0.8596406249999999 0.7137321711568938 0.00619140625 0.029405705229793976
0 0.86571484375 0.6973692551505547 0.009359375 0.034793977812995244
0 0.9379062499999999 0.7718225039619651 0.0083515625 0.028787638668779713
0 0.9590429687500001 0.7551505546751188 0.0077421875 0.02609350237717908
0 0.96455859375 0.7828050713153724 0.008968750000000001 0.029199683042789224
0 0.8660703125 0.7820760697305864 0.00803125 0.03189381933438986
0 0.9429609375 0.9930427892234549 0.00866015625 0.013914421553090332
0 0.9534765625 0.9896038034865294 0.007472656249999999 0.017820919175911252
0 0.70949609375 0.0998256735340729 0.00846875 0.011244057052297939
0 0.9197226562499999 0.06679080824088748 0.0094296875 0.018272583201267827
0 0.9259609375 0.061870047543581615 0.0108203125 0.019683042789223455