0 0.555 0.26311111111111113 0.01325 0.014666666666666666
0 0.4175 0.28044444444444444 0.01175 0.016888888888888887
0 0.10925 0.6386666666666667 0.01375 0.014666666666666666
0 0.26475 0.308 0.00825 0.014666666666666666
0 0.58625 0.9768888888888889 0.00975 0.016888888888888887
0 0.45625 0.24222222222222223 0.01175 0.013333333333333334
0 0.0395 0.7782222222222223 0.011 0.014666666666666666
0 0.08675 0.8591111111111112 0.01025 0.012444444444444444
0 0.11525 0.26844444444444443 0.0125 0.017777777777777778
0 0.695 0.43555555555555553 0.0095 0.017777777777777778
0 0.652 0.28933333333333333 0.014 0.014666666666666666
0 0.471 0.06755555555555555 0.01025 0.013777777777777778
0 0.18275 0.06088888888888889 0.011 0.017777777777777778
0 0.1145 0.17244444444444446 0.01025 0.017777777777777778
0 0.446 0.9293333333333333 0.0085 0.016444444444444446
0 0.046 0.4231111111111111 0.009 0.016444444444444446
0 0.5075 0.8008888888888889 0.0085 0.012444444444444444
0 0.80575 0.8968888888888888 0.01125 0.013777777777777778
0 0.34875 0.24533333333333332 0.01025 0.013777777777777778
0 0.644 0.14222222222222222 0.013 0.013333333333333334
0 0.131 0.22444444444444445 0.009 0.016888888888888887
0 0.48875 0.3288888888888889 0.014 0.013333333333333334
0 0.53275 0.18888888888888888 0.00775 0.012444444444444444
0 0.119 0.3537777777777778 0.0105 0.013333333333333334
0 0.41475 0.4875555555555556 0.00975 0.016444444444444446
0 0.4265 0.1942222222222222 0.0125 0.013777777777777778
0 0.38275 0.09688888888888889 0.01175 0.015555555555555555
0 0.31425 0.1448888888888889 0.013 0.012444444444444444
0 0.785 0.28444444444444444 0.01125 0.016444444444444446
0 0.36425 0.32755555555555554 0.00975 0.016888888888888887
0 0.3325 0.372 0.01025 0.012444444444444444
0 0.31325 0.3342222222222222 0.01325 0.014666666666666666
0 0.3535 0.46266666666666667 0.0095 0.014666666666666666
0 0.519 0.204 0.00825 0.017777777777777778
0 0.4245 0.8755555555555555 0.0155 0.013333333333333334
0 0.288 0.47733333333333333 0.007 0.015555555555555555
0 0.4265 0.1471111111111111 0.0125 0.015555555555555555
0 0.316 0.6648888888888889 0.01025 0.020888888888888887
0 0.4555 0.5462222222222223 0.0095 0.02
0 0.152 0.7244444444444444 0.0085 0.017777777777777778
0 0.6285 0.5782222222222222 0.0125 0.013333333333333334
0 0.4935 0.47555555555555556 0.00825 0.013777777777777778
0 0.012 0.4017777777777778 0.011 0.013333333333333334
0 0.63625 0.484 0.009 0.021777777777777778
0 0.14 0.31466666666666665 0.00825 0.017777777777777778
0 0.049 0.23555555555555555 0.0105 0.018666666666666668
0 0.38425 0.9915555555555555 0.00575 0.013777777777777778
0 0.49325 0.02311111111111111 0.016 0.012444444444444444
0 0.76125 0.9173333333333333 0.0155 0.013333333333333334
0 0.17975 0.2564444444444444 0.011 0.013777777777777778
0 0.281 0.7306666666666667 0.013 0.013333333333333334
0 0.8405 0.9875555555555555 0.01475 0.015555555555555555
0 0.87225 0.4026666666666667 0.01325 0.016888888888888887
0 0.29275 0.4262222222222222 0.012 0.014666666666666666
0 0.6915 0.5337777777777778 0.01175 0.018666666666666668
0 0.25475 0.6066666666666667 0.00625 0.02711111111111111
0 0.26 0.19555555555555557 0.009 0.013333333333333334
0 0.34975 0.9795555555555555 0.00975 0.020888888888888887
0 0.872 0.013333333333333334 0.012 0.026222222222222223
0 0.3155 0.4431111111111111 0.0095 0.010666666666666666
0 0.12525 0.14622222222222223 0.009 0.02
0 0.866 0.8551111111111112 0.01175 0.013777777777777778
0 0.6465 0.22844444444444445 0.0095 0.016888888888888887
0 0.3795 0.7235555555555555 0.00675 0.015555555555555555
0 0.9445 0.36444444444444446 0.0125 0.017777777777777778
0 0.77 0.6497777777777778 0.0085 0.013777777777777778
0 0.40775 0.5764444444444444 0.00775 0.018666666666666668
0 0.63075 0.42577777777777776 0.00675 0.014666666666666666
0 0.01325 0.7062222222222222 0.0085 0.017777777777777778
0 0.664 0.04577777777777778 0.007 0.024888888888888887
0 0.09475 0.632 0.009 0.012444444444444444
0 0.66375 0.37422222222222223 0.00825 0.016888888888888887
0 0.473 0.035111111111111114 0.01025 0.017777777777777778
0 0.68875 0.3751111111111111 0.007 0.013333333333333334
0 0.3595 0.7755555555555556 0.0125 0.018666666666666668
0 0.028 0.6555555555555556 0.01325 0.013333333333333334
0 0.39675 0.8448888888888889 0.0145 0.011555555555555555
0 0.4825 0.6573333333333333 0.00675 0.02666666666666667
0 0.54425 0.041777777777777775 0.0095 0.012444444444444444
0 0.8995 0.4062222222222222 0.01325 0.013333333333333334
0 0.4655 0.5226666666666666 0.00825 0.016888888888888887
0 0.181 0.21822222222222223 0.012 0.013777777777777778
0 0.539 0.9804444444444445 0.0115 0.02666666666666667
0 0.53375 0.9826666666666667 0.011 0.022222222222222223
0 0.56025 0.09822222222222222 0.009 0.02
0 0.406 0.3417777777777778 0.00825 0.015555555555555555
0 0.49125 0.8888888888888888 0.00975 0.028444444444444446
0 0.6995 0.6377777777777778 0.0125 0.011555555555555555
0 0.09475 0.4031111111111111 0.00825 0.017777777777777778
0 0.2955 0.5871111111111111 0.00825 0.02
0 0.7865 0.04044444444444444 0.00675 0.018666666666666668
0 0.243 0.7986666666666666 0.0095 0.021777777777777778
0 0.1945 0.5906666666666667 0.0125 0.017777777777777778
0 0.602 0.3373333333333333 0.00625 0.017777777777777778
0 0.04975 0.4697777777777778 0.01125 0.019555555555555555
0 0.0445 0.22533333333333333 0.01175 0.012444444444444444
0 0.25175 0.06933333333333333 0.0105 0.014666666666666666
0 0.754 0.12311111111111112 0.0095 0.013777777777777778
0 0.53375 0.2871111111111111 0.0105 0.011555555555555555
0 0.27725 0.13866666666666666 0.00675 0.016888888888888887
0 0.22075 0.6573333333333333 0.011 0.020888888888888887
0 0.28 0.9302222222222222 0.00675 0.02
0 0.071 0.39911111111111114 0.012 0.013777777777777778
0 0.5495 0.48044444444444445 0.007 0.019555555555555555
0 0.845 0.8857777777777778 0.0145 0.010222222222222223
0 0.6905 0.3586666666666667 0.00625 0.016888888888888887
0 0.5105 0.7022222222222222 0.00625 0.014666666666666666
0 0.39175 0.7484444444444445 0.01475 0.015555555555555555
0 0.65225 0.7444444444444445 0.0095 0.018666666666666668
0 0.19775 0.7755555555555556 0.009 0.019555555555555555
0 0.58925 0.7786666666666666 0.00675 0.015555555555555555
0 0.488 0.21688888888888888 0.00775 0.015555555555555555
0 0.23625 0.2831111111111111 0.0105 0.011555555555555555
0 0.1635 0.2031111111111111 0.00825 0.019555555555555555
0 0.08825 0.5648888888888889 0.00775 0.015555555555555555
0 0.273 0.26755555555555555 0.007 0.014666666666666666
0 0.5635 0.5111111111111111 0.0105 0.013777777777777778
0 0.85775 0.6542222222222223 0.01025 0.017777777777777778
0 0.31275 0.48933333333333334 0.009 0.020888888888888887
0 0.56 0.4191111111111111 0.00825 0.02
0 0.71975 0.025777777777777778 0.0105 0.013333333333333334
0 0.5255 0.9831111111111112 0.00625 0.010666666666666666
0 0.5675 0.9742222222222222 0.01125 0.013777777777777778
0 0.45475 0.6311111111111111 0.007 0.016888888888888887
0 0.41875 0.12977777777777777 0.0085 0.019555555555555555
0 0.61475 0.1817777777777778 0.00625 0.02711111111111111
0 0.6565 0.22755555555555557 0.00975 0.02
0 0.29325 0.9084444444444445 0.0075 0.016888888888888887
0 0.0595 0.516 0.007 0.010666666666666666
0 0.60575 0.2817777777777778 0.014 0.014666666666666666
0 0.785 0.21022222222222223 0.00825 0.020888888888888887
0 0.737 0.724 0.0075 0.016444444444444446
0 0.5245 0.11511111111111111 0.0085 0.020888888888888887
0 0.08775 0.4737777777777778 0.009 0.013333333333333334
0 0.87725 0.5431111111111111 0.01325 0.015555555555555555
0 0.89625 0.8497777777777777 0.00975 0.016888888888888887
0 0.28575 0.41733333333333333 0.00825 0.02311111111111111
0 0.52925 0.7666666666666667 0.00775 0.016444444444444446
0 0.209 0.9328888888888889 0.00775 0.029777777777777778
0 0.988 0.6586666666666666 0.01125 0.019555555555555555
0 0.629 0.37066666666666664 0.00825 0.019555555555555555
0 0.15725 0.5591111111111111 0.00825 0.021777777777777778
0 0.3775 0.41733333333333333 0.012 0.011555555555555555
0 0.31525 0.2786666666666667 0.007 0.017777777777777778
0 0.8105 0.37955555555555553 0.00775 0.018666666666666668
0 0.58075 0.38622222222222224 0.007 0.019555555555555555
0 0.62275 0.6751111111111111 0.00975 0.017777777777777778
0 0.035 0.27244444444444443 0.00825 0.013777777777777778
0 0.5345 0.16622222222222222 0.01025 0.020444444444444446
0 0.528 0.17244444444444446 0.009 0.014666666666666666
0 0.19125 0.5728888888888889 0.00825 0.019555555555555555
0 0.55225 0.4053333333333333 0.00775 0.016888888888888887
0 0.82025 0.39955555555555555 0.01 0.027555555555555555
0 0.8265 0.7128888888888889 0.00925 0.028888888888888888
0 0.62875 0.9946666666666667 0.01375 0.010666666666666666
0 0.803 0.7248888888888889 0.012 0.012444444444444444
0 0.5495 0.03822222222222222 0.00775 0.02711111111111111
0 0.4915 0.010666666666666666 0.007 0.014666666666666666
0 0.69175 0.4742222222222222 0.00775 0.017777777777777778
0 0.724 0.6017777777777777 0.00975 0.018666666666666668
0 0.6675 0.49333333333333335 0.00975 0.015555555555555555
0 0.57425 0.3191111111111111 0.00625 0.016888888888888887
0 0.0185 0.676 0.009 0.017777777777777778
0 0.1515 0.3982222222222222 0.008 0.024444444444444446
0 0.26175 0.7768888888888889 0.008 0.025333333333333333
0 0.21425 0.10488888888888889 0.009 0.019555555555555555
0 0.374 0.49777777777777776 0.009 0.02266666666666667
0 0.64175 0.6431111111111111 0.007 0.012444444444444444
0 0.827 0.3768888888888889 0.00775 0.016444444444444446
0 0.00575 0.8782222222222222 0.009 0.013777777777777778
0 0.437 0.9008888888888889 0.013 0.013777777777777778
0 0.64425 0.9177777777777778 0.011 0.012444444444444444
0 0.622 0.8124444444444444 0.01025 0.016888888888888887
0 0.04225 0.7644444444444445 0.00625 0.012444444444444444
0 0.07125 0.8782222222222222 0.0075 0.015555555555555555
0 0.62475 0.5982222222222222 0.0075 0.019555555555555555
0 0.11975 0.9355555555555556 0.0075 0.016888888888888887
0 0.0935 0.9906666666666667 0.00825 0.016888888888888887
0 0.241 0.5831111111111111 0.00775 0.03244444444444444
0 0.35675 0.5693333333333334 0.01125 0.015555555555555555
0 0.29675 0.9764444444444444 0.01075 0.024
0 0.64675 0.25066666666666665 0.00725 0.025777777777777778
0 0.66375 0.3595555555555556 0.0075 0.013777777777777778
0 0.616 0.8324444444444444 0.0085 0.016444444444444446
0 0.50425 0.8124444444444444 0.00625 0.012444444444444444
0 0.06425 0.992 0.0095 0.016
0 0.864 0.936 0.0095 0.014666666666666666
0 0.3265 0.7093333333333334 0.0095 0.021777777777777778
0 0.37825 0.1391111111111111 0.006 0.02666666666666667
0 0.377 0.12 0.00775 0.02
0 0.056 0.4568888888888889 0.0075 0.013777777777777778
0 0.26875 0.41955555555555557 0.007 0.032
0 0.4795 0.2862222222222222 0.0085 0.024
0 0.72275 0.5857777777777777 0.0075 0.016444444444444446
0 0.0895 0.33866666666666667 0.007 0.020888888888888887
0 0.6535 0.6084444444444445 0.00625 0.017777777777777778
0 0.5915 0.7648888888888888 0.00625 0.013333333333333334
0 0.355 0.31422222222222224 0.01025 0.010222222222222223
0 0.46825 0.45866666666666667 0.00675 0.018666666666666668
0 0.10125 0.5066666666666667 0.0085 0.021777777777777778
0 0.2165 0.09555555555555556 0.00675 0.017777777777777778
0 0.10725 0.09377777777777778 0.00625 0.028444444444444446
0 0.09975 0.08533333333333333 0.007 0.024
0 0.97075 0.19644444444444445 0.007 0.029777777777777778
0 0.0245 0.5435555555555556 0.00775 0.017777777777777778
0 0.52025 0.6986666666666667 0.011 0.021777777777777778
0 0.58725 0.7933333333333333 0.0075 0.015555555555555555
0 0.93475 0.35688888888888887 0.0095 0.020888888888888887
0 0.471 0.23822222222222222 0.0105 0.010222222222222223
0 0.07825 0.948 0.00675 0.016888888888888887
0 0.24 0.7355555555555555 0.0075 0.020888888888888887
0 0.02925 0.5302222222222223 0.00775 0.019555555555555555
0 0.35775 0.17644444444444443 0.011 0.012444444444444444
0 0.8535 0.8444444444444444 0.0125 0.010666666666666666
0 0.05775 0.2608888888888889 0.007 0.016888888888888887
0 0.61925 0.5968888888888889 0.0075 0.020888888888888887
0 0.59275 0.6888888888888889 0.00775 0.030666666666666665
0 0.8325 0.7542222222222222 0.00975 0.016444444444444446
0 0.943 0.5968888888888889 0.00775 0.019555555555555555
0 0.68525 0.23777777777777778 0.00675 0.02
0 0.101 0.88 0.0075 0.018666666666666668
0 0.687 0.6711111111111111 0.00825 0.019555555555555555
0 0.044 0.276 0.00825 0.016444444444444446
0 0.512 0.7791111111111111 0.009 0.026222222222222223
0 0.35575 0.36133333333333334 0.00625 0.02266666666666667
0 0.8735 0.21422222222222223 0.01 0.026222222222222223
0 0.2665 0.23955555555555555 0.00775 0.02266666666666667
0 0.47775 0.22666666666666666 0.006 0.017777777777777778
0 0.8615 0.31022222222222223 0.01125 0.014666666666666666
0 0.31525 0.10844444444444444 0.0075 0.029333333333333333
0 0.4585 0.5755555555555556 0.0085 0.027555555555555555
0 0.79675 0.6697777777777778 0.0065 0.028444444444444446
0 0.016 0.26311111111111113 0.007 0.020888888888888887
0 0.5005 0.6111111111111112 0.00825 0.018666666666666668
0 0.53675 0.08133333333333333 0.0085 0.028
0 0.40475 0.6866666666666666 0.0085 0.030666666666666665
0 0.22725 0.7497777777777778 0.01475 0.012444444444444444
0 0.995 0.2528888888888889 0.00875 0.026222222222222223
0 0.983 0.27111111111111114 0.01075 0.03155555555555556
0 0.672 0.6182222222222222 0.01025 0.019555555555555555
0 0.532 0.804 0.008 0.026222222222222223
0 0.4655 0.6133333333333333 0.011 0.021777777777777778
0 0.003 0.3631111111111111 0.00575 0.026222222222222223
0 0.02125 0.7542222222222222 0.01025 0.016
0 0.46975 0.6524444444444445 0.00575 0.027555555555555555
0 0.75025 0.8968888888888888 0.00975 0.03688888888888889
0 0.81075 0.5573333333333333 0.0125 0.026222222222222223
0 0.04175 0.26 0.007 0.016888888888888887
0 0.96525 0.6506666666666666 0.0165 0.021777777777777778
0 0.90975 0.9688888888888889 0.01175 0.026222222222222223
0 0.689 0.5466666666666666 0.0125 0.018666666666666668
0 0.5785 0.6817777777777778 0.01025 0.018666666666666668
0 0.378 0.5164444444444445 0.0125 0.02
0 0.0805 0.4351111111111111 0.011 0.028
0 0.03675 0.6644444444444444 0.0125 0.018666666666666668