0 0.35633333333333334 0.17905405405405406 0.014333333333333333 0.019594594594594596
0 0.38433333333333336 0.1918918918918919 0.013 0.02364864864864865
0 0.361 0.2905405405405405 0.011 0.014864864864864866
0 0.369 0.2756756756756757 0.008333333333333333 0.01891891891891892
0 0.37866666666666665 0.2594594594594595 0.010666666666666666 0.022972972972972974
0 0.40066666666666667 0.22905405405405405 0.014 0.016216216216216217
0 0.38466666666666666 0.3385135135135135 0.011666666666666667 0.018243243243243244
0 0.383 0.30945945945945946 0.007333333333333333 0.021621621621621623
0 0.389 0.3162162162162162 0.011333333333333334 0.013513513513513514
0 0.3953333333333333 0.30743243243243246 0.009333333333333334 0.024324324324324326
0 0.412 0.2918918918918919 0.015666666666666666 0.01891891891891892
0 0.4256666666666667 0.31824324324324327 0.009666666666666667 0.019594594594594596
0 0.35733333333333334 0.3358108108108108 0.012333333333333333 0.029054054054054056
0 0.31966666666666665 0.31351351351351353 0.011 0.031081081081081083
0 0.339 0.2918918918918919 0.008666666666666666 0.029054054054054056
0 0.247 0.03175675675675676 0.013333333333333334 0.015540540540540541
0 0.25433333333333336 0.0445945945945946 0.012 0.022972972972972974
0 0.2793333333333333 0.052702702702702706 0.009333333333333334 0.025
0 0.299 0.029054054054054056 0.005666666666666667 0.02837837837837838
0 0.2926666666666667 0.011486486486486487 0.007 0.014864864864864866
0 0.31066666666666665 0.008108108108108109 0.005333333333333333 0.016216216216216217
0 0.32966666666666666 0.005405405405405406 0.007333333333333333 0.010810810810810811
0 0.3466666666666667 0.014864864864864866 0.010333333333333333 0.020945945945945947
0 0.35533333333333333 0.021621621621621623 0.013333333333333334 0.01891891891891892
0 0.351 0.0722972972972973 0.005666666666666667 0.02364864864864865
0 0.36333333333333334 0.056081081081081084 0.008333333333333333 0.021621621621621623
0 0.36566666666666664 0.03648648648648649 0.012333333333333333 0.010810810810810811
0 0.37 0.04054054054054054 0.01 0.018243243243243244
0 0.33266666666666667 0.07162162162162163 0.009666666666666667 0.03175675675675676
0 0.2976666666666667 0.07297297297297298 0.011 0.024324324324324326
0 0.2 0.12702702702702703 0.014666666666666666 0.019594594594594596
0 0.22366666666666668 0.10810810810810811 0.009333333333333334 0.025
0 0.232 0.10135135135135136 0.011 0.025
0 0.24 0.125 0.012333333333333333 0.025
0 0.26166666666666666 0.11081081081081082 0.012666666666666666 0.013513513513513514
0 0.25833333333333336 0.13986486486486485 0.013 0.013513513513513514
0 0.22266666666666668 0.17567567567567569 0.015333333333333332 0.020945945945945947
0 0.195 0.17635135135135135 0.011333333333333334 0.029054054054054056
0 0.18 0.16418918918918918 0.009 0.022972972972972974
0 0.169 0.19324324324324324 0.015 0.010810810810810811
0 0.179 0.23716216216216215 0.009 0.025
0 0.19266666666666668 0.2777027027027027 0.010333333333333333 0.020945945945945947
0 0.21 0.3 0.015333333333333332 0.030405405405405407
0 0.29633333333333334 0.10067567567567567 0.012333333333333333 0.014864864864864866
0 0.2743333333333333 0.1358108108108108 0.008666666666666666 0.02837837837837838
0 0.258 0.16418918918918918 0.012666666666666666 0.016891891891891893
0 0.31033333333333335 0.125 0.007 0.021621621621621623
0 0.31933333333333336 0.11486486486486487 0.01 0.020945945945945947
0 0.29833333333333334 0.16824324324324325 0.012333333333333333 0.013513513513513514
0 0.296 0.14932432432432433 0.007333333333333333 0.02364864864864865
0 0.2946666666666667 0.14189189189189189 0.011 0.020945945945945947
0 0.302 0.1472972972972973 0.006666666666666667 0.02364864864864865
0 0.30766666666666664 0.14932432432432433 0.007666666666666666 0.020945945945945947
0 0.31333333333333335 0.15 0.009 0.01891891891891892
0 0.31466666666666665 0.13851351351351351 0.010333333333333333 0.012162162162162163
0 0.31966666666666665 0.14594594594594595 0.007666666666666666 0.02027027027027027
0 0.3556666666666667 0.16554054054054054 0.010333333333333333 0.016216216216216217
0 0.3626666666666667 0.13175675675675674 0.011333333333333334 0.021621621621621623
0 0.377 0.075 0.004666666666666667 0.02364864864864865
0 0.38266666666666665 0.08108108108108109 0.010666666666666666 0.012162162162162163
0 0.11966666666666667 0.24864864864864866 0.008333333333333333 0.024324324324324326
0 0.148 0.2560810810810811 0.008 0.025
0 0.117 0.33175675675675675 0.012666666666666666 0.018243243243243244
0 0.13266666666666665 0.3304054054054054 0.006333333333333333 0.01891891891891892
0 0.142 0.33175675675675675 0.013 0.010810810810810811
0 0.13866666666666666 0.3202702702702703 0.014666666666666666 0.012162162162162163
0 0.14 0.3141891891891892 0.014 0.012837837837837839
0 0.143 0.29121621621621624 0.007333333333333333 0.016216216216216217
0 0.17933333333333334 0.3398648648648649 0.008 0.021621621621621623
0 0.18 0.3277027027027027 0.011 0.013513513513513514
0 0.14366666666666666 0.37027027027027026 0.009 0.02364864864864865
0 0.14666666666666667 0.34324324324324323 0.009333333333333334 0.014864864864864866
0 0.19233333333333333 0.3493243243243243 0.007666666666666666 0.020945945945945947
0 0.19166666666666668 0.33783783783783783 0.009333333333333334 0.01418918918918919
0 0.22433333333333333 0.2581081081081081 0.010333333333333333 0.012162162162162163
0 0.23233333333333334 0.2695945945945946 0.008 0.025
0 0.244 0.2554054054054054 0.011666666666666667 0.019594594594594596
0 0.24866666666666667 0.21554054054054053 0.007666666666666666 0.018243243243243244
0 0.2623333333333333 0.20067567567567568 0.006333333333333333 0.012837837837837839
0 0.26866666666666666 0.21216216216216216 0.006666666666666667 0.020945945945945947
0 0.27066666666666667 0.20135135135135135 0.009333333333333334 0.01891891891891892
0 0.275 0.20743243243243242 0.005333333333333333 0.01756756756756757
0 0.2793333333333333 0.2114864864864865 0.007 0.0222972972972973
0 0.2896666666666667 0.24121621621621622 0.01 0.026351351351351353
0 0.26 0.24662162162162163 0.010666666666666666 0.021621621621621623
0 0.26666666666666666 0.28243243243243243 0.014333333333333333 0.013513513513513514
0 0.26466666666666666 0.27297297297297296 0.008666666666666666 0.010810810810810811
0 0.2773333333333333 0.2851351351351351 0.009333333333333334 0.01891891891891892
0 0.2846666666666667 0.28716216216216217 0.01 0.018243243243243244
0 0.2996666666666667 0.21283783783783783 0.010666666666666666 0.012837837837837839
0 0.30666666666666664 0.21621621621621623 0.007666666666666666 0.018243243243243244
0 0.21866666666666668 0.3581081081081081 0.010666666666666666 0.02027027027027027
0 0.22966666666666666 0.35 0.007666666666666666 0.02364864864864865
0 0.23366666666666666 0.3310810810810811 0.013666666666666667 0.016891891891891893
0 0.243 0.31013513513513513 0.007333333333333333 0.025
0 0.207 0.4189189189189189 0.008333333333333333 0.025
0 0.21166666666666667 0.39797297297297296 0.007 0.024324324324324326
0 0.22433333333333333 0.37635135135135134 0.013333333333333334 0.01756756756756757
0 0.217 0.41486486486486485 0.010666666666666666 0.021621621621621623
0 0.189 0.41621621621621624 0.007 0.025
0 0.17533333333333334 0.3972972972972973 0.011333333333333334 0.01756756756756757
0 0.18666666666666668 0.3891891891891892 0.010333333333333333 0.021621621621621623
0 0.159 0.3668918918918919 0.014666666666666666 0.015540540540540541
0 0.13133333333333333 0.3635135135135135 0.012 0.01756756756756757
0 0.13566666666666666 0.41621621621621624 0.013333333333333334 0.01756756756756757
0 0.121 0.425 0.009666666666666667 0.026351351351351353
0 0.13566666666666666 0.40135135135135136 0.006333333333333333 0.021621621621621623
0 0.14333333333333334 0.40743243243243243 0.008 0.021621621621621623
0 0.154 0.40405405405405403 0.011666666666666667 0.020945945945945947
0 0.17066666666666666 0.43783783783783786 0.012666666666666666 0.0222972972972973
0 0.255 0.4168918918918919 0.009666666666666667 0.012837837837837839
0 0.267 0.3918918918918919 0.008 0.025
0 0.275 0.33378378378378376 0.006 0.022972972972972974
0 0.2796666666666667 0.32972972972972975 0.007666666666666666 0.01756756756756757
0 0.287 0.3506756756756757 0.01 0.015540540540540541
0 0.286 0.3290540540540541 0.009 0.01756756756756757
0 0.299 0.34256756756756757 0.008666666666666666 0.02972972972972973
0 0.3233333333333333 0.252027027027027 0.011666666666666667 0.01756756756756757
0 0.33466666666666667 0.26013513513513514 0.008333333333333333 0.02027027027027027
0 0.3423333333333333 0.2689189189189189 0.010333333333333333 0.016891891891891893
0 0.35833333333333334 0.2743243243243243 0.008333333333333333 0.01891891891891892
0 0.37733333333333335 0.3047297297297297 0.004333333333333333 0.012837837837837839
0 0.4176666666666667 0.2702702702702703 0.011666666666666667 0.012162162162162163
0 0.427 0.2716216216216216 0.009 0.0222972972972973
0 0.428 0.24662162162162163 0.012666666666666666 0.024324324324324326
0 0.44133333333333336 0.27702702702702703 0.012666666666666666 0.020945945945945947
0 0.434 0.3358108108108108 0.009333333333333334 0.021621621621621623
0 0.43166666666666664 0.3202702702702703 0.011333333333333334 0.016216216216216217
0 0.44333333333333336 0.2972972972972973 0.008 0.02027027027027027
0 0.4503333333333333 0.30675675675675673 0.012333333333333333 0.018243243243243244
0 0.465 0.31148648648648647 0.009666666666666667 0.020945945945945947
0 0.4613333333333333 0.2810810810810811 0.009333333333333334 0.0222972972972973
0 0.449 0.22432432432432434 0.006 0.026351351351351353
0 0.44733333333333336 0.20135135135135135 0.009 0.025675675675675677
0 0.44566666666666666 0.1858108108108108 0.006 0.018243243243243244
0 0.4513333333333333 0.17027027027027028 0.006666666666666667 0.026351351351351353
0 0.46166666666666667 0.16824324324324325 0.014333333333333333 0.019594594594594596
0 0.425 0.16959459459459458 0.014333333333333333 0.018243243243243244
0 0.4106666666666667 0.13783783783783785 0.010666666666666666 0.030405405405405407
0 0.42 0.15135135135135136 0.013333333333333334 0.012162162162162163
0 0.4036666666666667 0.12297297297297298 0.017 0.020945945945945947
0 0.43166666666666664 0.0972972972972973 0.014666666666666666 0.016216216216216217
0 0.447 0.07364864864864865 0.010666666666666666 0.019594594594594596
0 0.462 0.07972972972972973 0.013333333333333334 0.019594594594594596
0 0.44966666666666666 0.12567567567567567 0.013333333333333334 0.018243243243243244
0 0.481 0.09391891891891892 0.014666666666666666 0.016216216216216217
0 0.49533333333333335 0.0945945945945946 0.011333333333333334 0.0222972972972973
0 0.477 0.1222972972972973 0.006666666666666667 0.01756756756756757
0 0.47833333333333333 0.11689189189189189 0.009 0.015540540540540541
0 0.4796666666666667 0.11013513513513513 0.011 0.010810810810810811
0 0.504 0.07162162162162163 0.007333333333333333 0.01756756756756757
0 0.494 0.05472972972972973 0.01 0.016891891891891893
0 0.481 0.052702702702702706 0.006666666666666667 0.01756756756756757
0 0.481 0.02027027027027027 0.015666666666666666 0.01418918918918919
0 0.496 0.029054054054054056 0.008 0.024324324324324326
0 0.45166666666666666 0.010810810810810811 0.014666666666666666 0.012162162162162163
0 0.5063333333333333 0.03783783783783784 0.008666666666666666 0.025
0 0.5206666666666667 0.038513513513513516 0.008333333333333333 0.025675675675675677
0 0.5273333333333333 0.0222972972972973 0.005666666666666667 0.02027027027027027
0 0.5213333333333333 0.010135135135135136 0.011333333333333334 0.016216216216216217
0 0.5426666666666666 0.02364864864864865 0.012666666666666666 0.01756756756756757
0 0.557 0.03445945945945946 0.012 0.013513513513513514
0 0.568 0.032432432432432434 0.010333333333333333 0.016891891891891893
0 0.5606666666666666 0.04932432432432433 0.008 0.021621621621621623
0 0.546 0.07094594594594594 0.012333333333333333 0.012837837837837839
0 0.5216666666666666 0.11351351351351352 0.012 0.016891891891891893
0 0.49133333333333334 0.13108108108108107 0.010333333333333333 0.01891891891891892
0 0.5093333333333333 0.14189189189189189 0.012666666666666666 0.012162162162162163
0 0.49233333333333335 0.16418918918918918 0.009 0.021621621621621623
0 0.4816666666666667 0.16689189189189188 0.010333333333333333 0.018243243243243244
0 0.5006666666666667 0.1783783783783784 0.008333333333333333 0.02364864864864865
0 0.5083333333333333 0.19324324324324324 0.012 0.018243243243243244
0 0.5253333333333333 0.17297297297297298 0.008 0.0222972972972973
0 0.5333333333333333 0.16959459459459458 0.009 0.02027027027027027
0 0.5233333333333333 0.14594594594594595 0.010666666666666666 0.02027027027027027
0 0.5246666666666666 0.13445945945945945 0.014 0.011486486486486487
0 0.5303333333333333 0.14054054054054055 0.006666666666666667 0.0222972972972973
0 0.5386666666666666 0.15135135135135136 0.010333333333333333 0.01418918918918919
0 0.538 0.14527027027027026 0.012 0.01756756756756757
0 0.5456666666666666 0.1554054054054054 0.010333333333333333 0.018243243243243244
0 0.553 0.13243243243243244 0.010333333333333333 0.016216216216216217
0 0.5593333333333333 0.13175675675675674 0.006666666666666667 0.018243243243243244
0 0.5686666666666667 0.13648648648648648 0.007666666666666666 0.02027027027027027
0 0.5496666666666666 0.0972972972972973 0.01 0.012162162162162163
0 0.557 0.1 0.011333333333333334 0.012837837837837839
0 0.5643333333333334 0.10405405405405406 0.008333333333333333 0.012837837837837839
0 0.583 0.11418918918918919 0.011 0.016216216216216217
0 0.5913333333333334 0.10675675675675676 0.011 0.00945945945945946
0 0.6 0.16689189189189188 0.008333333333333333 0.025
0 0.6013333333333334 0.1527027027027027 0.012666666666666666 0.010810810810810811
0 0.5996666666666667 0.14121621621621622 0.01 0.016891891891891893
0 0.5963333333333334 0.18445945945945946 0.009 0.02364864864864865
0 0.5793333333333334 0.1783783783783784 0.012 0.02027027027027027
0 0.569 0.20067567567567568 0.006 0.019594594594594596
0 0.5846666666666667 0.20337837837837838 0.012 0.016891891891891893
0 0.5966666666666667 0.21013513513513513 0.009333333333333334 0.01891891891891892
0 0.5753333333333334 0.21756756756756757 0.010333333333333333 0.012837837837837839
0 0.5493333333333333 0.21891891891891893 0.006666666666666667 0.016891891891891893
0 0.5533333333333333 0.20810810810810812 0.012666666666666666 0.010810810810810811
0 0.562 0.22297297297297297 0.008333333333333333 0.01756756756756757
0 0.555 0.23513513513513515 0.013 0.00945945945945946
0 0.57 0.2445945945945946 0.012 0.013513513513513514
0 0.5683333333333334 0.2641891891891892 0.017333333333333333 0.013513513513513514
0 0.563 0.28378378378378377 0.012666666666666666 0.016891891891891893
0 0.5536666666666666 0.27837837837837837 0.006 0.016891891891891893
0 0.5456666666666666 0.2722972972972973 0.007333333333333333 0.02364864864864865
0 0.5366666666666666 0.2304054054054054 0.006333333333333333 0.02027027027027027
0 0.5216666666666666 0.24662162162162163 0.011 0.013513513513513514
0 0.516 0.22837837837837838 0.01 0.01891891891891892
0 0.533 0.21554054054054053 0.006666666666666667 0.012837837837837839
0 0.492 0.23648648648648649 0.008666666666666666 0.010810810810810811
0 0.49 0.22702702702702704 0.009 0.008783783783783784
0 0.493 0.21756756756756757 0.008666666666666666 0.012162162162162163
0 0.506 0.23513513513513515 0.008666666666666666 0.012162162162162163
0 0.496 0.2445945945945946 0.009 0.016891891891891893
0 0.5126666666666667 0.27297297297297296 0.006333333333333333 0.021621621621621623
0 0.5046666666666667 0.2716216216216216 0.011333333333333334 0.012837837837837839
0 0.49933333333333335 0.27905405405405403 0.008 0.013513513513513514
0 0.491 0.29121621621621624 0.008666666666666666 0.018243243243243244
0 0.492 0.27635135135135136 0.011 0.013513513513513514
0 0.477 0.28040540540540543 0.007666666666666666 0.018243243243243244
0 0.48533333333333334 0.2993243243243243 0.010666666666666666 0.01756756756756757
0 0.4856666666666667 0.3310810810810811 0.007666666666666666 0.019594594594594596
0 0.5096666666666667 0.3358108108108108 0.011666666666666667 0.014864864864864866
0 0.543 0.3087837837837838 0.014333333333333333 0.012837837837837839
0 0.5436666666666666 0.29527027027027025 0.012666666666666666 0.011486486486486487
0 0.539 0.3027027027027027 0.011333333333333334 0.013513513513513514
0 0.539 0.3202702702702703 0.012 0.013513513513513514
0 0.5533333333333333 0.3310810810810811 0.015333333333333332 0.014864864864864866
0 0.5766666666666667 0.32094594594594594 0.012 0.016891891891891893
0 0.5816666666666667 0.32837837837837835 0.012 0.008783783783783784
0 0.5773333333333334 0.33783783783783783 0.009333333333333334 0.014864864864864866
0 0.5683333333333334 0.33783783783783783 0.01 0.010135135135135136
0 0.559 0.35135135135135137 0.008333333333333333 0.021621621621621623
0 0.5703333333333334 0.3635135135135135 0.014333333333333333 0.013513513513513514
0 0.5986666666666667 0.3047297297297297 0.008666666666666666 0.020945945945945947
0 0.6023333333333334 0.2925675675675676 0.013666666666666667 0.012837837837837839
0 0.606 0.32972972972972975 0.007333333333333333 0.02364864864864865
0 0.6073333333333333 0.10337837837837838 0.009 0.02364864864864865
0 0.09566666666666666 0.3689189189189189 0.008333333333333333 0.019594594594594596
0 0.08066666666666666 0.375 0.008 0.016216216216216217
0 0.08966666666666667 0.3864864864864865 0.008 0.02364864864864865
0 0.087 0.41283783783783784 0.015 0.016891891891891893
0 0.10033333333333333 0.46013513513513515 0.008333333333333333 0.025
0 0.08966666666666667 0.4689189189189189 0.012666666666666666 0.01418918918918919
0 0.134 0.5121621621621621 0.010333333333333333 0.02027027027027027
0 0.12166666666666667 0.529054054054054 0.013 0.024324324324324326
0 0.153 0.5182432432432432 0.009 0.018243243243243244
0 0.12433333333333334 0.5567567567567567 0.013 0.011486486486486487
0 0.126 0.55 0.012 0.012162162162162163
0 0.16 0.5635135135135135 0.013666666666666667 0.011486486486486487
0 0.16733333333333333 0.5641891891891891 0.011 0.014864864864864866
0 0.104 0.5594594594594594 0.009333333333333334 0.019594594594594596
0 0.08066666666666666 0.5371621621621622 0.006333333333333333 0.025
0 0.08033333333333334 0.5054054054054054 0.013333333333333334 0.012162162162162163
0 0.08266666666666667 0.49932432432432433 0.007 0.014864864864864866
0 0.03833333333333333 0.4486486486486487 0.008333333333333333 0.016891891891891893
0 0.020666666666666667 0.4905405405405405 0.006 0.02027027027027027
0 0.030666666666666665 0.5033783783783784 0.011 0.018243243243243244
0 0.018 0.5209459459459459 0.005333333333333333 0.0222972972972973
0 0.05466666666666667 0.4581081081081081 0.009333333333333334 0.02027027027027027
0 0.059 0.46621621621621623 0.009333333333333334 0.016216216216216217
0 0.04533333333333334 0.4918918918918919 0.012666666666666666 0.01756756756756757
0 0.05566666666666667 0.4966216216216216 0.01 0.016891891891891893
0 0.059 0.5337837837837838 0.012666666666666666 0.012837837837837839
0 0.061 0.5540540540540541 0.008666666666666666 0.024324324324324326
0 0.14166666666666666 0.5831081081081081 0.008666666666666666 0.02702702702702703
0 0.155 0.595945945945946 0.007333333333333333 0.02027027027027027
0 0.12866666666666668 0.5885135135135136 0.01 0.013513513513513514
0 0.15566666666666668 0.6141891891891892 0.012666666666666666 0.014864864864864866
0 0.16166666666666665 0.6202702702702703 0.008 0.026351351351351353
0 0.08566666666666667 0.6243243243243243 0.015333333333333332 0.016216216216216217
0 0.06133333333333333 0.6304054054054054 0.007666666666666666 0.012162162162162163
0 0.023 0.5858108108108108 0.014666666666666666 0.018243243243243244
0 0.004333333333333333 0.6317567567567568 0.008333333333333333 0.01418918918918919
0 0.027 0.6263513513513513 0.008666666666666666 0.008108108108108109
0 0.022333333333333334 0.643918918918919 0.011666666666666667 0.02364864864864865
0 0.045 0.6608108108108108 0.014333333333333333 0.020945945945945947
0 0.049666666666666665 0.6851351351351351 0.016 0.016891891891891893
0 0.08633333333333333 0.6682432432432432 0.008333333333333333 0.021621621621621623
0 0.09633333333333334 0.6905405405405406 0.007666666666666666 0.0222972972972973
0 0.11733333333333333 0.6790540540540541 0.012 0.016216216216216217
0 0.118 0.6682432432432432 0.013666666666666667 0.013513513513513514
0 0.12133333333333333 0.6831081081081081 0.013333333333333334 0.012162162162162163
0 0.13333333333333333 0.6736486486486486 0.014333333333333333 0.010810810810810811
0 0.133 0.6925675675675675 0.013333333333333334 0.018243243243243244
0 0.15166666666666667 0.7108108108108108 0.014333333333333333 0.012837837837837839
0 0.12666666666666668 0.7202702702702702 0.010333333333333333 0.015540540540540541
0 0.095 0.7331081081081081 0.011333333333333334 0.014864864864864866
0 0.116 0.7554054054054054 0.012666666666666666 0.018243243243243244
0 0.082 0.7385135135135135 0.012666666666666666 0.014864864864864866
0 0.06933333333333333 0.7412162162162163 0.010333333333333333 0.013513513513513514
0 0.04766666666666667 0.7520270270270271 0.016666666666666666 0.013513513513513514
0 0.158 0.7608108108108108 0.013666666666666667 0.01756756756756757
0 0.16266666666666665 0.7891891891891892 0.013333333333333334 0.013513513513513514
0 0.15933333333333333 0.8027027027027027 0.013333333333333334 0.015540540540540541
0 0.123 0.8141891891891891 0.012333333333333333 0.012837837837837839
0 0.16133333333333333 0.8331081081081081 0.014333333333333333 0.02027027027027027
0 0.14366666666666666 0.8608108108108108 0.012 0.01891891891891892
0 0.15033333333333335 0.8608108108108108 0.009333333333333334 0.010810810810810811
0 0.118 0.8581081081081081 0.005666666666666667 0.0222972972972973
0 0.11333333333333333 0.85 0.01 0.01418918918918919
0 0.10433333333333333 0.8533783783783784 0.007 0.024324324324324326
0 0.09633333333333334 0.8493243243243244 0.007333333333333333 0.018243243243243244
0 0.09566666666666666 0.7837837837837838 0.015666666666666666 0.013513513513513514
0 0.04933333333333333 0.8128378378378378 0.009666666666666667 0.027702702702702704
0 0.11233333333333333 0.8175675675675675 0.006333333333333333 0.014864864864864866
0 0.028 0.8094594594594594 0.012666666666666666 0.015540540540540541
0 0.028 0.7743243243243243 0.013 0.016216216216216217
0 0.007333333333333333 0.7554054054054054 0.009 0.021621621621621623
0 0.032 0.8506756756756757 0.011333333333333334 0.010810810810810811
0 0.042333333333333334 0.8628378378378379 0.010333333333333333 0.010135135135135136
0 0.034666666666666665 0.8777027027027027 0.007333333333333333 0.016891891891891893
0 0.039 0.8804054054054054 0.008666666666666666 0.013513513513513514
0 0.019666666666666666 0.9006756756756756 0.011333333333333334 0.02027027027027027
0 0.007 0.8871621621621621 0.006333333333333333 0.021621621621621623
0 0.07466666666666667 0.9027027027027027 0.007 0.021621621621621623
0 0.06966666666666667 0.9128378378378378 0.013333333333333334 0.012162162162162163
0 0.11966666666666667 0.8804054054054054 0.014 0.011486486486486487
0 0.12433333333333334 0.8918918918918919 0.009333333333333334 0.016891891891891893
0 0.14266666666666666 0.8993243243243243 0.014 0.010810810810810811
0 0.15466666666666667 0.9087837837837838 0.009333333333333334 0.014864864864864866
0 0.008 0.9358108108108109 0.009333333333333334 0.014864864864864866
0 0.016 0.9391891891891891 0.012 0.012162162162162163
0 0.013333333333333334 0.9283783783783783 0.005333333333333333 0.01756756756756757
0 0.005666666666666667 0.9918918918918919 0.010333333333333333 0.01418918918918919
0 0.031 0.9804054054054054 0.011 0.019594594594594596
0 0.05366666666666667 0.995945945945946 0.008666666666666666 0.008108108108108109
0 0.03966666666666667 0.9277027027027027 0.011333333333333334 0.00945945945945946
0 0.04566666666666667 0.9358108108108109 0.011333333333333334 0.012162162162162163
0 0.05566666666666667 0.9385135135135135 0.010333333333333333 0.012162162162162163
0 0.06266666666666666 0.9425675675675675 0.006333333333333333 0.015540540540540541
0 0.10433333333333333 0.956081081081081 0.010333333333333333 0.016216216216216217
0 0.11666666666666667 0.977027027027027 0.007666666666666666 0.024324324324324326
0 0.13533333333333333 0.9391891891891891 0.009 0.02364864864864865
0 0.17133333333333334 0.9513513513513514 0.013 0.01756756756756757
0 0.15533333333333332 0.9952702702702703 0.015 0.008783783783783784
0 0.17866666666666667 0.46824324324324323 0.012333333333333333 0.01891891891891892
0 0.21633333333333332 0.44594594594594594 0.010666666666666666 0.016891891891891893
0 0.25533333333333336 0.43175675675675673 0.012 0.014864864864864866
0 0.24666666666666667 0.4472972972972973 0.011 0.016216216216216217
0 0.24133333333333334 0.4635135135135135 0.008666666666666666 0.012837837837837839
0 0.247 0.4885135135135135 0.017 0.01418918918918919
0 0.301 0.39864864864864863 0.009666666666666667 0.025
0 0.2916666666666667 0.43783783783783786 0.009666666666666667 0.01756756756756757
0 0.31033333333333335 0.4527027027027027 0.013333333333333334 0.013513513513513514
0 0.29133333333333333 0.47364864864864864 0.013 0.02027027027027027
0 0.20733333333333334 0.529054054054054 0.007666666666666666 0.024324324324324326
0 0.225 0.5513513513513514 0.011333333333333334 0.0222972972972973
0 0.241 0.5871621621621622 0.008333333333333333 0.02027027027027027
0 0.241 0.5695945945945946 0.009 0.012837837837837839
0 0.256 0.5594594594594594 0.007333333333333333 0.026351351351351353
0 0.271 0.5513513513513514 0.005 0.026351351351351353
0 0.2786666666666667 0.5445945945945946 0.012666666666666666 0.012837837837837839
0 0.30933333333333335 0.5587837837837838 0.007666666666666666 0.0222972972972973
0 0.286 0.581081081081081 0.008 0.01756756756756757
0 0.30533333333333335 0.5945945945945946 0.007666666666666666 0.02027027027027027
0 0.29133333333333333 0.5972972972972973 0.008666666666666666 0.022972972972972974
0 0.217 0.5831081081081081 0.009 0.015540540540540541
0 0.222 0.5952702702702702 0.006333333333333333 0.021621621621621623
0 0.23333333333333334 0.6 0.012333333333333333 0.010810810810810811
0 0.2653333333333333 0.6114864864864865 0.011333333333333334 0.016891891891891893
0 0.21066666666666667 0.6310810810810811 0.012333333333333333 0.01418918918918919
0 0.211 0.6175675675675676 0.010333333333333333 0.013513513513513514
0 0.309 0.6189189189189189 0.013333333333333334 0.012162162162162163
0 0.3006666666666667 0.6351351351351351 0.014333333333333333 0.012837837837837839
0 0.282 0.6554054054054054 0.010666666666666666 0.010135135135135136
0 0.286 0.6486486486486487 0.007 0.02027027027027027
0 0.288 0.6378378378378379 0.012333333333333333 0.015540540540540541
0 0.2723333333333333 0.6594594594594595 0.013333333333333334 0.02027027027027027
0 0.24466666666666667 0.6432432432432432 0.009 0.020945945945945947
0 0.208 0.6601351351351351 0.014 0.012162162162162163
0 0.19533333333333333 0.6722972972972973 0.011666666666666667 0.016891891891891893
0 0.211 0.6959459459459459 0.012 0.012837837837837839
0 0.229 0.6851351351351351 0.014666666666666666 0.011486486486486487
0 0.22233333333333333 0.7047297297297297 0.007 0.02027027027027027
0 0.227 0.7236486486486486 0.010666666666666666 0.01756756756756757
0 0.20733333333333334 0.7121621621621622 0.013 0.010135135135135136
0 0.18133333333333335 0.7101351351351352 0.011 0.010810810810810811
0 0.17466666666666666 0.725 0.007 0.018243243243243244
0 0.179 0.7432432432432432 0.013333333333333334 0.018243243243243244
0 0.194 0.7567567567567568 0.015333333333333332 0.010810810810810811
0 0.177 0.7695945945945946 0.008 0.020945945945945947
0 0.21966666666666668 0.7587837837837837 0.013 0.015540540540540541
0 0.22733333333333333 0.7783783783783784 0.017 0.012837837837837839
0 0.23966666666666667 0.7236486486486486 0.009 0.013513513513513514
0 0.197 0.7148648648648649 0.011 0.016216216216216217
0 0.2623333333333333 0.7283783783783784 0.015333333333333332 0.014864864864864866
0 0.27266666666666667 0.7074324324324325 0.013666666666666667 0.012837837837837839
0 0.29 0.6972972972972973 0.010333333333333333 0.018243243243243244
0 0.299 0.7094594594594594 0.008666666666666666 0.026351351351351353
0 0.313 0.7081081081081081 0.012666666666666666 0.01891891891891892
0 0.31533333333333335 0.7182432432432433 0.007666666666666666 0.020945945945945947
0 0.2846666666666667 0.7182432432432433 0.010666666666666666 0.012162162162162163
0 0.32133333333333336 0.7378378378378379 0.012 0.012162162162162163
0 0.32366666666666666 0.7587837837837837 0.007333333333333333 0.026351351351351353
0 0.318 0.7682432432432432 0.009666666666666667 0.018243243243243244
0 0.326 0.7844594594594595 0.01 0.016891891891891893
0 0.3273333333333333 0.8013513513513514 0.013 0.01756756756756757
0 0.2996666666666667 0.768918918918919 0.014666666666666666 0.012837837837837839
0 0.21066666666666667 0.8324324324324325 0.013 0.011486486486486487
0 0.20966666666666667 0.8222972972972973 0.013 0.012837837837837839
0 0.193 0.8527027027027027 0.010333333333333333 0.01891891891891892
0 0.19766666666666666 0.8621621621621621 0.005 0.020945945945945947
0 0.20333333333333334 0.8554054054054054 0.007666666666666666 0.016891891891891893
0 0.21133333333333335 0.8662162162162163 0.006 0.01756756756756757
0 0.241 0.8614864864864865 0.007 0.019594594594594596
0 0.2683333333333333 0.8378378378378378 0.013 0.014864864864864866
0 0.2753333333333333 0.8628378378378379 0.008333333333333333 0.021621621621621623
0 0.2643333333333333 0.8824324324324324 0.015333333333333332 0.012837837837837839
0 0.25966666666666666 0.8763513513513513 0.013333333333333334 0.010810810810810811
0 0.261 0.8952702702702703 0.009666666666666667 0.012837837837837839
0 0.316 0.8439189189189189 0.011 0.012162162162162163
0 0.3263333333333333 0.8675675675675676 0.008 0.02027027027027027
0 0.20333333333333334 0.8804054054054054 0.007 0.02027027027027027
0 0.20966666666666667 0.8864864864864865 0.01 0.019594594594594596
0 0.19333333333333333 0.893918918918919 0.011333333333333334 0.012837837837837839
0 0.21233333333333335 0.9182432432432432 0.008 0.02027027027027027
0 0.186 0.9283783783783783 0.008666666666666666 0.02027027027027027
0 0.199 0.9466216216216217 0.014333333333333333 0.011486486486486487
0 0.195 0.9364864864864865 0.012666666666666666 0.012162162162162163
0 0.23433333333333334 0.922972972972973 0.007666666666666666 0.024324324324324326
0 0.24166666666666667 0.9222972972972973 0.008666666666666666 0.0222972972972973
0 0.24866666666666667 0.9540540540540541 0.011666666666666667 0.01756756756756757
0 0.25766666666666665 0.9506756756756757 0.011666666666666667 0.012837837837837839
0 0.23 0.9831081081081081 0.013 0.014864864864864866
0 0.238 0.9925675675675676 0.006666666666666667 0.014864864864864866
0 0.26 0.981081081081081 0.014666666666666666 0.012162162162162163
0 0.2803333333333333 0.9094594594594595 0.012666666666666666 0.01418918918918919
0 0.24566666666666667 0.9047297297297298 0.011666666666666667 0.016216216216216217
0 0.239 0.9006756756756756 0.009666666666666667 0.014864864864864866
0 0.3006666666666667 0.8993243243243243 0.012666666666666666 0.016891891891891893
0 0.296 0.9222972972972973 0.008666666666666666 0.025
0 0.30833333333333335 0.9594594594594594 0.007333333333333333 0.025675675675675677
0 0.33666666666666667 0.9067567567567567 0.011333333333333334 0.01418918918918919
0 0.331 0.9628378378378378 0.007333333333333333 0.025675675675675677
0 0.32866666666666666 0.9364864864864865 0.008666666666666666 0.016216216216216217
0 0.358 0.9547297297297297 0.009 0.02027027027027027
0 0.362 0.9668918918918918 0.015333333333333332 0.01418918918918919
0 0.3606666666666667 0.9817567567567568 0.013333333333333334 0.016891891891891893
0 0.3893333333333333 0.9912162162162163 0.013666666666666667 0.013513513513513514
0 0.38033333333333336 0.9175675675675675 0.008666666666666666 0.016891891891891893
0 0.38666666666666666 0.9168918918918919 0.009 0.02364864864864865
0 0.39166666666666666 0.9 0.005333333333333333 0.01891891891891892
0 0.3973333333333333 0.9155405405405406 0.010666666666666666 0.018243243243243244
0 0.3983333333333333 0.9033783783783784 0.009333333333333334 0.02364864864864865
0 0.4096666666666667 0.8959459459459459 0.012666666666666666 0.01418918918918919
0 0.423 0.8993243243243243 0.012666666666666666 0.01418918918918919
0 0.436 0.9013513513513514 0.012333333333333333 0.01418918918918919
0 0.456 0.8932432432432432 0.010666666666666666 0.010135135135135136
0 0.45066666666666666 0.9337837837837838 0.011333333333333334 0.016891891891891893
0 0.435 0.9405405405405406 0.009666666666666667 0.018243243243243244
0 0.44133333333333336 0.9594594594594594 0.014 0.012837837837837839
0 0.45 0.9601351351351352 0.007333333333333333 0.020945945945945947
0 0.45066666666666666 0.9918918918918919 0.013 0.012837837837837839
0 0.466 0.9851351351351352 0.014666666666666666 0.01418918918918919
0 0.3426666666666667 0.8662162162162163 0.006 0.021621621621621623
0 0.346 0.8493243243243244 0.013666666666666667 0.012162162162162163
0 0.32966666666666666 0.727027027027027 0.010666666666666666 0.010135135135135136
0 0.344 0.8081081081081081 0.010666666666666666 0.012837837837837839
0 0.3466666666666667 0.8189189189189189 0.005333333333333333 0.020945945945945947
0 0.371 0.827027027027027 0.013 0.012837837837837839
0 0.376 0.8189189189189189 0.013 0.008783783783783784
0 0.38866666666666666 0.8405405405405405 0.013666666666666667 0.013513513513513514
0 0.4026666666666667 0.8486486486486486 0.007 0.021621621621621623
0 0.362 0.7864864864864864 0.006666666666666667 0.01891891891891892
0 0.372 0.745945945945946 0.014 0.012837837837837839
0 0.39166666666666666 0.7594594594594595 0.011666666666666667 0.014864864864864866
0 0.37366666666666665 0.6939189189189189 0.013 0.015540540540540541
0 0.345 0.6810810810810811 0.013333333333333334 0.013513513513513514
0 0.32666666666666666 0.6837837837837838 0.006 0.01891891891891892
0 0.3393333333333333 0.6641891891891892 0.005666666666666667 0.0222972972972973
0 0.3283333333333333 0.643918918918919 0.006 0.012837837837837839
0 0.324 0.6351351351351351 0.006 0.021621621621621623
0 0.33666666666666667 0.6 0.008666666666666666 0.021621621621621623
0 0.32166666666666666 0.5790540540540541 0.006333333333333333 0.022972972972972974
0 0.36766666666666664 0.6229729729729729 0.013666666666666667 0.013513513513513514
0 0.37233333333333335 0.6398648648648648 0.014 0.012837837837837839
0 0.376 0.6668918918918919 0.008666666666666666 0.018243243243243244
0 0.40066666666666667 0.6804054054054054 0.008 0.02027027027027027
0 0.4196666666666667 0.6493243243243243 0.014 0.01418918918918919
0 0.43066666666666664 0.6418918918918919 0.014333333333333333 0.010810810810810811
0 0.43666666666666665 0.629054054054054 0.005333333333333333 0.020945945945945947
0 0.43266666666666664 0.6506756756756756 0.007666666666666666 0.014864864864864866
0 0.432 0.6675675675675675 0.007333333333333333 0.018243243243243244
0 0.444 0.6716216216216216 0.006333333333333333 0.0222972972972973
0 0.4543333333333333 0.6743243243243243 0.012666666666666666 0.016216216216216217
0 0.4513333333333333 0.6824324324324325 0.011333333333333334 0.011486486486486487
0 0.4656666666666667 0.6743243243243243 0.011666666666666667 0.016891891891891893
0 0.4603333333333333 0.6310810810810811 0.011666666666666667 0.013513513513513514
0 0.4126666666666667 0.6108108108108108 0.010333333333333333 0.010135135135135136
0 0.41633333333333333 0.6054054054054054 0.010666666666666666 0.018243243243243244
0 0.4003333333333333 0.6067567567567568 0.011333333333333334 0.014864864864864866
0 0.41733333333333333 0.5912162162162162 0.006666666666666667 0.016891891891891893
0 0.394 0.5837837837837838 0.016666666666666666 0.013513513513513514
0 0.38566666666666666 0.5763513513513514 0.012666666666666666 0.016216216216216217
0 0.342 0.5689189189189189 0.012333333333333333 0.011486486486486487
0 0.3473333333333333 0.5662162162162162 0.008666666666666666 0.0222972972972973
0 0.359 0.5304054054054054 0.010666666666666666 0.02027027027027027
0 0.33266666666666667 0.5027027027027027 0.011333333333333334 0.02027027027027027
0 0.35233333333333333 0.4945945945945946 0.008666666666666666 0.025
0 0.37833333333333335 0.5216216216216216 0.014666666666666666 0.014864864864864866
0 0.38966666666666666 0.5087837837837837 0.009 0.014864864864864866
0 0.39766666666666667 0.5486486486486486 0.013333333333333334 0.013513513513513514
0 0.4226666666666667 0.5168918918918919 0.01 0.01418918918918919
0 0.42866666666666664 0.5222972972972973 0.014333333333333333 0.010135135135135136
0 0.438 0.5162162162162162 0.007 0.0222972972972973
0 0.43766666666666665 0.55 0.008666666666666666 0.025
0 0.461 0.522972972972973 0.011333333333333334 0.01756756756756757
0 0.44866666666666666 0.49864864864864866 0.008666666666666666 0.021621621621621623
0 0.42966666666666664 0.5114864864864865 0.010333333333333333 0.013513513513513514
0 0.43166666666666664 0.5047297297297297 0.012333333333333333 0.010810810810810811
0 0.4543333333333333 0.5925675675675676 0.011333333333333334 0.02027027027027027
0 0.3383333333333333 0.4581081081081081 0.008333333333333333 0.014864864864864866
0 0.3433333333333333 0.47364864864864864 0.006 0.016891891891891893
0 0.3506666666666667 0.45675675675675675 0.012 0.018243243243243244
0 0.3596666666666667 0.45878378378378376 0.013 0.015540540540540541
0 0.36566666666666664 0.45 0.011333333333333334 0.02027027027027027
0 0.389 0.46216216216216216 0.014666666666666666 0.012837837837837839
0 0.38166666666666665 0.4777027027027027 0.012 0.010810810810810811
0 0.37833333333333335 0.4851351351351351 0.011 0.016891891891891893
0 0.324 0.4135135135135135 0.010666666666666666 0.012837837837837839
0 0.3496666666666667 0.4168918918918919 0.012666666666666666 0.012837837837837839
0 0.333 0.3878378378378378 0.011 0.012162162162162163
0 0.4046666666666667 0.40945945945945944 0.011666666666666667 0.010135135135135136
0 0.39666666666666667 0.4209459459459459 0.006666666666666667 0.02027027027027027
0 0.43 0.3972972972972973 0.006 0.032432432432432434
0 0.433 0.37432432432432433 0.013333333333333334 0.015540540540540541
0 0.43866666666666665 0.42162162162162165 0.010666666666666666 0.014864864864864866
0 0.438 0.4466216216216216 0.01 0.012162162162162163
0 0.436 0.4412162162162162 0.010333333333333333 0.01418918918918919
0 0.44666666666666666 0.45135135135135135 0.012 0.01418918918918919
0 0.4493333333333333 0.4702702702702703 0.009666666666666667 0.019594594594594596
0 0.4553333333333333 0.47094594594594597 0.007666666666666666 0.0222972972972973
0 0.455 0.48783783783783785 0.010666666666666666 0.016216216216216217
0 0.4523333333333333 0.5358108108108108 0.004666666666666667 0.01891891891891892
0 0.4563333333333333 0.5385135135135135 0.008333333333333333 0.008783783783783784
0 0.47633333333333333 0.47162162162162163 0.008666666666666666 0.01418918918918919
0 0.44866666666666666 0.3675675675675676 0.007 0.027702702702702704
0 0.45466666666666666 0.3635135135135135 0.008 0.021621621621621623
0 0.456 0.7006756756756757 0.008666666666666666 0.022972972972972974
0 0.46266666666666667 0.702027027027027 0.011333333333333334 0.012162162162162163
0 0.456 0.7297297297297297 0.008666666666666666 0.021621621621621623
0 0.462 0.7391891891891892 0.009666666666666667 0.012837837837837839
0 0.43533333333333335 0.7304054054054054 0.014333333333333333 0.010810810810810811
0 0.4266666666666667 0.7452702702702703 0.006333333333333333 0.024324324324324326
0 0.43633333333333335 0.7520270270270271 0.008333333333333333 0.02027027027027027
0 0.451 0.779054054054054 0.013666666666666667 0.01756756756756757
0 0.457 0.8067567567567567 0.011333333333333334 0.019594594594594596
0 0.456 0.8304054054054054 0.011333333333333334 0.01891891891891892
0 0.44466666666666665 0.8324324324324325 0.011333333333333334 0.012162162162162163
0 0.437 0.8344594594594594 0.012666666666666666 0.012162162162162163
0 0.47433333333333333 0.8682432432432432 0.013666666666666667 0.010135135135135136
0 0.4756666666666667 0.8554054054054054 0.008333333333333333 0.019594594594594596
0 0.482 0.852027027027027 0.01 0.00945945945945946
0 0.48733333333333334 0.8425675675675676 0.012 0.012837837837837839
0 0.484 0.8256756756756757 0.008333333333333333 0.0222972972972973
0 0.47633333333333333 0.8831081081081081 0.007333333333333333 0.01891891891891892
0 0.4816666666666667 0.893918918918919 0.010333333333333333 0.013513513513513514
0 0.49266666666666664 0.9087837837837838 0.014333333333333333 0.012162162162162163
0 0.492 0.8959459459459459 0.012 0.01418918918918919
0 0.496 0.9364864864864865 0.009333333333333334 0.010135135135135136
0 0.5226666666666666 0.9155405405405406 0.015333333333333332 0.012837837837837839
0 0.534 0.8905405405405405 0.016 0.016216216216216217
0 0.5046666666666667 0.9682432432432433 0.013333333333333334 0.016216216216216217
0 0.516 0.9628378378378378 0.010666666666666666 0.018243243243243244
0 0.5263333333333333 0.9554054054054054 0.009 0.021621621621621623
0 0.5306666666666666 0.9445945945945946 0.011333333333333334 0.013513513513513514
0 0.5413333333333333 0.9864864864864865 0.007 0.021621621621621623
0 0.5443333333333333 0.9722972972972973 0.007 0.01891891891891892
0 0.5486666666666666 0.9885135135135135 0.013333333333333334 0.012837837837837839
0 0.481 0.7945945945945946 0.010666666666666666 0.012837837837837839
0 0.4866666666666667 0.7608108108108108 0.011 0.018243243243243244
0 0.4796666666666667 0.7587837837837837 0.006 0.018243243243243244
0 0.4736666666666667 0.7351351351351352 0.01 0.018243243243243244
0 0.482 0.7027027027027027 0.012666666666666666 0.010810810810810811
0 0.49366666666666664 0.7256756756756757 0.013 0.01756756756756757
0 0.49233333333333335 0.7121621621621622 0.006 0.02027027027027027
0 0.5076666666666667 0.7128378378378378 0.006333333333333333 0.02027027027027027
0 0.511 0.7256756756756757 0.009333333333333334 0.02027027027027027
0 0.5073333333333333 0.7412162162162163 0.008666666666666666 0.019594594594594596
0 0.4796666666666667 0.6864864864864865 0.011 0.013513513513513514
0 0.5016666666666667 0.6804054054054054 0.012666666666666666 0.013513513513513514
0 0.492 0.6195945945945946 0.013666666666666667 0.011486486486486487
0 0.4796666666666667 0.6101351351351352 0.012 0.01418918918918919
0 0.48933333333333334 0.5864864864864865 0.014666666666666666 0.010810810810810811
0 0.48733333333333334 0.5547297297297298 0.014333333333333333 0.018243243243243244
0 0.48833333333333334 0.5310810810810811 0.012333333333333333 0.01418918918918919
0 0.5316666666666666 0.5594594594594594 0.009 0.024324324324324326
0 0.5016666666666667 0.5945945945945946 0.007333333333333333 0.02027027027027027
0 0.518 0.6135135135135135 0.014 0.01891891891891892
0 0.545 0.6175675675675676 0.006666666666666667 0.01418918918918919
0 0.5486666666666666 0.6317567567567568 0.009333333333333334 0.01756756756756757
0 0.5363333333333333 0.6986486486486486 0.007666666666666666 0.01891891891891892
0 0.5446666666666666 0.7087837837837838 0.010666666666666666 0.01418918918918919
0 0.5426666666666666 0.7006756756756757 0.008666666666666666 0.014864864864864866
0 0.5336666666666666 0.7763513513513514 0.012666666666666666 0.0222972972972973
0 0.5436666666666666 0.7993243243243243 0.01633333333333333 0.012837837837837839
0 0.5376666666666666 0.8216216216216217 0.012333333333333333 0.01418918918918919
0 0.5813333333333334 0.8087837837837838 0.011666666666666667 0.01418918918918919
0 0.5953333333333334 0.8182432432432433 0.014333333333333333 0.015540540540540541
0 0.5663333333333334 0.8331081081081081 0.014333333333333333 0.013513513513513514
0 0.5716666666666667 0.8398648648648649 0.011666666666666667 0.015540540540540541
0 0.5916666666666667 0.8567567567567568 0.006333333333333333 0.024324324324324326
0 0.5633333333333334 0.8743243243243243 0.014 0.020945945945945947
0 0.5593333333333333 0.8608108108108108 0.011333333333333334 0.014864864864864866
0 0.5506666666666666 0.8540540540540541 0.014 0.010810810810810811
0 0.602 0.8743243243243243 0.010666666666666666 0.01756756756756757
0 0.6116666666666667 0.870945945945946 0.010333333333333333 0.011486486486486487
0 0.6196666666666667 0.8743243243243243 0.015 0.010810810810810811
0 0.5726666666666667 0.9162162162162162 0.013333333333333334 0.012837837837837839
0 0.5953333333333334 0.9202702702702703 0.013 0.016216216216216217
0 0.625 0.9331081081081081 0.011666666666666667 0.013513513513513514
0 0.616 0.9439189189189189 0.011666666666666667 0.016891891891891893
0 0.612 0.9695945945945946 0.012 0.020945945945945947
0 0.5803333333333334 0.9763513513513513 0.008666666666666666 0.01891891891891892
0 0.5823333333333334 0.9608108108108108 0.014 0.011486486486486487
0 0.569 0.9837837837837838 0.013333333333333334 0.012837837837837839
0 0.5906666666666667 0.9905405405405405 0.009666666666666667 0.018243243243243244
0 0.6423333333333333 0.9371621621621622 0.014333333333333333 0.012837837837837839
0 0.638 0.95 0.013666666666666667 0.018243243243243244
0 0.648 0.9547297297297297 0.007333333333333333 0.02837837837837838
0 0.6593333333333333 0.9736486486486486 0.006666666666666667 0.025
0 0.6643333333333333 0.9905405405405405 0.006 0.01891891891891892
0 0.67 0.9804054054054054 0.004333333333333333 0.016891891891891893
0 0.677 0.9540540540540541 0.007333333333333333 0.020945945945945947
0 0.6406666666666667 0.9006756756756756 0.010666666666666666 0.021621621621621623
0 0.634 0.8527027027027027 0.006333333333333333 0.020945945945945947
0 0.6426666666666667 0.870945945945946 0.005 0.0222972972972973
0 0.6473333333333333 0.8695945945945946 0.005333333333333333 0.02027027027027027
0 0.658 0.852027027027027 0.009333333333333334 0.02027027027027027
0 0.6616666666666666 0.8398648648648649 0.006666666666666667 0.01891891891891892
0 0.6803333333333333 0.825 0.008 0.02364864864864865
0 0.654 0.8101351351351351 0.009 0.01756756756756757
0 0.6356666666666667 0.8101351351351351 0.009333333333333334 0.021621621621621623
0 0.633 0.7952702702702703 0.010666666666666666 0.01756756756756757
0 0.647 0.797972972972973 0.014666666666666666 0.014864864864864866
0 0.642 0.7810810810810811 0.007333333333333333 0.019594594594594596
0 0.6653333333333333 0.7885135135135135 0.010666666666666666 0.01891891891891892
0 0.6503333333333333 0.7398648648648649 0.014666666666666666 0.014864864864864866
0 0.6086666666666667 0.7736486486486487 0.010333333333333333 0.021621621621621623
0 0.5686666666666667 0.7702702702702703 0.009666666666666667 0.016891891891891893
0 0.5486666666666666 0.7527027027027027 0.011666666666666667 0.015540540540540541
0 0.5826666666666667 0.7648648648648648 0.015 0.010135135135135136
0 0.5703333333333334 0.7290540540540541 0.011 0.016891891891891893
0 0.5663333333333334 0.7222972972972973 0.011 0.018243243243243244
0 0.5546666666666666 0.7243243243243244 0.01 0.010810810810810811
0 0.554 0.7006756756756757 0.006666666666666667 0.019594594594594596
0 0.5866666666666667 0.6864864864864865 0.010333333333333333 0.021621621621621623
0 0.6023333333333334 0.6939189189189189 0.014 0.015540540540540541
0 0.6126666666666667 0.6844594594594594 0.01 0.013513513513513514
0 0.6223333333333333 0.6831081081081081 0.008333333333333333 0.020945945945945947
0 0.628 0.6810810810810811 0.009666666666666667 0.011486486486486487
0 0.5613333333333334 0.6608108108108108 0.010666666666666666 0.020945945945945947
0 0.568 0.6709459459459459 0.008666666666666666 0.01891891891891892
0 0.5903333333333334 0.6560810810810811 0.009666666666666667 0.0222972972972973
0 0.605 0.6587837837837838 0.009666666666666667 0.024324324324324326
0 0.6073333333333333 0.677027027027027 0.013333333333333334 0.010135135135135136
0 0.622 0.6560810810810811 0.014333333333333333 0.012162162162162163
0 0.594 0.6351351351351351 0.013666666666666667 0.015540540540540541
0 0.578 0.6128378378378379 0.007333333333333333 0.015540540540540541
0 0.6156666666666667 0.6040540540540541 0.012 0.01418918918918919
0 0.5643333333333334 0.5817567567567568 0.009333333333333334 0.018243243243243244
0 0.5706666666666667 0.5851351351351352 0.006333333333333333 0.024324324324324326
0 0.58 0.5716216216216217 0.014 0.012837837837837839
0 0.6006666666666667 0.5682432432432433 0.013 0.014864864864864866
0 0.626 0.5756756756756757 0.008666666666666666 0.02364864864864865
0 0.625 0.602027027027027 0.007333333333333333 0.020945945945945947
0 0.648 0.5885135135135136 0.012 0.018243243243243244
0 0.649 0.5743243243243243 0.012333333333333333 0.014864864864864866
0 0.6463333333333333 0.6594594594594595 0.007333333333333333 0.012837837837837839
0 0.639 0.677027027027027 0.013666666666666667 0.01418918918918919
0 0.6516666666666666 0.6601351351351351 0.009666666666666667 0.02364864864864865
0 0.649 0.702027027027027 0.008666666666666666 0.02364864864864865
0 0.6683333333333333 0.675 0.012333333333333333 0.011486486486486487
0 0.6773333333333333 0.697972972972973 0.013 0.013513513513513514
0 0.485 0.3560810810810811 0.011333333333333334 0.015540540540540541
0 0.49433333333333335 0.3621621621621622 0.013 0.01418918918918919
0 0.49633333333333335 0.35135135135135137 0.014666666666666666 0.010810810810810811
0 0.49133333333333334 0.377027027027027 0.015333333333333332 0.016891891891891893
0 0.474 0.40878378378378377 0.012333333333333333 0.014864864864864866
0 0.4846666666666667 0.40675675675675677 0.006 0.013513513513513514
0 0.5023333333333333 0.3858108108108108 0.011666666666666667 0.014864864864864866
0 0.5176666666666667 0.375 0.013666666666666667 0.00945945945945946
0 0.5023333333333333 0.42364864864864865 0.007666666666666666 0.022972972972972974
0 0.5206666666666667 0.41081081081081083 0.012666666666666666 0.019594594594594596
0 0.5246666666666666 0.4114864864864865 0.012666666666666666 0.006756756756756757
0 0.544 0.4195945945945946 0.008666666666666666 0.02702702702702703
0 0.5536666666666666 0.42702702702702705 0.016 0.01891891891891892
0 0.5663333333333334 0.43175675675675673 0.015 0.013513513513513514
0 0.5636666666666666 0.3952702702702703 0.014666666666666666 0.014864864864864866
0 0.5913333333333334 0.3635135135135135 0.01633333333333333 0.011486486486486487
0 0.5903333333333334 0.3587837837837838 0.011666666666666667 0.011486486486486487
0 0.5986666666666667 0.37027027027027026 0.014666666666666666 0.015540540540540541
0 0.5966666666666667 0.3831081081081081 0.013666666666666667 0.00945945945945946
0 0.6 0.39864864864864863 0.015 0.010810810810810811
0 0.6023333333333334 0.3891891891891892 0.009333333333333334 0.016216216216216217
0 0.5956666666666667 0.41283783783783784 0.014 0.011486486486486487
0 0.5956666666666667 0.4277027027027027 0.012333333333333333 0.013513513513513514
0 0.589 0.44932432432432434 0.010333333333333333 0.021621621621621623
0 0.6036666666666667 0.45878378378378376 0.01 0.027702702702702704
0 0.5136666666666667 0.45472972972972975 0.010666666666666666 0.018243243243243244
0 0.49633333333333335 0.48445945945945945 0.014333333333333333 0.011486486486486487
0 0.497 0.4756756756756757 0.012666666666666666 0.013513513513513514
0 0.48133333333333334 0.4918918918918919 0.015666666666666666 0.010810810810810811
0 0.5173333333333333 0.4871621621621622 0.009 0.019594594594594596
0 0.525 0.49932432432432433 0.014666666666666666 0.011486486486486487
0 0.5346666666666666 0.4918918918918919 0.011666666666666667 0.008108108108108109
0 0.532 0.4506756756756757 0.007666666666666666 0.02027027027027027
0 0.525 0.4554054054054054 0.007666666666666666 0.027702702702702704
0 0.5493333333333333 0.46554054054054056 0.01 0.01756756756756757
0 0.562 0.47702702702702704 0.008666666666666666 0.018243243243243244
0 0.5863333333333334 0.5081081081081081 0.008666666666666666 0.016216216216216217
0 0.5943333333333334 0.5155405405405405 0.010333333333333333 0.013513513513513514
0 0.6046666666666667 0.5141891891891892 0.008666666666666666 0.033783783783783786
0 0.6113333333333333 0.5391891891891892 0.012333333333333333 0.011486486486486487
0 0.5413333333333333 0.5364864864864864 0.01633333333333333 0.015540540540540541
0 0.621 0.49594594594594593 0.014666666666666666 0.016216216216216217
0 0.6356666666666667 0.5087837837837837 0.008666666666666666 0.024324324324324326
0 0.3863333333333333 0.06486486486486487 0.012666666666666666 0.030405405405405407
0 0.5956666666666667 0.008783783783783784 0.007333333333333333 0.016891891891891893
0 0.6176666666666667 0.008783783783783784 0.013 0.016891891891891893
0 0.644 0.011486486486486487 0.01 0.019594594594594596
0 0.6166666666666667 0.06351351351351352 0.011333333333333334 0.015540540540540541
0 0.6196666666666667 0.0472972972972973 0.011666666666666667 0.0222972972972973
0 0.6346666666666667 0.07027027027027027 0.012 0.02364864864864865
0 0.6333333333333333 0.09121621621621621 0.013666666666666667 0.012162162162162163
0 0.6196666666666667 0.09594594594594595 0.013333333333333334 0.018243243243243244
0 0.6216666666666667 0.13243243243243244 0.008666666666666666 0.0222972972972973
0 0.6426666666666667 0.10810810810810811 0.009333333333333334 0.01891891891891892
0 0.6756666666666666 0.05337837837837838 0.015 0.014864864864864866
0 0.69 0.025 0.016666666666666666 0.015540540540540541
0 0.7043333333333334 0.022972972972972974 0.01633333333333333 0.01891891891891892
0 0.6853333333333333 0.00472972972972973 0.011333333333333334 0.00945945945945946
0 0.664 0.007432432432432433 0.01 0.014864864864864866
0 0.7196666666666667 0.008108108108108109 0.006666666666666667 0.015540540540540541
0 0.723 0.037162162162162164 0.008333333333333333 0.01756756756756757
0 0.737 0.04864864864864865 0.013 0.01756756756756757
0 0.6916666666666667 0.06418918918918919 0.005333333333333333 0.024324324324324326
0 0.6933333333333334 0.057432432432432436 0.012333333333333333 0.01891891891891892
0 0.6866666666666666 0.1222972972972973 0.013666666666666667 0.01418918918918919
0 0.6863333333333334 0.11148648648648649 0.013333333333333334 0.010810810810810811
0 0.69 0.09932432432432432 0.008333333333333333 0.01891891891891892
0 0.698 0.10202702702702703 0.013666666666666667 0.018243243243243244
0 0.664 0.13378378378378378 0.011666666666666667 0.012837837837837839
0 0.6603333333333333 0.11891891891891893 0.009 0.016891891891891893
0 0.7006666666666667 0.15 0.014 0.014864864864864866
0 0.6596666666666666 0.17162162162162162 0.018666666666666668 0.012837837837837839
0 0.6183333333333333 0.23445945945945945 0.007333333333333333 0.026351351351351353
0 0.627 0.21216216216216216 0.013 0.020945945945945947
0 0.6516666666666666 0.19932432432432431 0.012666666666666666 0.018243243243243244
0 0.684 0.20202702702702702 0.016666666666666666 0.016216216216216217
0 0.6803333333333333 0.1864864864864865 0.011333333333333334 0.016216216216216217
0 0.6776666666666666 0.22905405405405405 0.01 0.019594594594594596
0 0.656 0.23175675675675675 0.016 0.01756756756756757
0 0.6626666666666666 0.24527027027027026 0.012666666666666666 0.012162162162162163
0 0.626 0.28445945945945944 0.008 0.0222972972972973
0 0.649 0.2939189189189189 0.01 0.02837837837837838
0 0.6513333333333333 0.27297297297297296 0.012333333333333333 0.015540540540540541
0 0.644 0.3202702702702703 0.011333333333333334 0.016891891891891893
0 0.6603333333333333 0.3 0.013666666666666667 0.024324324324324326
0 0.6813333333333333 0.31756756756756754 0.01 0.018243243243243244
0 0.6796666666666666 0.30067567567567566 0.010333333333333333 0.026351351351351353
0 0.7006666666666667 0.24864864864864866 0.008666666666666666 0.014864864864864866
0 0.7096666666666667 0.24594594594594596 0.013 0.011486486486486487
0 0.694 0.2939189189189189 0.013 0.01418918918918919
0 0.692 0.28716216216216217 0.013666666666666667 0.006756756756756757
0 0.6926666666666667 0.27905405405405403 0.012333333333333333 0.010135135135135136
0 0.703 0.27905405405405403 0.010333333333333333 0.012837837837837839
0 0.7203333333333334 0.2939189189189189 0.008 0.024324324324324326
0 0.738 0.2608108108108108 0.011666666666666667 0.01891891891891892
0 0.7453333333333333 0.28175675675675677 0.012333333333333333 0.016891891891891893
0 0.718 0.3141891891891892 0.014666666666666666 0.012162162162162163
0 0.729 0.3662162162162162 0.011666666666666667 0.020945945945945947
0 0.733 0.34256756756756757 0.009666666666666667 0.016891891891891893
0 0.7406666666666667 0.32297297297297295 0.01 0.014864864864864866
0 0.6663333333333333 0.3277027027027027 0.01 0.019594594594594596
0 0.692 0.3290540540540541 0.014333333333333333 0.014864864864864866
0 0.708 0.2168918918918919 0.014 0.013513513513513514
0 0.707 0.20608108108108109 0.013 0.013513513513513514
0 0.722 0.2114864864864865 0.015 0.015540540540540541
0 0.7116666666666667 0.1837837837837838 0.014 0.01756756756756757
0 0.7096666666666667 0.16013513513513514 0.008666666666666666 0.025
0 0.7246666666666667 0.16216216216216217 0.014333333333333333 0.015540540540540541
0 0.7243333333333334 0.0972972972972973 0.008666666666666666 0.02837837837837838
0 0.724 0.06621621621621622 0.010333333333333333 0.010810810810810811
0 0.7553333333333333 0.033783783783783786 0.015 0.013513513513513514
0 0.7683333333333333 0.015540540540540541 0.013666666666666667 0.018243243243243244
0 0.7693333333333333 0.04391891891891892 0.007333333333333333 0.0222972972972973
0 0.7743333333333333 0.024324324324324326 0.011666666666666667 0.014864864864864866
0 0.7973333333333333 0.04121621621621622 0.013666666666666667 0.0222972972972973
0 0.8183333333333334 0.026351351351351353 0.010666666666666666 0.014864864864864866
0 0.8276666666666667 0.020945945945945947 0.009666666666666667 0.03175675675675676
0 0.839 0.03445945945945946 0.011 0.0222972972972973
0 0.7366666666666667 0.21216216216216216 0.012333333333333333 0.02837837837837838
0 0.7336666666666667 0.19324324324324324 0.011666666666666667 0.016216216216216217
0 0.7406666666666667 0.1831081081081081 0.008666666666666666 0.026351351351351353
0 0.7486666666666667 0.17364864864864865 0.015 0.012837837837837839
0 0.752 0.1885135135135135 0.01 0.025675675675675677
0 0.7613333333333333 0.20472972972972972 0.014333333333333333 0.010810810810810811
0 0.7603333333333333 0.19324324324324324 0.009 0.014864864864864866
0 0.7683333333333333 0.1939189189189189 0.008666666666666666 0.010135135135135136
0 0.7663333333333333 0.22567567567567567 0.012 0.013513513513513514
0 0.7453333333333333 0.2195945945945946 0.01633333333333333 0.01418918918918919
0 0.7826666666666666 0.23986486486486486 0.01 0.013513513513513514
0 0.787 0.23716216216216215 0.0036666666666666666 0.021621621621621623
0 0.791 0.22364864864864864 0.017 0.010810810810810811
0 0.7916666666666666 0.20540540540540542 0.014666666666666666 0.012162162162162163
0 0.8013333333333333 0.24054054054054055 0.014333333333333333 0.01418918918918919
0 0.7663333333333333 0.28445945945945944 0.014 0.013513513513513514
0 0.7626666666666667 0.2722972972972973 0.013 0.012837837837837839
0 0.7813333333333333 0.2864864864864865 0.014666666666666666 0.019594594594594596
0 0.795 0.2891891891891892 0.011 0.010810810810810811
0 0.791 0.2797297297297297 0.007333333333333333 0.024324324324324326
0 0.8073333333333333 0.29527027027027025 0.01 0.021621621621621623
0 0.8166666666666667 0.2905405405405405 0.015 0.016216216216216217
0 0.8173333333333334 0.2641891891891892 0.01 0.021621621621621623
0 0.771 0.32635135135135135 0.007 0.029054054054054056
0 0.7746666666666666 0.31283783783783786 0.005 0.026351351351351353
0 0.756 0.29662162162162165 0.011 0.019594594594594596
0 0.7416666666666667 0.3472972972972973 0.006 0.0222972972972973
0 0.7486666666666667 0.3533783783783784 0.009333333333333334 0.013513513513513514
0 0.7596666666666667 0.3533783783783784 0.012666666666666666 0.010135135135135136
0 0.7633333333333333 0.36283783783783785 0.011666666666666667 0.012837837837837839
0 0.7053333333333334 0.3567567567567568 0.014333333333333333 0.018243243243243244
0 0.687 0.3581081081081081 0.012333333333333333 0.02027027027027027
0 0.6716666666666666 0.3587837837837838 0.010333333333333333 0.020945945945945947
0 0.6503333333333333 0.3695945945945946 0.01 0.016216216216216217
0 0.63 0.3945945945945946 0.012333333333333333 0.026351351351351353
0 0.6376666666666667 0.3932432432432432 0.01 0.014864864864864866
0 0.6496666666666666 0.3993243243243243 0.010333333333333333 0.010135135135135136
0 0.651 0.3912162162162162 0.009333333333333334 0.013513513513513514
0 0.658 0.3891891891891892 0.006 0.022972972972972974
0 0.6593333333333333 0.4081081081081081 0.011666666666666667 0.00945945945945946
0 0.6493333333333333 0.4412162162162162 0.013 0.010135135135135136
0 0.6473333333333333 0.42567567567567566 0.015 0.016216216216216217
0 0.6236666666666667 0.43716216216216214 0.008 0.02364864864864865
0 0.6303333333333333 0.4277027027027027 0.009333333333333334 0.019594594594594596
0 0.6366666666666667 0.4777027027027027 0.012666666666666666 0.010135135135135136
0 0.6316666666666667 0.46756756756756757 0.007333333333333333 0.00945945945945946
0 0.6306666666666667 0.45472972972972975 0.012 0.010135135135135136
0 0.6613333333333333 0.4412162162162162 0.012 0.012162162162162163
0 0.679 0.45 0.013 0.013513513513513514
0 0.6766666666666666 0.3993243243243243 0.006 0.021621621621621623
0 0.6816666666666666 0.3993243243243243 0.007 0.021621621621621623
0 0.6883333333333334 0.39594594594594595 0.008333333333333333 0.012162162162162163
0 0.7016666666666667 0.3858108108108108 0.008666666666666666 0.016891891891891893
0 0.693 0.40878378378378377 0.011 0.016891891891891893
0 0.7053333333333334 0.40540540540540543 0.012666666666666666 0.012837837837837839
0 0.7083333333333334 0.3945945945945946 0.012 0.010135135135135136
0 0.7176666666666667 0.3918918918918919 0.013666666666666667 0.011486486486486487
0 0.7396666666666667 0.3945945945945946 0.008666666666666666 0.025
0 0.7353333333333333 0.4358108108108108 0.013333333333333334 0.018243243243243244
0 0.7293333333333333 0.45878378378378376 0.010666666666666666 0.018243243243243244
0 0.6916666666666667 0.4858108108108108 0.007 0.018243243243243244
0 0.6896666666666667 0.4668918918918919 0.006666666666666667 0.018243243243243244
0 0.6486666666666666 0.48445945945945945 0.01 0.016216216216216217
0 0.6563333333333333 0.4891891891891892 0.010666666666666666 0.016891891891891893
0 0.6596666666666666 0.4831081081081081 0.010666666666666666 0.012162162162162163
0 0.6656666666666666 0.4810810810810811 0.009666666666666667 0.01418918918918919
0 0.6753333333333333 0.48445945945945945 0.010333333333333333 0.014864864864864866
0 0.6583333333333333 0.5094594594594595 0.014666666666666666 0.013513513513513514
0 0.6606666666666666 0.5331081081081082 0.014666666666666666 0.01756756756756757
0 0.6833333333333333 0.5060810810810811 0.013666666666666667 0.019594594594594596
0 0.7136666666666667 0.49864864864864866 0.01633333333333333 0.010810810810810811
0 0.738 0.48986486486486486 0.018666666666666668 0.011486486486486487
0 0.738 0.4810810810810811 0.011666666666666667 0.014864864864864866
0 0.7583333333333333 0.45337837837837835 0.01 0.022972972972972974
0 0.7633333333333333 0.5027027027027027 0.01 0.020945945945945947
0 0.73 0.5121621621621621 0.009 0.015540540540540541
0 0.7046666666666667 0.5324324324324324 0.006666666666666667 0.027702702702702704
0 0.7126666666666667 0.5324324324324324 0.007666666666666666 0.019594594594594596
0 0.69 0.55 0.010333333333333333 0.0222972972972973
0 0.673 0.5871621621621622 0.008333333333333333 0.025675675675675677
0 0.6756666666666666 0.5736486486486486 0.011666666666666667 0.012162162162162163
0 0.6776666666666666 0.5594594594594594 0.014333333333333333 0.01756756756756757
0 0.6823333333333333 0.5831081081081081 0.013666666666666667 0.012162162162162163
0 0.6986666666666667 0.6033783783783784 0.013 0.026351351351351353
0 0.7016666666666667 0.5804054054054054 0.006666666666666667 0.024324324324324326
0 0.708 0.5668918918918919 0.01 0.01418918918918919
0 0.7206666666666667 0.5898648648648649 0.01633333333333333 0.0222972972972973
0 0.7256666666666667 0.5763513513513514 0.014 0.014864864864864866
0 0.733 0.5628378378378378 0.01 0.016891891891891893
0 0.7346666666666667 0.5912162162162162 0.009333333333333334 0.027702702702702704
0 0.744 0.5837837837837838 0.010666666666666666 0.02027027027027027
0 0.7526666666666667 0.5405405405405406 0.008333333333333333 0.02837837837837838
0 0.7413333333333333 0.5283783783783784 0.012 0.016216216216216217
0 0.76 0.5601351351351351 0.013333333333333334 0.012837837837837839
0 0.7706666666666667 0.5527027027027027 0.009 0.019594594594594596
0 0.7783333333333333 0.5236486486486487 0.014666666666666666 0.016216216216216217
0 0.7886666666666666 0.5560810810810811 0.010333333333333333 0.01891891891891892
0 0.711 0.6358108108108108 0.013666666666666667 0.016216216216216217
0 0.7043333333333334 0.6601351351351351 0.015666666666666666 0.018243243243243244
0 0.7116666666666667 0.6939189189189189 0.012 0.021621621621621623
0 0.7496666666666667 0.7094594594594594 0.013666666666666667 0.018243243243243244
0 0.7463333333333333 0.7466216216216216 0.010666666666666666 0.016891891891891893
0 0.699 0.7675675675675676 0.013 0.014864864864864866
0 0.7043333333333334 0.7574324324324324 0.009666666666666667 0.02027027027027027
0 0.71 0.7371621621621621 0.009333333333333334 0.013513513513513514
0 0.6883333333333334 0.7810810810810811 0.012666666666666666 0.019594594594594596
0 0.7156666666666667 0.7797297297297298 0.013666666666666667 0.019594594594594596
0 0.707 0.8452702702702702 0.010333333333333333 0.02027027027027027
0 0.717 0.825 0.007 0.025675675675675677
0 0.721 0.8135135135135135 0.012 0.012162162162162163
0 0.7196666666666667 0.8047297297297298 0.019666666666666666 0.00945945945945946
0 0.7236666666666667 0.8398648648648649 0.007333333333333333 0.019594594594594596
0 0.7326666666666667 0.8445945945945946 0.01 0.026351351351351353
0 0.7303333333333333 0.8263513513513514 0.013333333333333334 0.014864864864864866
0 0.757 0.7837837837837838 0.007333333333333333 0.024324324324324326
0 0.7493333333333333 0.8466216216216216 0.007666666666666666 0.026351351351351353
0 0.689 0.8777027027027027 0.012333333333333333 0.013513513513513514
0 0.7073333333333334 0.8689189189189189 0.007666666666666666 0.020945945945945947
0 0.7083333333333334 0.8932432432432432 0.015333333333333332 0.013513513513513514
0 0.7156666666666667 0.8810810810810811 0.015 0.012162162162162163
0 0.712 0.9648648648648649 0.012 0.016216216216216217
0 0.711 0.9337837837837838 0.01633333333333333 0.0222972972972973
0 0.694 0.9459459459459459 0.012666666666666666 0.013513513513513514
0 0.7383333333333333 0.9290540540540541 0.017666666666666667 0.015540540540540541
0 0.7396666666666667 0.9128378378378378 0.01 0.022972972972972974
0 0.7443333333333333 0.8905405405405405 0.015 0.012162162162162163
0 0.734 0.9 0.011666666666666667 0.011486486486486487
0 0.744 0.972972972972973 0.007333333333333333 0.031081081081081083
0 0.7433333333333333 0.9601351351351352 0.011333333333333334 0.02027027027027027
0 0.7636666666666667 0.922972972972973 0.009666666666666667 0.02972972972972973
0 0.7486666666666667 0.8729729729729729 0.008333333333333333 0.025675675675675677
0 0.7556666666666667 0.8722972972972973 0.007666666666666666 0.024324324324324326
0 0.7633333333333333 0.8777027027027027 0.010333333333333333 0.014864864864864866
0 0.764 0.8594594594594595 0.008666666666666666 0.02027027027027027
0 0.7836666666666666 0.9006756756756756 0.013666666666666667 0.022972972972972974
0 0.7576666666666667 0.9925675675675676 0.012666666666666666 0.014864864864864866
0 0.7933333333333333 0.9864864864864865 0.011 0.0222972972972973
0 0.794 0.9716216216216216 0.011 0.0222972972972973
0 0.825 0.9317567567567567 0.013 0.014864864864864866
0 0.83 0.9425675675675675 0.011666666666666667 0.016216216216216217
0 0.8263333333333334 0.9851351351351352 0.013666666666666667 0.016891891891891893
0 0.8 0.8959459459459459 0.007333333333333333 0.02364864864864865
0 0.8073333333333333 0.8587837837837838 0.009 0.024324324324324326
0 0.769 0.85 0.011333333333333334 0.010135135135135136
0 0.771 0.8236486486486486 0.018666666666666668 0.013513513513513514
0 0.7683333333333333 0.8108108108108109 0.006333333333333333 0.024324324324324326
0 0.7733333333333333 0.8101351351351351 0.004666666666666667 0.019594594594594596
0 0.7776666666666666 0.8101351351351351 0.005333333333333333 0.0222972972972973
0 0.7876666666666666 0.7837837837837838 0.013 0.018243243243243244
0 0.773 0.7614864864864865 0.013333333333333334 0.016216216216216217
0 0.7976666666666666 0.8243243243243243 0.014666666666666666 0.015540540540540541
0 0.8323333333333334 0.8236486486486486 0.015 0.01756756756756757
0 0.8416666666666667 0.8425675675675676 0.005666666666666667 0.019594594594594596
0 0.815 0.8736486486486487 0.006 0.014864864864864866
0 0.824 0.870945945945946 0.012333333333333333 0.01756756756756757
0 0.854 0.9527027027027027 0.011333333333333334 0.025
0 0.8483333333333334 0.9945945945945946 0.007666666666666666 0.010135135135135136
0 0.8623333333333333 0.9891891891891892 0.009333333333333334 0.020945945945945947
0 0.867 0.970945945945946 0.009 0.01418918918918919
0 0.8746666666666667 0.9668918918918918 0.011333333333333334 0.031081081081081083
0 0.9053333333333333 0.9567567567567568 0.016 0.021621621621621623
0 0.8523333333333334 0.8763513513513513 0.012 0.020945945945945947
0 0.9106666666666666 0.8891891891891892 0.008666666666666666 0.024324324324324326
0 0.9236666666666666 0.8770270270270271 0.010666666666666666 0.01756756756756757
0 0.933 0.8770270270270271 0.010333333333333333 0.016891891891891893
0 0.9433333333333334 0.8567567567567568 0.015333333333333332 0.012837837837837839
0 0.9313333333333333 0.9121621621621622 0.012333333333333333 0.021621621621621623
0 0.9583333333333334 0.9114864864864864 0.014333333333333333 0.01418918918918919
0 0.9626666666666667 0.9304054054054054 0.007333333333333333 0.025675675675675677
0 0.9783333333333334 0.8945945945945946 0.008 0.02837837837837838
0 0.9963333333333333 0.8756756756756757 0.007333333333333333 0.024324324324324326
0 0.9916666666666667 0.9364864864864865 0.008666666666666666 0.014864864864864866
0 0.9373333333333334 0.9952702702702703 0.011333333333333334 0.00945945945945946
0 0.9766666666666667 0.8216216216216217 0.013333333333333334 0.012162162162162163
0 0.9693333333333334 0.8040540540540541 0.01 0.01891891891891892
0 0.977 0.8060810810810811 0.006333333333333333 0.014864864864864866
0 0.9746666666666667 0.7844594594594595 0.011333333333333334 0.021621621621621623
0 0.996 0.8277027027027027 0.008 0.013513513513513514
0 0.897 0.8324324324324325 0.008666666666666666 0.0222972972972973
0 0.904 0.8324324324324325 0.008666666666666666 0.0222972972972973
0 0.914 0.8175675675675675 0.012 0.02702702702702703
0 0.915 0.7858108108108108 0.011333333333333334 0.02972972972972973
0 0.9323333333333333 0.7472972972972973 0.011666666666666667 0.014864864864864866
0 0.942 0.7567567567567568 0.009333333333333334 0.012837837837837839
0 0.9493333333333334 0.7466216216216216 0.012 0.01418918918918919
0 0.9593333333333334 0.7472972972972973 0.015 0.018243243243243244
0 0.8976666666666666 0.8202702702702702 0.008 0.021621621621621623
0 0.8976666666666666 0.7952702702702703 0.008666666666666666 0.026351351351351353
0 0.885 0.8189189189189189 0.009666666666666667 0.027702702702702704
0 0.8636666666666667 0.8013513513513514 0.006 0.010810810810810811
0 0.8756666666666667 0.8013513513513514 0.007333333333333333 0.010135135135135136
0 0.87 0.7905405405405406 0.011666666666666667 0.014864864864864866
0 0.859 0.7885135135135135 0.011333333333333334 0.01756756756756757
0 0.7846666666666666 0.07635135135135135 0.01 0.016216216216216217
0 0.7896666666666666 0.09527027027027027 0.011666666666666667 0.019594594594594596
0 0.781 0.09054054054054055 0.013666666666666667 0.008783783783783784
0 0.744 0.07837837837837838 0.011333333333333334 0.016216216216216217
0 0.7403333333333333 0.09256756756756757 0.011333333333333334 0.016216216216216217
0 0.7516666666666667 0.07027027027027027 0.010333333333333333 0.013513513513513514
0 0.7563333333333333 0.10945945945945947 0.005666666666666667 0.025675675675675677
0 0.76 0.09054054054054055 0.015 0.007432432432432433
0 0.7606666666666667 0.07972972972972973 0.01633333333333333 0.008783783783783784
0 0.7606666666666667 0.11081081081081082 0.007 0.02837837837837838
0 0.7503333333333333 0.12297297297297298 0.010666666666666666 0.008783783783783784
0 0.7656666666666667 0.11148648648648649 0.007333333333333333 0.024324324324324326
0 0.771 0.11418918918918919 0.006 0.018243243243243244
0 0.781 0.11891891891891893 0.013666666666666667 0.012837837837837839
0 0.7716666666666666 0.14391891891891892 0.008333333333333333 0.012837837837837839
0 0.786 0.13783783783783785 0.008333333333333333 0.008108108108108109
0 0.7986666666666666 0.1331081081081081 0.011333333333333334 0.00945945945945946
0 0.789 0.14662162162162162 0.006333333333333333 0.013513513513513514
0 0.794 0.16824324324324325 0.010333333333333333 0.01891891891891892
0 0.8356666666666667 0.15945945945945947 0.007666666666666666 0.0222972972972973
0 0.8316666666666667 0.1222972972972973 0.017333333333333333 0.014864864864864866
0 0.8136666666666666 0.08986486486486486 0.013 0.015540540540540541
0 0.8303333333333334 0.06148648648648649 0.008666666666666666 0.02027027027027027
0 0.8556666666666667 0.014864864864864866 0.012 0.008783783783783784
0 0.864 0.012837837837837839 0.007666666666666666 0.016216216216216217
0 0.868 0.043243243243243246 0.008333333333333333 0.021621621621621623
0 0.8546666666666667 0.04527027027027027 0.006 0.01756756756756757
0 0.8593333333333333 0.043243243243243246 0.009666666666666667 0.013513513513513514
0 0.8876666666666667 0.05472972972972973 0.009333333333333334 0.024324324324324326
0 0.8973333333333333 0.04594594594594595 0.012 0.012162162162162163
0 0.9123333333333333 0.08108108108108109 0.009666666666666667 0.01891891891891892
0 0.9206666666666666 0.0777027027027027 0.007 0.0222972972972973
0 0.9093333333333333 0.10135135135135136 0.009666666666666667 0.019594594594594596
0 0.9113333333333333 0.13445945945945945 0.010333333333333333 0.02364864864864865
0 0.8713333333333333 0.005405405405405406 0.009333333333333334 0.010810810810810811
0 0.9136666666666666 0.06148648648648649 0.008666666666666666 0.016216216216216217
0 0.9256666666666666 0.05405405405405406 0.006666666666666667 0.010810810810810811
0 0.9346666666666666 0.0804054054054054 0.005666666666666667 0.0222972972972973
0 0.9386666666666666 0.0918918918918919 0.010333333333333333 0.013513513513513514
0 0.9516666666666667 0.10608108108108108 0.013666666666666667 0.014864864864864866
0 0.926 0.13108108108108107 0.013 0.012837837837837839
0 0.9176666666666666 0.16756756756756758 0.011 0.02702702702702703
0 0.8693333333333333 0.14662162162162162 0.008333333333333333 0.020945945945945947
0 0.8623333333333333 0.13783783783783785 0.012666666666666666 0.008783783783783784
0 0.8496666666666667 0.12972972972972974 0.007666666666666666 0.024324324324324326
0 0.8566666666666667 0.11283783783783784 0.013 0.01418918918918919
0 0.858 0.12162162162162163 0.005333333333333333 0.016216216216216217
0 0.858 0.0891891891891892 0.014666666666666666 0.016891891891891893
0 0.8813333333333333 0.1864864864864865 0.012333333333333333 0.016216216216216217
0 0.8686666666666667 0.20540540540540542 0.010666666666666666 0.022972972972972974
0 0.8633333333333333 0.22162162162162163 0.015333333333333332 0.012162162162162163
0 0.8553333333333333 0.20270270270270271 0.009333333333333334 0.012837837837837839
0 0.8336666666666667 0.2141891891891892 0.014666666666666666 0.01891891891891892
0 0.8546666666666667 0.25405405405405407 0.007333333333333333 0.02972972972972973
0 0.847 0.2662162162162162 0.007333333333333333 0.025
0 0.8653333333333333 0.2682432432432432 0.012666666666666666 0.01418918918918919
0 0.889 0.2554054054054054 0.012666666666666666 0.01418918918918919
0 0.898 0.25675675675675674 0.006333333333333333 0.02027027027027027
0 0.8866666666666667 0.2702702702702703 0.014333333333333333 0.008108108108108109
0 0.8806666666666667 0.3027027027027027 0.012333333333333333 0.02364864864864865
0 0.885 0.3033783783783784 0.01 0.01418918918918919
0 0.8773333333333333 0.3236486486486487 0.014666666666666666 0.015540540540540541
0 0.8693333333333333 0.3162162162162162 0.015333333333333332 0.013513513513513514
0 0.8593333333333333 0.3162162162162162 0.008666666666666666 0.022972972972972974
0 0.853 0.3054054054054054 0.012 0.012837837837837839
0 0.812 0.3310810810810811 0.008 0.016891891891891893
0 0.8013333333333333 0.3047297297297297 0.006 0.025
0 0.9326666666666666 0.1912162162162162 0.012333333333333333 0.012837837837837839
0 0.9413333333333334 0.1918918918918919 0.010333333333333333 0.015540540540540541
0 0.9536666666666667 0.17905405405405406 0.009333333333333334 0.025
0 0.9806666666666667 0.1939189189189189 0.016666666666666666 0.012837837837837839
0 0.97 0.13243243243243244 0.008666666666666666 0.02837837837837838
0 0.9876666666666667 0.14324324324324325 0.012333333333333333 0.01891891891891892
0 0.9873333333333333 0.12027027027027028 0.007333333333333333 0.02364864864864865
0 0.9946666666666667 0.12364864864864865 0.010666666666666666 0.015540540540540541
0 0.991 0.10810810810810811 0.013 0.010810810810810811
0 0.9776666666666667 0.10067567567567567 0.013 0.012162162162162163
0 0.9633333333333334 0.05945945945945946 0.01 0.010135135135135136
0 0.9776666666666667 0.041891891891891894 0.007333333333333333 0.022972972972972974
0 0.9883333333333333 0.04391891891891892 0.008 0.024324324324324326
0 0.9873333333333333 0.07027027027027027 0.006666666666666667 0.01891891891891892
0 0.9863333333333333 0.08513513513513514 0.014 0.01418918918918919
0 0.9503333333333334 0.020945945945945947 0.005 0.02027027027027027
0 0.943 0.01756756756756757 0.009 0.016216216216216217
0 0.9543333333333334 0.008108108108108109 0.005666666666666667 0.016216216216216217
0 0.972 0.02837837837837838 0.008666666666666666 0.021621621621621623
0 0.972 0.00945945945945946 0.011 0.01891891891891892
0 0.968 0.005405405405405406 0.009333333333333334 0.010810810810810811
0 0.9233333333333333 0.2277027027027027 0.013333333333333334 0.020945945945945947
0 0.9203333333333333 0.2587837837837838 0.011666666666666667 0.01891891891891892
0 0.9373333333333334 0.2594594594594595 0.01 0.011486486486486487
0 0.93 0.2682432432432432 0.006333333333333333 0.026351351351351353
0 0.9543333333333334 0.2905405405405405 0.008666666666666666 0.0222972972972973
0 0.9553333333333334 0.275 0.015 0.015540540540540541
0 0.977 0.27702702702702703 0.009 0.02702702702702703
0 0.9726666666666667 0.3 0.010666666666666666 0.018243243243243244
0 0.9943333333333333 0.2939189189189189 0.011333333333333334 0.014864864864864866
0 0.9513333333333334 0.34121621621621623 0.01 0.024324324324324326
0 0.975 0.3621621621621622 0.005666666666666667 0.020945945945945947
0 0.9576666666666667 0.36824324324324326 0.015666666666666666 0.012837837837837839
0 0.9433333333333334 0.38716216216216215 0.012666666666666666 0.015540540540540541
0 0.9413333333333334 0.3722972972972973 0.005666666666666667 0.018243243243243244
0 0.9313333333333333 0.3662162162162162 0.014333333333333333 0.01756756756756757
0 0.9053333333333333 0.372972972972973 0.01 0.020945945945945947
0 0.9103333333333333 0.36486486486486486 0.005 0.019594594594594596
0 0.9163333333333333 0.3 0.010666666666666666 0.01418918918918919
0 0.9263333333333333 0.30202702702702705 0.011666666666666667 0.016891891891891893
0 0.938 0.30067567567567566 0.013 0.022972972972972974
0 0.96 0.40540540540540543 0.006666666666666667 0.0222972972972973
0 0.9516666666666667 0.4141891891891892 0.005666666666666667 0.0222972972972973
0 0.9563333333333334 0.4297297297297297 0.010333333333333333 0.01891891891891892
0 0.9436666666666667 0.42027027027027025 0.008333333333333333 0.01418918918918919
0 0.9156666666666666 0.46283783783783783 0.016666666666666666 0.014864864864864866
0 0.9693333333333334 0.4574324324324324 0.010333333333333333 0.016891891891891893
0 0.9773333333333334 0.46756756756756757 0.008333333333333333 0.01756756756756757
0 0.983 0.4594594594594595 0.005333333333333333 0.01891891891891892
0 0.996 0.4689189189189189 0.008 0.01891891891891892
0 0.9746666666666667 0.48986486486486486 0.012666666666666666 0.011486486486486487
0 0.982 0.4918918918918919 0.011666666666666667 0.010810810810810811
0 0.982 0.5094594594594595 0.011666666666666667 0.011486486486486487
0 0.985 0.525 0.007666666666666666 0.021621621621621623
0 0.9706666666666667 0.529054054054054 0.013666666666666667 0.01418918918918919
0 0.967 0.5222972972972973 0.009 0.013513513513513514
0 0.9653333333333334 0.5412162162162162 0.009666666666666667 0.016216216216216217
0 0.99 0.5425675675675675 0.007 0.02364864864864865
0 0.9886666666666667 0.5614864864864865 0.010666666666666666 0.02027027027027027
0 0.9903333333333333 0.5804054054054054 0.012666666666666666 0.010810810810810811
0 0.9813333333333333 0.5743243243243243 0.009333333333333334 0.016216216216216217
0 0.9756666666666667 0.5878378378378378 0.012666666666666666 0.012837837837837839
0 0.9666666666666667 0.5641891891891891 0.005333333333333333 0.020945945945945947
0 0.9556666666666667 0.5864864864864865 0.015 0.015540540540540541
0 0.9583333333333334 0.5722972972972973 0.014666666666666666 0.01418918918918919
0 0.9426666666666667 0.581081081081081 0.006666666666666667 0.016891891891891893
0 0.9346666666666666 0.5702702702702702 0.006666666666666667 0.021621621621621623
0 0.949 0.5513513513513514 0.011333333333333334 0.01418918918918919
0 0.9473333333333334 0.5412162162162162 0.008 0.01891891891891892
0 0.8993333333333333 0.4175675675675676 0.006666666666666667 0.02027027027027027
0 0.8883333333333333 0.4263513513513513 0.012333333333333333 0.013513513513513514
0 0.8816666666666667 0.40945945945945944 0.006666666666666667 0.025
0 0.877 0.37364864864864866 0.011 0.01756756756756757
0 0.8686666666666667 0.4060810810810811 0.014333333333333333 0.014864864864864866
0 0.8583333333333333 0.4222972972972973 0.011333333333333334 0.012837837837837839
0 0.8516666666666667 0.4277027027027027 0.01 0.019594594594594596
0 0.8366666666666667 0.4466216216216216 0.015 0.01418918918918919
0 0.8403333333333334 0.43716216216216214 0.011 0.011486486486486487
0 0.8253333333333334 0.40878378378378377 0.008666666666666666 0.02702702702702703
0 0.8423333333333334 0.372972972972973 0.012333333333333333 0.016216216216216217
0 0.826 0.3810810810810811 0.01 0.018243243243243244
0 0.816 0.3918918918918919 0.006666666666666667 0.024324324324324326
0 0.768 0.3932432432432432 0.006333333333333333 0.025675675675675677
0 0.7856666666666666 0.36486486486486486 0.011 0.018243243243243244
0 0.7926666666666666 0.3554054054054054 0.014 0.014864864864864866
0 0.809 0.35945945945945945 0.017 0.011486486486486487
0 0.8046666666666666 0.39256756756756755 0.009666666666666667 0.025675675675675677
0 0.8116666666666666 0.43243243243243246 0.013333333333333334 0.016216216216216217
0 0.791 0.4189189189189189 0.009666666666666667 0.022972972972972974
0 0.777 0.4452702702702703 0.007 0.024324324324324326
0 0.789 0.45472972972972975 0.016 0.011486486486486487
0 0.7906666666666666 0.4817567567567568 0.012333333333333333 0.018243243243243244
0 0.7876666666666666 0.475 0.012666666666666666 0.01756756756756757
0 0.8633333333333333 0.46621621621621623 0.012333333333333333 0.016891891891891893
0 0.86 0.45878378378378376 0.007 0.018243243243243244
0 0.877 0.44324324324324327 0.008 0.016891891891891893
0 0.8903333333333333 0.4668918918918919 0.011333333333333334 0.01756756756756757
0 0.8893333333333333 0.45472972972972975 0.014666666666666666 0.010810810810810811
0 0.8956666666666667 0.4594594594594595 0.006333333333333333 0.016216216216216217
0 0.8746666666666667 0.48445945945945945 0.014333333333333333 0.016216216216216217
0 0.8726666666666667 0.47364864864864864 0.010333333333333333 0.022972972972972974
0 0.8616666666666667 0.4817567567567568 0.006333333333333333 0.01891891891891892
0 0.845 0.49594594594594593 0.008666666666666666 0.01891891891891892
0 0.801 0.5337837837837838 0.01 0.016216216216216217
0 0.8056666666666666 0.5574324324324325 0.005666666666666667 0.022972972972972974
0 0.8346666666666667 0.5324324324324324 0.013666666666666667 0.012837837837837839
0 0.843 0.543918918918919 0.014 0.018243243243243244
0 0.8243333333333334 0.5709459459459459 0.008 0.025
0 0.867 0.5243243243243243 0.006 0.022972972972972974
0 0.8716666666666667 0.5121621621621621 0.01 0.01891891891891892
0 0.8596666666666667 0.5121621621621621 0.009666666666666667 0.018243243243243244
0 0.8663333333333333 0.547972972972973 0.007333333333333333 0.02702702702702703
0 0.852 0.5452702702702703 0.007 0.01756756756756757
0 0.86 0.5635135135135135 0.017333333333333333 0.013513513513513514
0 0.8593333333333333 0.5554054054054054 0.011 0.008783783783783784
0 0.8516666666666667 0.5878378378378378 0.011666666666666667 0.01756756756756757
0 0.8486666666666667 0.577027027027027 0.012333333333333333 0.013513513513513514
0 0.9046666666666666 0.572972972972973 0.01633333333333333 0.013513513513513514
0 0.775 0.6391891891891892 0.007666666666666666 0.021621621621621623
0 0.791 0.6168918918918919 0.014333333333333333 0.016891891891891893
0 0.8023333333333333 0.6135135135135135 0.01 0.019594594594594596
0 0.868 0.6182432432432432 0.011666666666666667 0.012837837837837839
0 0.889 0.606081081081081 0.013333333333333334 0.014864864864864866
0 0.8993333333333333 0.6135135135135135 0.011666666666666667 0.016891891891891893
0 0.9103333333333333 0.6351351351351351 0.012333333333333333 0.018243243243243244
0 0.8923333333333333 0.643918918918919 0.009 0.02027027027027027
0 0.8723333333333333 0.6324324324324324 0.009666666666666667 0.01756756756756757
0 0.816 0.65 0.007 0.021621621621621623
0 0.8226666666666667 0.6581081081081082 0.011 0.019594594594594596
0 0.845 0.672972972972973 0.01633333333333333 0.016216216216216217
0 0.8026666666666666 0.6783783783783783 0.009333333333333334 0.019594594594594596
0 0.792 0.6824324324324325 0.014 0.019594594594594596
0 0.8873333333333333 0.6945945945945946 0.013 0.016891891891891893
0 0.8666666666666667 0.7297297297297297 0.013666666666666667 0.02364864864864865
0 0.8443333333333334 0.7222972972972973 0.014 0.02364864864864865
0 0.8346666666666667 0.7391891891891892 0.01 0.014864864864864866
0 0.83 0.7385135135135135 0.011 0.01418918918918919
0 0.7906666666666666 0.7304054054054054 0.013333333333333334 0.014864864864864866
0 0.8823333333333333 0.7331081081081081 0.008 0.025
0 0.8486666666666667 0.7506756756756757 0.009333333333333334 0.019594594594594596
0 0.8536666666666667 0.7533783783783784 0.01 0.011486486486486487
0 0.8883333333333333 0.7527027027027027 0.006333333333333333 0.02702702702702703
0 0.8943333333333333 0.7527027027027027 0.009 0.01418918918918919
0 0.902 0.7594594594594595 0.010333333333333333 0.02837837837837838
0 0.9403333333333334 0.6763513513513514 0.011 0.020945945945945947
0 0.9516666666666667 0.7243243243243244 0.007666666666666666 0.025675675675675677
0 0.985 0.697972972972973 0.015333333333333332 0.013513513513513514
0 0.9813333333333333 0.6824324324324325 0.008 0.012837837837837839
0 0.975 0.7182432432432433 0.009666666666666667 0.0222972972972973
0 0.9463333333333334 0.6506756756756756 0.007333333333333333 0.021621621621621623
0 0.934 0.647972972972973 0.008 0.02027027027027027
0 0.9226666666666666 0.6418918918918919 0.007666666666666666 0.024324324324324326
0 0.929 0.6236486486486487 0.017 0.013513513513513514
0 0.9526666666666667 0.6297297297297297 0.009333333333333334 0.016891891891891893
0 0.9593333333333334 0.629054054054054 0.009666666666666667 0.032432432432432434
0 0.9696666666666667 0.6236486486486487 0.010333333333333333 0.01756756756756757
0 0.9566666666666667 0.6709459459459459 0.006 0.008108108108108109
0 0.866 0.9081081081081082 0.007666666666666666 0.012837837837837839
0 0.8343333333333334 0.8 0.014 0.014864864864864866
0 0.8173333333333334 0.7898648648648648 0.007333333333333333 0.024324324324324326
0 0.8223333333333334 0.7864864864864864 0.010333333333333333 0.008783783783783784
0 0.8706666666666667 0.9243243243243243 0.007 0.018243243243243244
0 0.32 0.00945945945945946 0.009333333333333334 0.018243243243243244
0 0.12233333333333334 0.5851351351351352 0.008333333333333333 0.02027027027027027
0 0.5813333333333334 0.5263513513513514 0.011666666666666667 0.011486486486486487
0 0.281 0.772972972972973 0.011666666666666667 0.019594594594594596
0 0.011 0.5243243243243243 0.005666666666666667 0.014864864864864866
0 0.995 0.3216216216216216 0.01 0.01891891891891892
0 0.9966666666666667 0.2574324324324324 0.006666666666666667 0.012837837837837839
0 0.995 0.42567567567567566 0.01 0.015540540540540541
0 0.9723333333333334 0.32972972972972975 0.017 0.014864864864864866