0 0.0455 0.10977777777777778 0.012 0.013333333333333334
0 0.12225 0.07244444444444445 0.0125 0.017333333333333333
0 0.0635 0.088 0.00725 0.022222222222222223
0 0.0545 0.16044444444444445 0.00825 0.026222222222222223
0 0.021 0.17955555555555555 0.015 0.015111111111111112
0 0.13825 0.20577777777777778 0.00775 0.02666666666666667
0 0.2975 0.2248888888888889 0.00975 0.012888888888888889
0 0.2965 0.21333333333333335 0.0095 0.010222222222222223
0 0.2975 0.15511111111111112 0.011 0.017333333333333333
0 0.30775 0.15333333333333332 0.0125 0.013777777777777778
0 0.3155 0.12622222222222224 0.00875 0.014666666666666666
0 0.28875 0.18222222222222223 0.00675 0.012888888888888889
0 0.0015 0.4991111111111111 0.003 0.009777777777777778
0 0.00325 0.4875555555555556 0.0065 0.02
0 0.1465 0.43733333333333335 0.00775 0.019555555555555555
0 0.16925 0.4315555555555556 0.01075 0.012888888888888889
0 0.16875 0.5324444444444445 0.0075 0.01911111111111111
0 0.218 0.408 0.00675 0.012888888888888889
0 0.2115 0.36977777777777776 0.00625 0.020444444444444446
0 0.2655 0.3942222222222222 0.006 0.021333333333333333
0 0.2955 0.368 0.005 0.02266666666666667
0 0.34775 0.388 0.005 0.019555555555555555
0 0.20875 0.3164444444444444 0.00975 0.011555555555555555
0 0.205 0.17333333333333334 0.00675 0.022222222222222223
0 0.2065 0.1537777777777778 0.009 0.010222222222222223
0 0.131 0.15333333333333332 0.008 0.020444444444444446
0 0.07975 0.2031111111111111 0.00675 0.013333333333333334
0 0.151 0.009777777777777778 0.005 0.019555555555555555
0 0.245 0.06133333333333333 0.0125 0.009777777777777778
0 0.31 0.09955555555555555 0.0065 0.02266666666666667
0 0.25525 0.06222222222222222 0.00925 0.012444444444444444
0 0.2925 0.5235555555555556 0.00875 0.016
0 0.3165 0.5506666666666666 0.00975 0.015555555555555555
0 0.14725 0.6928888888888889 0.006 0.021777777777777778
0 0.19575 0.712 0.00675 0.02266666666666667
0 0.204 0.72 0.0115 0.012444444444444444
0 0.26575 0.7351111111111112 0.00975 0.014222222222222223
0 0.405 0.04666666666666667 0.0135 0.012
0 0.46025 0.043111111111111114 0.007 0.016
0 0.45025 0.10933333333333334 0.01025 0.016
0 0.47525 0.10444444444444445 0.006 0.021333333333333333
0 0.46475 0.06933333333333333 0.007 0.020444444444444446
0 0.43675 0.14533333333333334 0.00975 0.015111111111111112
0 0.41725 0.21733333333333332 0.00525 0.01911111111111111
0 0.4365 0.20755555555555555 0.0055 0.018666666666666668
0 0.3575 0.212 0.00875 0.018666666666666668
0 0.35025 0.3128888888888889 0.00575 0.018222222222222223
0 0.46025 0.3 0.00525 0.023555555555555555
0 0.46975 0.3302222222222222 0.0105 0.012444444444444444
0 0.473 0.3151111111111111 0.0115 0.012888888888888889
0 0.42975 0.3217777777777778 0.012 0.011555555555555555
0 0.3685 0.408 0.00575 0.019555555555555555
0 0.41425 0.43244444444444446 0.0105 0.011111111111111112
0 0.40225 0.4177777777777778 0.0105 0.014222222222222223
0 0.448 0.3884444444444444 0.00425 0.02266666666666667
0 0.3785 0.5106666666666667 0.0075 0.022222222222222223
0 0.483 0.4653333333333333 0.008 0.020888888888888887
0 0.49075 0.46844444444444444 0.00625 0.016888888888888887
0 0.5155 0.544 0.014 0.009333333333333334
0 0.47975 0.5871111111111111 0.00675 0.016444444444444446
0 0.485 0.6026666666666667 0.00625 0.017777777777777778
0 0.484 0.5742222222222222 0.0045 0.014222222222222223
0 0.46925 0.6284444444444445 0.0155 0.012444444444444444
0 0.47825 0.6484444444444445 0.00475 0.023555555555555555
0 0.45475 0.6635555555555556 0.00975 0.017777777777777778
0 0.4205 0.6493333333333333 0.00625 0.021333333333333333
0 0.446 0.6142222222222222 0.006 0.01911111111111111
0 0.444 0.5124444444444445 0.00725 0.017777777777777778
0 0.33575 0.5955555555555555 0.0085 0.016888888888888887
0 0.3405 0.7057777777777777 0.011 0.014222222222222223
0 0.36125 0.9946666666666667 0.01 0.010222222222222223
0 0.673 0.9946666666666667 0.01 0.010222222222222223
0 0.62225 0.9951111111111111 0.01 0.009777777777777778
0 0.574 0.8551111111111112 0.0135 0.010222222222222223
0 0.52825 0.8391111111111111 0.00825 0.010222222222222223
0 0.561 0.8306666666666667 0.00675 0.017333333333333333
0 0.60925 0.8591111111111112 0.00775 0.016444444444444446
0 0.80875 0.7204444444444444 0.00725 0.020888888888888887
0 0.173 0.5262222222222223 0.007 0.024
0 0.06975 0.9968888888888889 0.00725 0.006222222222222222
0 0.80575 0.7084444444444444 0.007 0.016444444444444446
0 0.51425 0.5435555555555556 0.0135 0.016444444444444446
0 0.2205 0.12311111111111112 0.0145 0.015555555555555555
0 0.37725 0.21511111111111111 0.0135 0.017333333333333333
0 0.66025 0.828 0.014 0.018222222222222223
0 0.24025 0.3848888888888889 0.01275 0.021777777777777778
0 0.0625 0.3977777777777778 0.00825 0.02
0 0.3855 0.15688888888888888 0.00725 0.02266666666666667
0 0.93325 0.9186666666666666 0.014 0.02
0 0.3675 0.6088888888888889 0.00875 0.02266666666666667
0 0.1375 0.4573333333333333 0.00975 0.018666666666666668
0 0.094 0.284 0.01075 0.016888888888888887
0 0.18825 0.7928888888888889 0.0075 0.017333333333333333
0 0.79675 0.936 0.01175 0.019555555555555555
0 0.2185 0.5822222222222222 0.00675 0.02
0 0.27025 0.8582222222222222 0.007 0.02311111111111111
0 0.25625 0.43333333333333335 0.01375 0.017777777777777778
0 0.4185 0.7617777777777778 0.00675 0.024
0 0.478 0.7586666666666667 0.0095 0.02711111111111111
0 0.05 0.9337777777777778 0.015 0.012888888888888889
0 0.1665 0.9106666666666666 0.01025 0.028888888888888888
0 0.72075 0.8115555555555556 0.0155 0.013777777777777778
0 0.13125 0.5382222222222223 0.0095 0.016
0 0.28775 0.7515555555555555 0.00725 0.025333333333333333
0 0.25175 0.9573333333333334 0.0155 0.024888888888888887
0 0.02675 0.9591111111111111 0.01325 0.018222222222222223
0 0.7535 0.5782222222222222 0.0125 0.014666666666666666
0 0.3605 0.8297777777777777 0.00725 0.021777777777777778
0 0.0035 0.912 0.00675 0.01911111111111111
0 0.3565 0.988 0.019 0.021333333333333333
0 0.1415 0.9377777777777778 0.01325 0.015111111111111112
0 0.723 0.5911111111111111 0.0125 0.015111111111111112
0 0.73625 0.5577777777777778 0.0145 0.013777777777777778
0 0.996 0.7013333333333334 0.008 0.015111111111111112
0 0.17025 0.2591111111111111 0.00975 0.02666666666666667
0 0.2975 0.8693333333333333 0.00675 0.02311111111111111
0 0.4395 0.9315555555555556 0.00875 0.01911111111111111
0 0.35475 0.8817777777777778 0.01725 0.015555555555555555
0 0.01525 0.33466666666666667 0.01175 0.013333333333333334
0 0.80725 0.7688888888888888 0.01575 0.016444444444444446
0 0.85 0.6577777777777778 0.01575 0.016
0 0.7735 0.7986666666666666 0.0155 0.013333333333333334
0 0.604 0.5524444444444444 0.011 0.015111111111111112
0 0.6195 0.5342222222222223 0.00625 0.026222222222222223
0 0.631 0.5213333333333333 0.00925 0.030666666666666665
0 0.78225 0.48088888888888887 0.009 0.019555555555555555
0 0.228 0.852 0.0115 0.015555555555555555
0 0.0765 0.5782222222222222 0.00775 0.012444444444444444
0 0.834 0.808 0.01025 0.015111111111111112
0 0.34475 0.8293333333333334 0.01325 0.019555555555555555
0 0.94025 0.37466666666666665 0.00775 0.02311111111111111
0 0.764 0.43066666666666664 0.013 0.023555555555555555
0 0.87125 0.7991111111111111 0.01575 0.01911111111111111
0 0.93625 0.19111111111111112 0.00875 0.029333333333333333
0 0.80425 0.9057777777777778 0.00675 0.02711111111111111
0 0.6195 0.6817777777777778 0.00725 0.019555555555555555
0 0.5415 0.7137777777777777 0.006 0.023555555555555555
0 0.5495 0.7026666666666667 0.005 0.024444444444444446
0 0.574 0.6924444444444444 0.01125 0.018222222222222223
0 0.57625 0.6733333333333333 0.00975 0.014222222222222223
0 0.57775 0.6497777777777778 0.01025 0.012
0 0.59925 0.6404444444444445 0.011 0.01911111111111111
0 0.738 0.644 0.012 0.013777777777777778
0 0.859 0.6062222222222222 0.01075 0.017333333333333333
0 0.9905 0.5875555555555556 0.0055 0.02311111111111111
0 0.53225 0.7697777777777778 0.009 0.018222222222222223
0 0.55225 0.7484444444444445 0.00775 0.016
0 0.7415 0.8617777777777778 0.01475 0.012
0 0.739 0.8466666666666667 0.00775 0.015555555555555555
0 0.7485 0.8724444444444445 0.00675 0.02311111111111111
0 0.66775 0.9444444444444444 0.00675 0.025333333333333333
0 0.988 0.8808888888888889 0.011 0.021777777777777778
0 0.99225 0.768 0.00825 0.020444444444444446
0 0.93425 0.8382222222222222 0.01 0.010666666666666666
0 0.94875 0.8551111111111112 0.00975 0.011111111111111112
0 0.955 0.8408888888888889 0.01225 0.009333333333333334
0 0.95625 0.852 0.006 0.012888888888888889
0 0.9265 0.7711111111111111 0.008 0.015111111111111112
0 0.92475 0.7564444444444445 0.01075 0.012888888888888889
0 0.912 0.7373333333333333 0.01075 0.010666666666666666
0 0.90175 0.6897777777777778 0.011 0.010666666666666666
0 0.81675 0.684 0.00925 0.010666666666666666
0 0.97725 0.9448888888888889 0.01 0.011555555555555555
0 0.78725 0.9751111111111112 0.00475 0.01911111111111111
0 0.89075 0.5533333333333333 0.015 0.011111111111111112
0 0.9575 0.5595555555555556 0.00775 0.012444444444444444
0 0.95175 0.5062222222222222 0.013 0.012444444444444444
0 0.94525 0.456 0.0105 0.008444444444444444
0 0.88625 0.5222222222222223 0.0145 0.012
0 0.84725 0.42844444444444446 0.006 0.017333333333333333
0 0.8945 0.47244444444444444 0.00925 0.017777777777777778
0 0.911 0.48088888888888887 0.00875 0.012444444444444444
0 0.91925 0.4928888888888889 0.00975 0.017333333333333333
0 0.91625 0.48044444444444445 0.00625 0.016444444444444446
0 0.97675 0.4026666666666667 0.0075 0.019555555555555555
0 0.91725 0.2822222222222222 0.011 0.009777777777777778
0 0.9255 0.3048888888888889 0.00875 0.012888888888888889
0 0.9935 0.20133333333333334 0.00475 0.02
0 0.91575 0.15866666666666668 0.008 0.017333333333333333
0 0.97275 0.021777777777777778 0.00875 0.010666666666666666
0 0.9545 0.044444444444444446 0.00775 0.02311111111111111
0 0.95675 0.017333333333333333 0.00975 0.008888888888888889
0 0.9945 0.0044444444444444444 0.00675 0.008888888888888889
0 0.87875 0.11422222222222222 0.006 0.016444444444444446
0 0.86475 0.10577777777777778 0.01225 0.017777777777777778
0 0.83825 0.1302222222222222 0.0045 0.02
0 0.85825 0.208 0.005 0.023555555555555555
0 0.89875 0.18488888888888888 0.006 0.017333333333333333
0 0.79625 0.07111111111111111 0.0095 0.015111111111111112
0 0.7655 0.049777777777777775 0.01 0.010222222222222223
0 0.78825 0.04933333333333333 0.00725 0.021777777777777778
0 0.7935 0.04844444444444444 0.00725 0.021333333333333333
0 0.8225 0.018222222222222223 0.0115 0.010666666666666666
0 0.7755 0.08977777777777778 0.0095 0.012
0 0.77275 0.18133333333333335 0.00825 0.013777777777777778
0 0.8085 0.1991111111111111 0.004 0.017333333333333333
0 0.54025 0.24444444444444444 0.01025 0.012
0 0.55875 0.23155555555555554 0.01 0.012
0 0.56775 0.22577777777777777 0.005 0.027555555555555555
0 0.574 0.19155555555555556 0.01375 0.018666666666666668
0 0.55875 0.152 0.01 0.018222222222222223
0 0.5395 0.3204444444444444 0.00675 0.030222222222222223
0 0.5185 0.28933333333333333 0.00875 0.018222222222222223
0 0.58475 0.2528888888888889 0.00675 0.018666666666666668
0 0.58525 0.2248888888888889 0.008 0.030666666666666665
0 0.5995 0.23466666666666666 0.007 0.02266666666666667
0 0.6285 0.272 0.012 0.013777777777777778
0 0.6445 0.29733333333333334 0.0135 0.013777777777777778
0 0.63025 0.07422222222222222 0.00825 0.016444444444444446
0 0.6525 0.1537777777777778 0.00925 0.024444444444444446
0 0.58325 0.46444444444444444 0.0125 0.014222222222222223
0 0.5855 0.43022222222222223 0.00975 0.016444444444444446
0 0.6415 0.35777777777777775 0.0065 0.02311111111111111
0 0.547 0.21688888888888888 0.00725 0.022222222222222223
0 0.52525 0.268 0.00775 0.02
0 0.65825 0.32222222222222224 0.0095 0.011555555555555555
0 0.73875 0.2857777777777778 0.00775 0.015555555555555555
0 0.6045 0.23777777777777778 0.0055 0.029333333333333333
0 0.54225 0.39555555555555555 0.009 0.016444444444444446
0 0.6145 0.428 0.01025 0.015555555555555555
0 0.71025 0.5151111111111111 0.01175 0.014222222222222223
0 0.755 0.5226666666666666 0.006 0.02311111111111111
0 0.55875 0.6057777777777777 0.01275 0.012444444444444444
0 0.72075 0.6982222222222222 0.0105 0.015111111111111112
0 0.582 0.704 0.01 0.017777777777777778
0 0.668 0.45644444444444443 0.007 0.027555555555555555
0 0.634 0.4271111111111111 0.007 0.018222222222222223
0 0.72025 0.48977777777777776 0.01025 0.013333333333333334
0 0.665 0.6151111111111112 0.01125 0.012888888888888889
0 0.54875 0.003111111111111111 0.016 0.006222222222222222
0 0.795 0.15555555555555556 0.007 0.025777777777777778
0 0.80375 0.06622222222222222 0.009 0.02266666666666667
0 0.67075 0.4288888888888889 0.00775 0.019555555555555555
0 0.55125 0.6702222222222223 0.0055 0.015111111111111112
0 0.549 0.536 0.00775 0.023555555555555555
0 0.542 0.4751111111111111 0.00675 0.017333333333333333
0 0.727 0.44 0.00575 0.018222222222222223
0 0.65325 0.37333333333333335 0.01175 0.014666666666666666
0 0.49875 0.4088888888888889 0.00475 0.017333333333333333
0 0.6275 0.43733333333333335 0.0055 0.010666666666666666
0 0.66475 0.34 0.008 0.012
0 0.77975 0.3688888888888889 0.00675 0.020444444444444446
0 0.7855 0.284 0.00675 0.020888888888888887
0 0.717 0.728 0.006 0.016444444444444446
0 0.72175 0.7746666666666666 0.0055 0.017777777777777778
0 0.82875 0.16533333333333333 0.009 0.014666666666666666
0 0.719 0.018222222222222223 0.01075 0.009777777777777778
0 0.668 0.12755555555555556 0.0095 0.010222222222222223
0 0.6735 0.09288888888888888 0.006 0.013333333333333334
0 0.974 0.10044444444444445 0.00625 0.018222222222222223