0 0.24825 0.16755555555555557 0.01075 0.01911111111111111
0 0.924 0.424 0.01025 0.01911111111111111
0 0.266 0.208 0.01475 0.014666666666666666
0 0.4455 0.6471111111111111 0.01325 0.014666666666666666
0 0.135 0.5395555555555556 0.01175 0.020888888888888887
0 0.9385 0.20622222222222222 0.01225 0.016444444444444446
0 0.543 0.944 0.014 0.016444444444444446
0 0.585 0.1582222222222222 0.01225 0.019555555555555555
0 0.45825 0.8813333333333333 0.01225 0.013777777777777778
0 0.18175 0.20133333333333334 0.00875 0.017777777777777778
0 0.00925 0.03955555555555555 0.0145 0.016
0 0.52825 0.15911111111111112 0.012 0.017333333333333333
0 0.49825 0.7831111111111111 0.01075 0.022222222222222223
0 0.55975 0.6093333333333333 0.01175 0.016444444444444446
0 0.54075 0.26355555555555554 0.0085 0.013333333333333334
0 0.2535 0.5857777777777777 0.012 0.017777777777777778
0 0.913 0.5986666666666667 0.01375 0.018222222222222223
0 0.39475 0.5462222222222223 0.01425 0.016888888888888887
0 0.57125 0.8453333333333334 0.012 0.021777777777777778
0 0.8095 0.9084444444444445 0.014 0.016
0 0.274 0.312 0.01475 0.017777777777777778
0 0.77675 0.2902222222222222 0.0165 0.014666666666666666
0 0.10325 0.5417777777777778 0.013 0.019555555555555555
0 0.52425 0.5462222222222223 0.01225 0.017333333333333333
0 0.189 0.5168888888888888 0.01225 0.019555555555555555
0 0.3095 0.7191111111111111 0.01325 0.016888888888888887
0 0.7095 0.22444444444444445 0.01125 0.017777777777777778
0 0.541 0.04533333333333334 0.013 0.01911111111111111
0 0.19925 0.34 0.01575 0.016
0 0.731 0.576 0.00875 0.014222222222222223
0 0.6 0.5164444444444445 0.0085 0.01911111111111111
0 0.6915 0.29288888888888887 0.01425 0.018222222222222223
0 0.27425 0.0071111111111111115 0.0155 0.014222222222222223
0 0.64625 0.8897777777777778 0.015 0.014666666666666666
0 0.41375 0.16844444444444445 0.0155 0.014222222222222223
0 0.2225 0.7164444444444444 0.00925 0.014666666666666666
0 0.98475 0.5551111111111111 0.0115 0.015555555555555555
0 0.13675 0.92 0.01625 0.016888888888888887
0 0.00575 0.7906666666666666 0.01125 0.021777777777777778
0 0.66825 0.952 0.01125 0.015111111111111112
0 0.309 0.4444444444444444 0.01375 0.016444444444444446
0 0.63425 0.9377777777777778 0.01025 0.022222222222222223
0 0.9695 0.7711111111111111 0.008 0.021777777777777778
0 0.46475 0.48444444444444446 0.00925 0.02
0 0.91775 0.22133333333333333 0.01275 0.016888888888888887
0 0.684 0.43777777777777777 0.016 0.013777777777777778
0 0.555 0.11822222222222223 0.01 0.021777777777777778
0 0.396 0.724 0.0125 0.01911111111111111
0 0.7205 0.09333333333333334 0.01375 0.019555555555555555
0 0.5175 0.5235555555555556 0.0125 0.021333333333333333
0 0.46775 0.45644444444444443 0.01375 0.014666666666666666
0 0.218 0.22533333333333333 0.01375 0.015111111111111112
0 0.39475 0.8515555555555555 0.0075 0.024444444444444446
0 0.9695 0.9057777777777778 0.013 0.014222222222222223
0 0.61025 0.6284444444444445 0.01325 0.019555555555555555
0 0.365 0.12488888888888888 0.01725 0.014222222222222223
0 0.82775 0.2644444444444444 0.00875 0.023555555555555555
0 0.38175 0.5875555555555556 0.014 0.015555555555555555
0 0.7755 0.31733333333333336 0.0085 0.013333333333333334
0 0.684 0.36666666666666664 0.00875 0.018222222222222223
0 0.4975 0.4711111111111111 0.011 0.025777777777777778
0 0.08025 0.39511111111111114 0.01275 0.014222222222222223
0 0.209 0.9075555555555556 0.01225 0.018222222222222223
0 0.5165 0.8742222222222222 0.0125 0.016444444444444446
0 0.733 0.6368888888888888 0.00925 0.02666666666666667
0 0.8625 0.5466666666666666 0.0155 0.014222222222222223
0 0.0625 0.33466666666666667 0.0115 0.023555555555555555
0 0.144 0.8502222222222222 0.0155 0.016444444444444446
0 0.852 0.7457777777777778 0.015 0.013777777777777778
0 0.1055 0.06088888888888889 0.0095 0.022222222222222223
0 0.9235 0.8235555555555556 0.0105 0.02266666666666667
0 0.19375 0.8933333333333333 0.00975 0.02311111111111111
0 0.2255 0.6297777777777778 0.00875 0.017333333333333333
0 0.13675 0.03333333333333333 0.01475 0.020888888888888887
0 0.7785 0.188 0.01425 0.014666666666666666
0 0.48375 0.6862222222222222 0.0105 0.017333333333333333
0 0.453 0.8622222222222222 0.0135 0.016888888888888887
0 0.5345 0.7893333333333333 0.01 0.021777777777777778
0 0.45925 0.7168888888888889 0.0165 0.012888888888888889
0 0.434 0.6857777777777778 0.0095 0.02311111111111111
0 0.368 0.18355555555555556 0.01225 0.02
0 0.85875 0.2564444444444444 0.01475 0.015555555555555555
0 0.87175 0.8288888888888889 0.00875 0.02
0 0.4635 0.944 0.0095 0.021777777777777778
0 0.44475 0.044 0.01475 0.01911111111111111
0 0.57975 0.8826666666666667 0.0095 0.02
0 0.37125 0.292 0.01725 0.014222222222222223
0 0.421 0.39111111111111113 0.01425 0.01911111111111111
0 0.094 0.30933333333333335 0.01475 0.019555555555555555
0 0.0375 0.8693333333333333 0.00925 0.016444444444444446
0 0.15175 0.8422222222222222 0.009 0.023555555555555555
0 0.17675 0.8706666666666667 0.01325 0.015555555555555555
0 0.47375 0.28 0.0155 0.018222222222222223
0 0.0495 0.4617777777777778 0.009 0.017777777777777778
0 0.19 0.8328888888888889 0.0085 0.017777777777777778
0 0.75675 0.26711111111111113 0.009 0.03244444444444444
0 0.82375 0.8097777777777778 0.013 0.01911111111111111
0 0.84025 0.22711111111111112 0.01075 0.021333333333333333
0 0.54275 0.4088888888888889 0.01125 0.02666666666666667
0 0.8755 0.41733333333333333 0.01 0.015111111111111112
0 0.80675 0.6097777777777778 0.014 0.017777777777777778
0 0.115 0.6466666666666666 0.0095 0.025333333333333333
0 0.52925 0.04133333333333333 0.01075 0.019555555555555555
0 0.81175 0.43333333333333335 0.01125 0.021333333333333333
0 0.8275 0.08844444444444445 0.00975 0.022222222222222223
0 0.2325 0.31066666666666665 0.0105 0.02266666666666667
0 0.5775 0.2528888888888889 0.00825 0.017777777777777778
0 0.5715 0.18088888888888888 0.01025 0.01911111111111111
0 0.36875 0.3128888888888889 0.017 0.014666666666666666
0 0.761 0.9471111111111111 0.01075 0.021333333333333333
0 0.6685 0.47333333333333333 0.01075 0.024
0 0.555 0.17733333333333334 0.01075 0.020888888888888887
0 0.631 0.528 0.00825 0.020888888888888887
0 0.32225 0.2048888888888889 0.01 0.026222222222222223
0 0.8685 0.6831111111111111 0.01075 0.018222222222222223
0 0.74225 0.7368888888888889 0.012 0.014222222222222223
0 0.33775 0.08311111111111111 0.011 0.019555555555555555
0 0.81775 0.04088888888888889 0.008 0.02711111111111111
0 0.9765 0.6897777777777778 0.01425 0.012888888888888889
0 0.8005 0.45155555555555554 0.009 0.024888888888888887
0 0.1605 0.7088888888888889 0.0105 0.032
0 0.969 0.3382222222222222 0.008 0.017333333333333333
0 0.26475 0.012888888888888889 0.01425 0.013777777777777778
0 0.35325 0.6333333333333333 0.0075 0.03111111111111111
0 0.58225 0.9284444444444444 0.013 0.013777777777777778
0 0.79225 0.4053333333333333 0.01075 0.020888888888888887
0 0.95 0.4008888888888889 0.01025 0.012444444444444444
0 0.3185 0.29777777777777775 0.00825 0.024888888888888887
0 0.46475 0.9662222222222222 0.00925 0.021777777777777778
0 0.81975 0.6017777777777777 0.01275 0.018666666666666668
0 0.57825 0.3546666666666667 0.0135 0.015111111111111112
0 0.477 0.8226666666666667 0.008 0.025777777777777778
0 0.14925 0.22933333333333333 0.00875 0.026222222222222223
0 0.82325 0.15688888888888888 0.016 0.012
0 0.641 0.6835555555555556 0.00825 0.026222222222222223
0 0.601 0.592 0.01375 0.018222222222222223
0 0.83475 0.31466666666666665 0.01 0.021777777777777778
0 0.015 0.6115555555555555 0.009 0.027555555555555555
0 0.70425 0.11911111111111111 0.0165 0.017777777777777778
0 0.612 0.4151111111111111 0.00775 0.029333333333333333
0 0.8655 0.6253333333333333 0.00725 0.016
0 0.63075 0.74 0.0105 0.019555555555555555
0 0.239 0.6506666666666666 0.008 0.02266666666666667
0 0.6175 0.26222222222222225 0.0075 0.025777777777777778
0 0.19675 0.23155555555555554 0.01375 0.019555555555555555
0 0.29125 0.5595555555555556 0.01075 0.015111111111111112
0 0.97025 0.3151111111111111 0.0105 0.017333333333333333
0 0.89 0.6306666666666667 0.00725 0.01911111111111111
0 0.77575 0.06444444444444444 0.00875 0.021333333333333333
0 0.01425 0.006666666666666667 0.0085 0.013333333333333334
0 0.8635 0.3022222222222222 0.007 0.016
0 0.3525 0.8057777777777778 0.0115 0.013777777777777778
0 0.7345 0.2591111111111111 0.0075 0.030666666666666665
0 0.9655 0.09866666666666667 0.00875 0.02311111111111111
0 0.2475 0.7146666666666667 0.01075 0.013777777777777778
0 0.472 0.9613333333333334 0.0065 0.02266666666666667
0 0.58575 0.26355555555555554 0.01025 0.017333333333333333
0 0.04525 0.7235555555555555 0.012 0.020444444444444446
0 0.20025 0.6937777777777778 0.01075 0.015111111111111112
0 0.90075 0.8097777777777778 0.01 0.02311111111111111
0 0.852 0.6328888888888888 0.0145 0.012888888888888889
0 0.35475 0.7902222222222223 0.01225 0.02
0 0.7655 0.5662222222222222 0.011 0.02666666666666667
0 0.91975 0.876 0.01375 0.014222222222222223
0 0.74175 0.20622222222222222 0.0095 0.028
0 0.2345 0.5648888888888889 0.0095 0.025777777777777778
0 0.2875 0.04 0.0095 0.028888888888888888
0 0.15475 0.9528888888888889 0.00975 0.02711111111111111
0 0.028 0.5688888888888889 0.01425 0.018666666666666668
0 0.67225 0.8644444444444445 0.008 0.02
0 0.77075 0.14577777777777778 0.00975 0.021777777777777778
0 0.9125 0.4368888888888889 0.00775 0.02311111111111111
0 0.245 0.8008888888888889 0.012 0.020444444444444446
0 0.3915 0.5666666666666667 0.0135 0.016
0 0.37125 0.3582222222222222 0.00775 0.03111111111111111
0 0.972 0.5608888888888889 0.01675 0.016888888888888887
0 0.602 0.45066666666666666 0.0105 0.024888888888888887
0 0.5915 0.6008888888888889 0.0075 0.027555555555555555
0 0.543 0.8328888888888889 0.00625 0.029777777777777778
0 0.44275 0.8231111111111111 0.01025 0.016444444444444446
0 0.96425 0.6342222222222222 0.01025 0.022222222222222223
0 0.45125 0.9893333333333333 0.0085 0.021333333333333333
0 0.05225 0.7337777777777778 0.0075 0.015555555555555555
0 0.474 0.556 0.01075 0.016888888888888887
0 0.0615 0.07644444444444444 0.009 0.022222222222222223
0 0.0895 0.28444444444444444 0.0085 0.016888888888888887
0 0.18975 0.8137777777777778 0.0115 0.019555555555555555
0 0.31125 0.9573333333333334 0.008 0.020888888888888887
0 0.3795 0.5484444444444444 0.0095 0.019555555555555555
0 0.6425 0.244 0.01175 0.025333333333333333
0 0.51625 0.6444444444444445 0.01625 0.014222222222222223
0 0.8855 0.9031111111111111 0.00975 0.02
0 0.584 0.9893333333333333 0.01175 0.019555555555555555
0 0.41525 0.5755555555555556 0.01425 0.017333333333333333
0 0.36575 0.464 0.00925 0.025777777777777778
0 0.39725 0.7133333333333334 0.0095 0.015555555555555555
0 0.02075 0.7484444444444445 0.01025 0.022222222222222223
0 0.6365 0.316 0.00725 0.017777777777777778
0 0.20875 0.6893333333333334 0.01325 0.019555555555555555
0 0.636 0.7857777777777778 0.00775 0.028
0 0.29025 0.09066666666666667 0.01275 0.017333333333333333
0 0.91425 0.8324444444444444 0.0095 0.021333333333333333
0 0.5265 0.36133333333333334 0.0095 0.020888888888888887
0 0.9525 0.6177777777777778 0.0105 0.022222222222222223
0 0.704 0.29688888888888887 0.00925 0.020444444444444446
0 0.04575 0.7431111111111111 0.00725 0.020888888888888887
0 0.621 0.532 0.00675 0.021333333333333333
0 0.863 0.3622222222222222 0.00625 0.024888888888888887
0 0.1165 0.23377777777777778 0.0085 0.014666666666666666
0 0.87375 0.9537777777777777 0.007 0.01911111111111111
0 0.4035 0.15866666666666668 0.015 0.016444444444444446
0 0.1885 0.020888888888888887 0.00925 0.02311111111111111
0 0.61625 0.23466666666666666 0.00925 0.024
0 0.431 0.24 0.0075 0.021777777777777778
0 0.24175 0.7031111111111111 0.0135 0.016888888888888887
0 0.899 0.864 0.0085 0.024888888888888887
0 0.499 0.5791111111111111 0.0095 0.028444444444444446
0 0.16075 0.8346666666666667 0.007 0.033777777777777775
0 0.45125 0.8168888888888889 0.012 0.017333333333333333
0 0.08225 0.2511111111111111 0.00775 0.028444444444444446
0 0.43875 0.7964444444444444 0.007 0.019555555555555555
0 0.5055 0.4928888888888889 0.01 0.019555555555555555
0 0.69075 0.4613333333333333 0.0075 0.028
0 0.41125 0.5897777777777777 0.01075 0.016
0 0.1805 0.3382222222222222 0.00825 0.020444444444444446
0 0.81375 0.21688888888888888 0.0095 0.022222222222222223
0 0.4355 0.34444444444444444 0.00825 0.030666666666666665
0 0.9445 0.47733333333333333 0.006 0.026222222222222223
0 0.41675 0.19066666666666668 0.009 0.024888888888888887
0 0.90125 0.5795555555555556 0.0095 0.029777777777777778
0 0.347 0.26622222222222225 0.008 0.028444444444444446
0 0.25025 0.44044444444444447 0.01 0.016444444444444446
0 0.596 0.9724444444444444 0.0075 0.02266666666666667
0 0.336 0.8551111111111112 0.00775 0.027555555555555555
0 0.711 0.24266666666666667 0.008 0.014222222222222223
0 0.17625 0.04133333333333333 0.00875 0.028888888888888888
0 0.97025 0.9808888888888889 0.00725 0.017333333333333333
0 0.10175 0.9226666666666666 0.007 0.025333333333333333
0 0.084 0.4782222222222222 0.01 0.02666666666666667
0 0.441 0.49377777777777776 0.0075 0.026222222222222223
0 0.29825 0.08888888888888889 0.012 0.01911111111111111
0 0.31725 0.9595555555555556 0.01075 0.030222222222222223
0 0.2165 0.7271111111111112 0.01 0.022222222222222223
0 0.955 0.39644444444444443 0.0075 0.023555555555555555
0 0.71675 0.24933333333333332 0.008 0.029333333333333333
0 0.996 0.03911111111111111 0.008 0.016444444444444446
0 0.293 0.5764444444444444 0.0085 0.013333333333333334
0 0.01625 0.4653333333333333 0.009 0.024888888888888887
0 0.7815 0.068 0.012 0.012888888888888889
0 0.68725 0.9533333333333334 0.011 0.025333333333333333
0 0.03175 0.21422222222222223 0.00875 0.03155555555555556
0 0.55 0.9924444444444445 0.0095 0.015111111111111112
0 0.729 0.8008888888888889 0.009 0.02666666666666667
0 0.57575 0.9893333333333333 0.00475 0.021333333333333333
0 0.5555 0.9391111111111111 0.00575 0.030222222222222223
0 0.67625 0.8137777777777778 0.005 0.025333333333333333
0 0.783 0.8937777777777778 0.0075 0.028444444444444446
0 0.80375 0.9675555555555555 0.00775 0.028444444444444446
0 0.84575 0.9106666666666666 0.00675 0.026222222222222223
0 0.8395 0.9142222222222223 0.00675 0.022222222222222223
0 0.8185 0.9022222222222223 0.009 0.018222222222222223
0 0.74925 0.6911111111111111 0.00575 0.024
0 0.73525 0.7306666666666667 0.016 0.012888888888888889
0 0.77825 0.7457777777777778 0.009 0.021333333333333333
0 0.97975 0.8604444444444445 0.0095 0.024
0 0.98775 0.8124444444444444 0.01125 0.018222222222222223
0 0.995 0.9066666666666666 0.00975 0.012888888888888889
0 0.768 0.43244444444444446 0.00625 0.030222222222222223
0 0.6595 0.48977777777777776 0.00975 0.024
0 0.6325 0.4088888888888889 0.0075 0.02711111111111111
0 0.54825 0.5515555555555556 0.0125 0.025333333333333333
0 0.50525 0.4 0.0085 0.012888888888888889
0 0.61625 0.39111111111111113 0.007 0.025333333333333333
0 0.6235 0.38755555555555554 0.00675 0.02
0 0.675 0.3582222222222222 0.00575 0.024
0 0.84 0.44355555555555554 0.0075 0.020444444444444446
0 0.99625 0.42 0.0075 0.017333333333333333
0 0.985 0.6244444444444445 0.00575 0.024
0 0.90025 0.25466666666666665 0.0075 0.035555555555555556
0 0.94775 0.21022222222222223 0.011 0.02
0 0.95725 0.052444444444444446 0.00825 0.029333333333333333
0 0.81375 0.104 0.00575 0.027555555555555555
0 0.80475 0.09955555555555555 0.005 0.016
0 0.798 0.108 0.007 0.026222222222222223
0 0.7885 0.108 0.00675 0.026222222222222223
0 0.606 0.09422222222222222 0.005 0.030222222222222223
0 0.6 0.0951111111111111 0.0075 0.024
0 0.59475 0.016888888888888887 0.0085 0.029333333333333333
0 0.52575 0.2982222222222222 0.0075 0.021333333333333333
0 0.4865 0.8235555555555556 0.007 0.027555555555555555
0 0.23575 0.9311111111111111 0.00775 0.03333333333333333
0 0.004 0.9675555555555555 0.007 0.022222222222222223
0 0.0025 0.9884444444444445 0.00475 0.02
0 0.39075 0.5266666666666666 0.0055 0.024444444444444446
0 0.3465 0.6115555555555555 0.01175 0.012
0 0.3355 0.6013333333333334 0.00725 0.024444444444444446
0 0.34425 0.6 0.00875 0.010666666666666666
0 0.35375 0.5991111111111111 0.008 0.013777777777777778
0 0.286 0.5702222222222222 0.00725 0.014666666666666666
0 0.3825 0.5555555555555556 0.014 0.013777777777777778
0 0.29625 0.4742222222222222 0.0085 0.02666666666666667
0 0.28475 0.46444444444444444 0.0085 0.024444444444444446
0 0.25675 0.45022222222222225 0.01275 0.012888888888888889
0 0.23925 0.4262222222222222 0.00725 0.023555555555555555
0 0.24675 0.4111111111111111 0.0055 0.02266666666666667
0 0.2565 0.41155555555555556 0.00725 0.025333333333333333
0 0.48275 0.43733333333333335 0.006 0.030222222222222223
0 0.4815 0.5453333333333333 0.0055 0.021333333333333333
0 0.39025 0.37955555555555553 0.00725 0.03333333333333333
0 0.38225 0.36844444444444446 0.00675 0.03155555555555556
0 0.4245 0.26266666666666666 0.008 0.030222222222222223
0 0.0315 0.2937777777777778 0.008 0.024444444444444446
0 0.0365 0.2791111111111111 0.00875 0.02266666666666667
0 0.02125 0.1968888888888889 0.01575 0.016444444444444446
0 0.0485 0.37955555555555553 0.0075 0.023555555555555555
0 0.28825 0.011555555555555555 0.0085 0.02266666666666667
0 0.436 0.019555555555555555 0.00675 0.029333333333333333
0 0.23475 0.07777777777777778 0.00725 0.023555555555555555
0 0.163 0.23022222222222222 0.00725 0.027555555555555555
0 0.13325 0.23466666666666666 0.0105 0.021777777777777778
0 0.0895 0.19155555555555556 0.0105 0.02666666666666667
0 0.0255 0.05511111111111111 0.0085 0.02666666666666667
0 0.193 0.15866666666666668 0.008 0.03111111111111111
0 0.34575 0.08 0.00675 0.019555555555555555
0 0.34375 0.0951111111111111 0.01 0.011555555555555555
0 0.2575 0.4693333333333333 0.01375 0.015555555555555555
0 0.5115 0.6906666666666667 0.00825 0.036444444444444446
0 0.3675 0.6093333333333333 0.01475 0.020888888888888887
0 0.8205 0.588 0.00825 0.022222222222222223
0 0.86175 0.6146666666666667 0.00775 0.024444444444444446
0 0.8705 0.5488888888888889 0.00725 0.02711111111111111
0 0.875 0.9146666666666666 0.01075 0.016
0 0.2255 0.6551111111111111 0.0065 0.025333333333333333
0 0.2375 0.6248888888888889 0.0075 0.026222222222222223
0 0.072 0.6684444444444444 0.00675 0.027555555555555555
0 0.24575 0.47555555555555556 0.00725 0.024