0 0.6435 0.8208888888888889 0.01425 0.019555555555555555
0 0.61575 0.808 0.013 0.024
0 0.639 0.7097777777777777 0.011 0.014666666666666666
0 0.631 0.7244444444444444 0.00825 0.018666666666666668
0 0.6215 0.7404444444444445 0.01075 0.02311111111111111
0 0.5995 0.7706666666666667 0.01375 0.016444444444444446
0 0.6155 0.6613333333333333 0.0115 0.018222222222222223
0 0.617 0.6906666666666667 0.00725 0.021777777777777778
0 0.611 0.684 0.01125 0.013333333333333334
0 0.6045 0.6928888888888889 0.00925 0.024444444444444446
0 0.588 0.708 0.01575 0.01911111111111111
0 0.57425 0.6822222222222222 0.00975 0.019555555555555555
0 0.64275 0.6644444444444444 0.0125 0.028888888888888888
0 0.68025 0.6862222222222222 0.011 0.03111111111111111
0 0.66125 0.708 0.00875 0.028888888888888888
0 0.753 0.968 0.01325 0.015111111111111112
0 0.74575 0.9555555555555556 0.012 0.02266666666666667
0 0.7205 0.9471111111111111 0.0095 0.024888888888888887
0 0.701 0.9711111111111111 0.0055 0.028
0 0.7075 0.9884444444444445 0.007 0.014666666666666666
0 0.68925 0.992 0.0055 0.016
0 0.67 0.9942222222222222 0.0075 0.011555555555555555
0 0.65325 0.9853333333333333 0.01025 0.020888888888888887
0 0.6445 0.9782222222222222 0.01325 0.018666666666666668
0 0.649 0.928 0.0055 0.023555555555555555
0 0.63675 0.9435555555555556 0.00825 0.021777777777777778
0 0.63425 0.9635555555555556 0.01225 0.010666666666666666
0 0.63 0.96 0.01 0.018222222222222223
0 0.6675 0.9284444444444444 0.00975 0.03155555555555556
0 0.70225 0.9271111111111111 0.011 0.024
0 0.8 0.8724444444444445 0.01475 0.019555555555555555
0 0.7765 0.892 0.00925 0.025333333333333333
0 0.768 0.8986666666666666 0.011 0.025333333333333333
0 0.76 0.8746666666666667 0.01225 0.025333333333333333
0 0.73825 0.8893333333333333 0.01275 0.013333333333333334
0 0.7415 0.86 0.013 0.013777777777777778
0 0.77725 0.824 0.01525 0.020888888888888887
0 0.80525 0.8235555555555556 0.01125 0.028888888888888888
0 0.82 0.8355555555555556 0.009 0.02311111111111111
0 0.831 0.8066666666666666 0.015 0.011111111111111112
0 0.821 0.7631111111111111 0.009 0.024888888888888887
0 0.80725 0.7222222222222222 0.0105 0.020888888888888887
0 0.78975 0.7 0.01525 0.030222222222222223
0 0.70375 0.8995555555555556 0.01225 0.014666666666666666
0 0.7255 0.8644444444444445 0.0085 0.028444444444444446
0 0.742 0.836 0.01275 0.016444444444444446
0 0.68975 0.8751111111111111 0.007 0.021777777777777778
0 0.6805 0.8853333333333333 0.01 0.021333333333333333
0 0.70175 0.8315555555555556 0.0125 0.013777777777777778
0 0.704 0.8506666666666667 0.0075 0.024
0 0.70525 0.8577777777777778 0.011 0.020888888888888887
0 0.698 0.8528888888888889 0.00675 0.023555555555555555
0 0.69225 0.8506666666666667 0.00775 0.020888888888888887
0 0.68675 0.8502222222222222 0.00875 0.01911111111111111
0 0.68525 0.8617777777777778 0.01025 0.012444444444444444
0 0.68025 0.8542222222222222 0.00775 0.020444444444444446
0 0.64425 0.8346666666666667 0.01025 0.016
0 0.6375 0.8684444444444445 0.01125 0.021777777777777778
0 0.623 0.9248888888888889 0.0045 0.024
0 0.61725 0.9191111111111111 0.0105 0.012444444444444444
0 0.8805 0.7515555555555555 0.0085 0.024
0 0.85225 0.744 0.008 0.024888888888888887
0 0.883 0.668 0.01275 0.018222222222222223
0 0.86725 0.6697777777777778 0.00625 0.018666666666666668
0 0.858 0.6684444444444444 0.01325 0.011111111111111112
0 0.86125 0.6795555555555556 0.0145 0.012444444444444444
0 0.86025 0.6857777777777778 0.01375 0.012888888888888889
0 0.857 0.7088888888888889 0.00725 0.016444444444444446
0 0.82075 0.66 0.008 0.021333333333333333
0 0.82 0.6724444444444444 0.011 0.013777777777777778
0 0.85625 0.6302222222222222 0.009 0.024
0 0.85325 0.6568888888888889 0.0095 0.015111111111111112
0 0.80775 0.6506666666666666 0.00775 0.020888888888888887
0 0.80825 0.6622222222222223 0.0095 0.014222222222222223
0 0.77575 0.7417777777777778 0.01025 0.012444444444444444
0 0.76775 0.7306666666666667 0.008 0.024888888888888887
0 0.756 0.7448888888888889 0.01175 0.019555555555555555
0 0.75125 0.7844444444444445 0.00775 0.018222222222222223
0 0.73775 0.7995555555555556 0.00625 0.012888888888888889
0 0.73125 0.7875555555555556 0.0065 0.020888888888888887
0 0.7295 0.7982222222222223 0.0095 0.018666666666666668
0 0.725 0.7924444444444444 0.0055 0.017333333333333333
0 0.7205 0.7884444444444444 0.007 0.022222222222222223
0 0.71025 0.7586666666666667 0.00975 0.02666666666666667
0 0.73975 0.7537777777777778 0.0105 0.021333333333333333
0 0.73325 0.7177777777777777 0.01425 0.013777777777777778
0 0.73525 0.7271111111111112 0.00875 0.011111111111111112
0 0.7225 0.7146666666666667 0.0095 0.018666666666666668
0 0.7155 0.7128888888888889 0.00975 0.018222222222222223
0 0.7005 0.7871111111111111 0.0105 0.012888888888888889
0 0.6935 0.784 0.00775 0.018222222222222223
0 0.7815 0.6417777777777778 0.01075 0.02
0 0.7705 0.6502222222222223 0.00775 0.024
0 0.7665 0.6688888888888889 0.01375 0.016888888888888887
0 0.757 0.6902222222222222 0.00725 0.024888888888888887
0 0.793 0.5813333333333334 0.0085 0.024888888888888887
0 0.78825 0.6017777777777777 0.007 0.024444444444444446
0 0.77575 0.6235555555555555 0.0135 0.017333333333333333
0 0.783 0.5848888888888889 0.01075 0.021777777777777778
0 0.811 0.584 0.007 0.024888888888888887
0 0.82475 0.6026666666666667 0.01125 0.017777777777777778
0 0.81325 0.6111111111111112 0.01025 0.021777777777777778
0 0.841 0.6328888888888888 0.01475 0.015555555555555555
0 0.86875 0.6368888888888888 0.012 0.017333333333333333
0 0.86425 0.584 0.0135 0.017333333333333333
0 0.87875 0.5751111111111111 0.00975 0.026222222222222223
0 0.86425 0.5982222222222222 0.00625 0.021777777777777778
0 0.8565 0.5924444444444444 0.00825 0.021777777777777778
0 0.846 0.596 0.0115 0.021333333333333333
0 0.82925 0.5626666666666666 0.0125 0.022222222222222223
0 0.745 0.5826666666666667 0.00975 0.012888888888888889
0 0.733 0.608 0.00825 0.024888888888888887
0 0.725 0.6662222222222223 0.006 0.02266666666666667
0 0.7205 0.6702222222222223 0.00775 0.017333333333333333
0 0.713 0.6493333333333333 0.01 0.015555555555555555
0 0.71425 0.6711111111111111 0.009 0.017777777777777778
0 0.70125 0.6573333333333333 0.00875 0.029333333333333333
0 0.6765 0.748 0.0115 0.017333333333333333
0 0.66525 0.74 0.00825 0.020444444444444446
0 0.65775 0.7311111111111112 0.01025 0.016888888888888887
0 0.6415 0.7257777777777777 0.00825 0.018666666666666668
0 0.62275 0.6951111111111111 0.00425 0.012888888888888889
0 0.58225 0.7293333333333333 0.0115 0.012444444444444444
0 0.573 0.728 0.009 0.022222222222222223
0 0.572 0.7533333333333333 0.0125 0.024444444444444446
0 0.55875 0.7226666666666667 0.0125 0.020888888888888887
0 0.566 0.664 0.00925 0.021777777777777778
0 0.56825 0.6795555555555556 0.01125 0.016444444444444446
0 0.55675 0.7026666666666667 0.008 0.020444444444444446
0 0.54975 0.6933333333333334 0.01225 0.018222222222222223
0 0.53525 0.688 0.0095 0.020888888888888887
0 0.5385 0.7186666666666667 0.00925 0.022222222222222223
0 0.55125 0.776 0.006 0.026222222222222223
0 0.5525 0.7991111111111111 0.009 0.025777777777777778
0 0.5545 0.8137777777777778 0.006 0.018222222222222223
0 0.5485 0.8297777777777777 0.0065 0.026222222222222223
0 0.5385 0.8315555555555556 0.01425 0.019555555555555555
0 0.575 0.8302222222222222 0.01425 0.018222222222222223
0 0.58925 0.8622222222222222 0.0105 0.030666666666666665
0 0.58025 0.8484444444444444 0.01325 0.012444444444444444
0 0.59625 0.8768888888888889 0.01725 0.020888888888888887
0 0.5685 0.9026666666666666 0.01475 0.016444444444444446
0 0.553 0.9262222222222222 0.0105 0.019555555555555555
0 0.538 0.9204444444444444 0.01325 0.02
0 0.5505 0.8742222222222222 0.01325 0.018222222222222223
0 0.519 0.9062222222222223 0.01475 0.016444444444444446
0 0.50475 0.9057777777777778 0.01125 0.022222222222222223
0 0.52275 0.8773333333333333 0.0065 0.017333333333333333
0 0.52175 0.8831111111111111 0.009 0.015555555555555555
0 0.52025 0.8897777777777778 0.011 0.011111111111111112
0 0.496 0.928 0.00725 0.017777777777777778
0 0.506 0.9453333333333334 0.01 0.016888888888888887
0 0.519 0.9475555555555556 0.0065 0.017333333333333333
0 0.51925 0.9795555555555555 0.0155 0.014222222222222223
0 0.504 0.9711111111111111 0.008 0.024444444444444446
0 0.5485 0.9888888888888889 0.01475 0.012444444444444444
0 0.49375 0.9622222222222222 0.00875 0.024888888888888887
0 0.47925 0.9613333333333334 0.00825 0.025333333333333333
0 0.4725 0.9777777777777777 0.0055 0.02
0 0.47875 0.9897777777777778 0.01125 0.016444444444444446
0 0.45725 0.9764444444444444 0.01275 0.017777777777777778
0 0.443 0.9657777777777777 0.012 0.013333333333333334
0 0.432 0.968 0.0105 0.016888888888888887
0 0.43925 0.9506666666666667 0.00775 0.021333333333333333
0 0.45425 0.9293333333333333 0.01225 0.012888888888888889
0 0.47825 0.8866666666666667 0.012 0.016888888888888887
0 0.5085 0.8688888888888889 0.0105 0.01911111111111111
0 0.4905 0.8582222222222222 0.0125 0.012
0 0.50775 0.8355555555555556 0.00925 0.021777777777777778
0 0.51825 0.8333333333333334 0.01025 0.018666666666666668
0 0.4995 0.8213333333333334 0.00825 0.024
0 0.49175 0.8066666666666666 0.012 0.017777777777777778
0 0.4745 0.8271111111111111 0.00775 0.021777777777777778
0 0.46675 0.8302222222222222 0.00925 0.020444444444444446
0 0.4765 0.8542222222222222 0.01075 0.020444444444444446
0 0.47525 0.8653333333333333 0.014 0.011555555555555555
0 0.46975 0.8595555555555555 0.00675 0.021777777777777778
0 0.46125 0.8484444444444444 0.0105 0.013777777777777778
0 0.462 0.8546666666666667 0.012 0.017333333333333333
0 0.45425 0.8444444444444444 0.01025 0.018222222222222223
0 0.447 0.8671111111111112 0.0105 0.016
0 0.44075 0.8684444444444445 0.00675 0.018222222222222223
0 0.43125 0.8631111111111112 0.0075 0.02
0 0.4505 0.9031111111111111 0.01 0.012
0 0.443 0.9 0.0115 0.012888888888888889
0 0.43575 0.8964444444444445 0.00825 0.012888888888888889
0 0.41725 0.8853333333333333 0.011 0.016
0 0.40875 0.8933333333333333 0.011 0.009777777777777778
0 0.4 0.8328888888888889 0.00825 0.024888888888888887
0 0.3985 0.8471111111111111 0.01275 0.010666666666666666
0 0.40025 0.8586666666666667 0.01 0.016888888888888887
0 0.4035 0.8155555555555556 0.00925 0.024
0 0.42075 0.8217777777777778 0.012 0.020444444444444446
0 0.431 0.7995555555555556 0.006 0.019555555555555555
0 0.4155 0.7968888888888889 0.012 0.016888888888888887
0 0.40325 0.7897777777777778 0.0095 0.018666666666666668
0 0.42475 0.7826666666666666 0.0105 0.013333333333333334
0 0.45075 0.7808888888888889 0.0065 0.017333333333333333
0 0.4465 0.792 0.01275 0.011111111111111112
0 0.43775 0.7773333333333333 0.00825 0.017333333333333333
0 0.445 0.7648888888888888 0.01325 0.009333333333333334
0 0.43025 0.7551111111111111 0.012 0.013777777777777778
0 0.4315 0.736 0.01725 0.013333333333333334
0 0.437 0.7164444444444444 0.0125 0.016888888888888887
0 0.44625 0.7217777777777777 0.006 0.016444444444444446
0 0.4545 0.7275555555555555 0.00725 0.023555555555555555
0 0.46325 0.7693333333333333 0.0065 0.020444444444444446
0 0.4785 0.7528888888888889 0.011 0.013777777777777778
0 0.48425 0.772 0.01 0.018666666666666668
0 0.467 0.7844444444444445 0.00675 0.012444444444444444
0 0.50775 0.7635555555555555 0.00875 0.010666666666666666
0 0.51 0.7733333333333333 0.009 0.008888888888888889
0 0.507 0.7822222222222223 0.00875 0.012444444444444444
0 0.494 0.7648888888888888 0.00875 0.012
0 0.504 0.7551111111111111 0.00925 0.016444444444444446
0 0.48725 0.7271111111111112 0.0065 0.021333333333333333
0 0.49525 0.7284444444444444 0.0115 0.012444444444444444
0 0.50075 0.7208888888888889 0.00775 0.013333333333333334
0 0.509 0.7088888888888889 0.00875 0.018666666666666668
0 0.508 0.724 0.011 0.013777777777777778
0 0.52275 0.7195555555555555 0.0075 0.018222222222222223
0 0.51475 0.7008888888888889 0.01075 0.017333333333333333
0 0.51425 0.6688888888888889 0.00775 0.019555555555555555
0 0.49025 0.664 0.0115 0.014666666666666666
0 0.457 0.6915555555555556 0.0145 0.012888888888888889
0 0.45625 0.7044444444444444 0.01275 0.011555555555555555
0 0.461 0.6973333333333334 0.01125 0.013333333333333334
0 0.461 0.6795555555555556 0.012 0.013333333333333334
0 0.4465 0.6688888888888889 0.0155 0.014666666666666666
0 0.4235 0.6791111111111111 0.012 0.016888888888888887
0 0.4185 0.6715555555555556 0.012 0.008888888888888889
0 0.42275 0.6617777777777778 0.0095 0.015111111111111112
0 0.43175 0.6617777777777778 0.01 0.009777777777777778
0 0.44125 0.6488888888888888 0.00825 0.021333333333333333
0 0.4295 0.6364444444444445 0.0145 0.013777777777777778
0 0.4015 0.6951111111111111 0.00875 0.021333333333333333
0 0.39775 0.7075555555555556 0.01375 0.013333333333333334
0 0.39375 0.6706666666666666 0.0075 0.024
0 0.39275 0.8968888888888888 0.00925 0.024
0 0.90425 0.6311111111111111 0.00825 0.019555555555555555
0 0.91925 0.6253333333333333 0.00775 0.016444444444444446
0 0.91025 0.6133333333333333 0.00775 0.024
0 0.913 0.5871111111111111 0.015 0.017333333333333333
0 0.8995 0.54 0.00825 0.025333333333333333
0 0.9105 0.5311111111111111 0.0125 0.013777777777777778
0 0.866 0.4875555555555556 0.0105 0.02
0 0.87825 0.4711111111111111 0.01275 0.024444444444444446
0 0.847 0.4822222222222222 0.00925 0.018666666666666668
0 0.8755 0.4431111111111111 0.01325 0.011555555555555555
0 0.874 0.45022222222222225 0.012 0.012444444444444444
0 0.84 0.4368888888888889 0.01375 0.011555555555555555
0 0.8325 0.436 0.011 0.014666666666666666
0 0.89625 0.44044444444444447 0.00925 0.019555555555555555
0 0.91925 0.46266666666666667 0.00625 0.025333333333333333
0 0.91975 0.49422222222222223 0.0135 0.012
0 0.91725 0.5008888888888889 0.007 0.014666666666666666
0 0.96175 0.5511111111111111 0.00825 0.016444444444444446
0 0.97925 0.5093333333333333 0.006 0.020444444444444446
0 0.96925 0.49644444444444447 0.011 0.017777777777777778
0 0.98175 0.4791111111111111 0.0055 0.022222222222222223
0 0.94525 0.5417777777777778 0.0095 0.020444444444444446
0 0.941 0.5333333333333333 0.00925 0.016
0 0.9545 0.5084444444444445 0.0125 0.017333333333333333
0 0.9445 0.5035555555555555 0.01 0.017333333333333333
0 0.941 0.4662222222222222 0.0125 0.012888888888888889
0 0.939 0.4457777777777778 0.0085 0.024444444444444446
0 0.85825 0.41688888888888886 0.00875 0.02666666666666667
0 0.845 0.40444444444444444 0.0075 0.020444444444444446
0 0.87125 0.41155555555555556 0.01 0.013333333333333334
0 0.84425 0.38622222222222224 0.0125 0.015111111111111112
0 0.8385 0.38 0.00775 0.02666666666666667
0 0.91425 0.37555555555555553 0.0155 0.016444444444444446
0 0.9385 0.36977777777777776 0.00775 0.012
0 0.977 0.4142222222222222 0.01475 0.018222222222222223
0 0.99575 0.368 0.00825 0.013777777777777778
0 0.973 0.37333333333333335 0.0085 0.008444444444444444
0 0.9775 0.356 0.01175 0.023555555555555555
0 0.955 0.3391111111111111 0.0145 0.020888888888888887
0 0.9505 0.3151111111111111 0.016 0.016888888888888887
0 0.91375 0.332 0.00825 0.021777777777777778
0 0.9035 0.30933333333333335 0.0075 0.02266666666666667
0 0.8825 0.32133333333333336 0.012 0.016
0 0.88175 0.33155555555555555 0.01375 0.013777777777777778
0 0.8785 0.3168888888888889 0.01325 0.012444444444444444
0 0.8665 0.32622222222222225 0.0145 0.011111111111111112
0 0.86675 0.3075555555555556 0.01325 0.018222222222222223
0 0.84825 0.28933333333333333 0.0145 0.012444444444444444
0 0.87325 0.28 0.01025 0.015555555555555555
0 0.90525 0.26711111111111113 0.01125 0.015111111111111112
0 0.884 0.24444444444444444 0.0125 0.018222222222222223
0 0.91825 0.2617777777777778 0.0125 0.015111111111111112
0 0.93075 0.25866666666666666 0.0105 0.013333333333333334
0 0.9525 0.248 0.0165 0.013333333333333334
0 0.842 0.2391111111111111 0.01375 0.017777777777777778
0 0.8375 0.2111111111111111 0.0135 0.013777777777777778
0 0.8405 0.19733333333333333 0.01325 0.015555555555555555
0 0.877 0.18533333333333332 0.01225 0.012444444444444444
0 0.8385 0.1671111111111111 0.01425 0.020444444444444446
0 0.8565 0.13955555555555554 0.012 0.01911111111111111
0 0.84975 0.13866666666666666 0.0095 0.010666666666666666
0 0.882 0.14222222222222222 0.0055 0.021777777777777778
0 0.8865 0.1497777777777778 0.01 0.014222222222222223
0 0.89575 0.14666666666666667 0.007 0.024444444444444446
0 0.90375 0.15066666666666667 0.00725 0.018666666666666668
0 0.9045 0.21644444444444444 0.01575 0.013333333333333334
0 0.9505 0.18711111111111112 0.00975 0.027555555555555555
0 0.88775 0.18266666666666667 0.00625 0.014666666666666666
0 0.972 0.19066666666666668 0.0125 0.015555555555555555
0 0.972 0.22533333333333333 0.01275 0.016
0 0.9925 0.24488888888888888 0.009 0.021777777777777778
0 0.968 0.14888888888888888 0.01125 0.010666666666666666
0 0.95775 0.13733333333333334 0.0105 0.009777777777777778
0 0.9655 0.12222222222222222 0.0075 0.016888888888888887
0 0.961 0.11911111111111111 0.00875 0.013777777777777778
0 0.9805 0.09955555555555555 0.0115 0.020444444444444446
0 0.99275 0.11288888888888889 0.00625 0.021777777777777778
0 0.92525 0.09733333333333333 0.007 0.021333333333333333
0 0.93025 0.08755555555555555 0.0135 0.012444444444444444
0 0.88025 0.11955555555555555 0.014 0.011555555555555555
0 0.8755 0.10844444444444444 0.0095 0.016888888888888887
0 0.85725 0.10044444444444445 0.014 0.011111111111111112
0 0.84525 0.09111111111111111 0.00925 0.014666666666666666
0 0.992 0.06444444444444444 0.0095 0.014666666666666666
0 0.98375 0.06088888888888889 0.012 0.012
0 0.9865 0.07155555555555555 0.0055 0.017333333333333333
0 0.99425 0.008444444444444444 0.01025 0.013777777777777778
0 0.969 0.019555555555555555 0.011 0.019555555555555555
0 0.94625 0.0035555555555555557 0.00875 0.0071111111111111115
0 0.9605 0.072 0.0115 0.009333333333333334
0 0.9545 0.06444444444444444 0.01125 0.012444444444444444
0 0.94425 0.06177777777777778 0.01025 0.012
0 0.93725 0.05733333333333333 0.0065 0.015555555555555555
0 0.8955 0.044444444444444446 0.01025 0.016
0 0.88325 0.02311111111111111 0.00775 0.024444444444444446
0 0.8645 0.06088888888888889 0.009 0.023555555555555555
0 0.82875 0.04888888888888889 0.013 0.017333333333333333
0 0.84475 0.0044444444444444444 0.015 0.008888888888888889
0 0.82125 0.5315555555555556 0.01225 0.018666666666666668
0 0.78375 0.5542222222222222 0.01075 0.017333333333333333
0 0.7445 0.568 0.012 0.014666666666666666
0 0.75325 0.5528888888888889 0.011 0.016
0 0.75875 0.5364444444444444 0.0085 0.012888888888888889
0 0.753 0.5115555555555555 0.017 0.013777777777777778
0 0.699 0.6013333333333334 0.00975 0.025333333333333333
0 0.7085 0.5617777777777778 0.00975 0.017333333333333333
0 0.6895 0.5475555555555556 0.0135 0.013777777777777778
0 0.70875 0.5262222222222223 0.01275 0.02
0 0.79275 0.4711111111111111 0.0075 0.024444444444444446
0 0.775 0.4484444444444444 0.01125 0.02266666666666667
0 0.759 0.4128888888888889 0.00825 0.020444444444444446
0 0.759 0.43022222222222223 0.009 0.013333333333333334
0 0.744 0.44044444444444447 0.0075 0.02666666666666667
0 0.729 0.4484444444444444 0.005 0.026222222222222223
0 0.72125 0.45555555555555555 0.01275 0.013333333333333334
0 0.6905 0.4408888888888889 0.00775 0.021777777777777778
0 0.71375 0.4191111111111111 0.00775 0.017333333333333333
0 0.6945 0.4057777777777778 0.0075 0.020444444444444446
0 0.70875 0.4031111111111111 0.00875 0.02311111111111111
0 0.783 0.41688888888888886 0.00925 0.015555555555555555
0 0.77825 0.4048888888888889 0.0065 0.021777777777777778
0 0.7665 0.4 0.01225 0.010666666666666666
0 0.73475 0.3884444444444444 0.01125 0.016444444444444446
0 0.7895 0.3688888888888889 0.01225 0.014222222222222223
0 0.789 0.38266666666666665 0.01025 0.013333333333333334
0 0.69075 0.38133333333333336 0.0135 0.012
0 0.69925 0.36533333333333334 0.0145 0.013333333333333334
0 0.718 0.34444444444444444 0.01075 0.009777777777777778
0 0.71375 0.3511111111111111 0.007 0.020444444444444446
0 0.712 0.36177777777777775 0.01225 0.015555555555555555
0 0.7275 0.34044444444444444 0.0135 0.02
0 0.75525 0.35688888888888887 0.00925 0.020888888888888887
0 0.792 0.34 0.01425 0.012444444444444444
0 0.80475 0.32755555555555554 0.0115 0.016444444444444446
0 0.789 0.3035555555555556 0.012 0.012444444444444444
0 0.771 0.31466666666666665 0.0145 0.011555555555555555
0 0.77775 0.29555555555555557 0.007 0.020444444444444446
0 0.77275 0.276 0.0105 0.017777777777777778
0 0.79275 0.28755555555555556 0.01275 0.010222222222222223
0 0.81875 0.2897777777777778 0.011 0.011111111111111112
0 0.82525 0.27466666666666667 0.007 0.017777777777777778
0 0.821 0.2568888888888889 0.0135 0.018222222222222223
0 0.806 0.2431111111111111 0.0155 0.011111111111111112
0 0.823 0.23066666666666666 0.00775 0.020888888888888887
0 0.78025 0.24133333333333334 0.01325 0.015555555555555555
0 0.7725 0.22133333333333333 0.01675 0.013333333333333334
0 0.76025 0.27644444444444444 0.009 0.013777777777777778
0 0.803 0.2848888888888889 0.011 0.016444444444444446
0 0.73775 0.27155555555555555 0.01525 0.014666666666666666
0 0.72725 0.29244444444444445 0.01375 0.013333333333333334
0 0.71 0.30266666666666664 0.01025 0.018222222222222223
0 0.70075 0.2906666666666667 0.00875 0.02666666666666667
0 0.68725 0.29155555555555557 0.0125 0.018666666666666668
0 0.68475 0.2813333333333333 0.00775 0.021333333333333333
0 0.7155 0.2817777777777778 0.0105 0.012444444444444444
0 0.67875 0.2617777777777778 0.012 0.012444444444444444
0 0.67625 0.2408888888888889 0.00725 0.02666666666666667
0 0.682 0.23155555555555554 0.00975 0.018222222222222223
0 0.674 0.21555555555555556 0.01 0.016444444444444446
0 0.6725 0.19822222222222222 0.013 0.017777777777777778
0 0.70025 0.2311111111111111 0.01475 0.012444444444444444
0 0.7895 0.1671111111111111 0.01275 0.011555555555555555
0 0.79025 0.17777777777777778 0.013 0.012888888888888889
0 0.807 0.1471111111111111 0.01025 0.018666666666666668
0 0.8025 0.13777777777777778 0.00525 0.020888888888888887
0 0.7965 0.14444444444444443 0.0075 0.016444444444444446
0 0.78875 0.13377777777777777 0.006 0.017777777777777778
0 0.759 0.13866666666666666 0.007 0.019555555555555555
0 0.7315 0.16177777777777777 0.013 0.014666666666666666
0 0.7245 0.13733333333333334 0.00825 0.021333333333333333
0 0.73575 0.11777777777777777 0.0155 0.013333333333333334
0 0.74025 0.124 0.01325 0.010666666666666666
0 0.73925 0.10444444444444445 0.00975 0.012444444444444444
0 0.684 0.156 0.011 0.012444444444444444
0 0.67375 0.1328888888888889 0.00775 0.020444444444444446
0 0.7965 0.11955555555555555 0.007 0.02
0 0.79025 0.11377777777777778 0.01 0.019555555555555555
0 0.80675 0.10577777777777778 0.0115 0.013333333333333334
0 0.78775 0.08177777777777778 0.008 0.020444444444444446
0 0.814 0.07155555555555555 0.0085 0.020444444444444446
0 0.801 0.05377777777777778 0.0145 0.011555555555555555
0 0.805 0.06311111111111112 0.01275 0.012444444444444444
0 0.76575 0.0768888888888889 0.0075 0.024444444444444446
0 0.75825 0.07777777777777778 0.00875 0.022222222222222223
0 0.75125 0.04577777777777778 0.0115 0.017333333333333333
0 0.74225 0.04888888888888889 0.0115 0.013333333333333334
0 0.77 0.016888888888888887 0.013 0.014666666666666666
0 0.762 0.007555555555555556 0.0065 0.015111111111111112
0 0.74 0.01911111111111111 0.0145 0.012444444444444444
0 0.71975 0.09022222222222222 0.01275 0.013777777777777778
0 0.7545 0.09555555555555556 0.0115 0.016444444444444446
0 0.761 0.09911111111111111 0.00975 0.015111111111111112
0 0.69925 0.10044444444444445 0.01275 0.017333333333333333
0 0.704 0.07777777777777778 0.0085 0.024888888888888887
0 0.69175 0.04088888888888889 0.0075 0.025777777777777778
0 0.6635 0.09333333333333334 0.0115 0.013777777777777778
0 0.66925 0.037333333333333336 0.0075 0.025777777777777778
0 0.67125 0.064 0.00875 0.016444444444444446
0 0.642 0.04533333333333334 0.009 0.020444444444444446
0 0.63775 0.03333333333333333 0.0155 0.014222222222222223
0 0.63925 0.018222222222222223 0.0135 0.016888888888888887
0 0.6105 0.008888888888888889 0.01375 0.013777777777777778
0 0.61975 0.08266666666666667 0.0085 0.017333333333333333
0 0.61325 0.08311111111111111 0.00925 0.023555555555555555
0 0.60825 0.1 0.00525 0.018666666666666668
0 0.60275 0.08488888888888889 0.01075 0.018222222222222223
0 0.60175 0.09644444444444444 0.0095 0.024
0 0.59025 0.104 0.0125 0.014222222222222223
0 0.577 0.10088888888888889 0.01275 0.013777777777777778
0 0.56375 0.09866666666666667 0.01225 0.014222222222222223
0 0.544 0.10711111111111112 0.0105 0.009777777777777778
0 0.5495 0.06577777777777778 0.0115 0.016444444444444446
0 0.565 0.059555555555555556 0.00975 0.018222222222222223
0 0.5585 0.04044444444444444 0.01425 0.012888888888888889
0 0.55 0.04 0.0075 0.021333333333333333
0 0.5495 0.008 0.01325 0.013333333333333334
0 0.53375 0.014666666666666666 0.01475 0.014222222222222223
0 0.65725 0.13422222222222221 0.006 0.021333333333333333
0 0.65375 0.15066666666666667 0.01375 0.012
0 0.67025 0.2728888888888889 0.01075 0.009777777777777778
0 0.656 0.192 0.0105 0.012444444444444444
0 0.65325 0.18133333333333335 0.0055 0.020888888888888887
0 0.629 0.1728888888888889 0.013 0.012444444444444444
0 0.624 0.18088888888888888 0.01325 0.008444444444444444
0 0.6115 0.15955555555555556 0.01375 0.013777777777777778
0 0.59725 0.1511111111111111 0.007 0.021777777777777778
0 0.638 0.21333333333333335 0.0065 0.01911111111111111
0 0.62825 0.25422222222222224 0.014 0.012444444444444444
0 0.60825 0.24044444444444443 0.01175 0.014666666666666666
0 0.6265 0.30622222222222223 0.013 0.015555555555555555
0 0.655 0.3191111111111111 0.01325 0.013777777777777778
0 0.67325 0.316 0.006 0.01911111111111111
0 0.66075 0.33555555555555555 0.00575 0.022222222222222223
0 0.6715 0.35644444444444445 0.006 0.012444444444444444
0 0.676 0.36533333333333334 0.006 0.021777777777777778
0 0.6635 0.4 0.0085 0.021333333333333333
0 0.67825 0.42133333333333334 0.0065 0.02311111111111111
0 0.6325 0.3768888888888889 0.01375 0.013777777777777778
0 0.6275 0.36 0.014 0.012888888888888889
0 0.624 0.3333333333333333 0.0085 0.017777777777777778
0 0.5995 0.31955555555555554 0.00775 0.02
0 0.58025 0.3506666666666667 0.014 0.014222222222222223
0 0.56925 0.35777777777777775 0.01425 0.010666666666666666
0 0.5635 0.37066666666666664 0.0055 0.020888888888888887
0 0.56725 0.34933333333333333 0.0075 0.014666666666666666
0 0.568 0.332 0.00725 0.018666666666666668
0 0.55625 0.328 0.0065 0.021777777777777778
0 0.54575 0.3257777777777778 0.01275 0.016444444444444446
0 0.5485 0.31777777777777777 0.01125 0.011555555555555555
0 0.53425 0.32622222222222225 0.0115 0.017333333333333333
0 0.5395 0.36933333333333335 0.0115 0.013333333333333334
0 0.58725 0.3893333333333333 0.0105 0.009777777777777778
0 0.58375 0.3942222222222222 0.01075 0.018666666666666668
0 0.5995 0.3928888888888889 0.0115 0.015111111111111112
0 0.58275 0.4088888888888889 0.0065 0.017333333333333333
0 0.606 0.41644444444444445 0.01675 0.013333333333333334
0 0.61425 0.4235555555555556 0.01275 0.016
0 0.65775 0.4315555555555556 0.01225 0.011555555555555555
0 0.65275 0.43377777777777776 0.00875 0.022222222222222223
0 0.641 0.4697777777777778 0.0105 0.020444444444444446
0 0.6675 0.4968888888888889 0.0115 0.020444444444444446
0 0.64775 0.5053333333333333 0.00875 0.024888888888888887
0 0.6215 0.4782222222222222 0.0145 0.014666666666666666
0 0.61025 0.4911111111111111 0.00925 0.014666666666666666
0 0.6025 0.45111111111111113 0.01325 0.013333333333333334
0 0.5775 0.4831111111111111 0.01 0.013777777777777778
0 0.57125 0.4777777777777778 0.01425 0.009777777777777778
0 0.562 0.484 0.007 0.02266666666666667
0 0.56225 0.4497777777777778 0.0085 0.025333333333333333
0 0.53925 0.47733333333333333 0.01125 0.017333333333333333
0 0.5515 0.5013333333333333 0.0085 0.021333333333333333
0 0.57025 0.48844444444444446 0.0105 0.013333333333333334
0 0.5685 0.4955555555555556 0.01225 0.010666666666666666
0 0.5455 0.4071111111111111 0.01125 0.020444444444444446
0 0.6615 0.5417777777777778 0.00825 0.014666666666666666
0 0.65675 0.5262222222222223 0.006 0.017333333333333333
0 0.64925 0.5435555555555556 0.012 0.018222222222222223
0 0.6405 0.5413333333333333 0.01275 0.015555555555555555
0 0.63425 0.5497777777777778 0.01125 0.020444444444444446
0 0.611 0.5377777777777778 0.01475 0.013333333333333334
0 0.61825 0.5222222222222223 0.012 0.011111111111111112
0 0.62175 0.5146666666666667 0.011 0.016444444444444446
0 0.67625 0.5862222222222222 0.01075 0.012444444444444444
0 0.65025 0.5831111111111111 0.0125 0.013333333333333334
0 0.66725 0.6124444444444445 0.011 0.012444444444444444
0 0.59525 0.5906666666666667 0.01175 0.009777777777777778
0 0.60325 0.5791111111111111 0.00675 0.020444444444444446
0 0.57 0.6026666666666667 0.006 0.03244444444444444
0 0.567 0.6257777777777778 0.0135 0.015555555555555555
0 0.5615 0.5782222222222222 0.0105 0.014666666666666666
0 0.56175 0.5528888888888889 0.01 0.012444444444444444
0 0.564 0.5586666666666666 0.01025 0.013777777777777778
0 0.55325 0.5484444444444444 0.012 0.013777777777777778
0 0.5505 0.5297777777777778 0.00975 0.019555555555555555
0 0.5445 0.5293333333333333 0.0075 0.022222222222222223
0 0.54475 0.5124444444444445 0.01075 0.016444444444444446
0 0.54775 0.464 0.00475 0.018666666666666668
0 0.5435 0.4613333333333333 0.00825 0.008888888888888889
0 0.52375 0.5284444444444445 0.00875 0.013777777777777778
0 0.55125 0.6324444444444445 0.007 0.027555555555555555
0 0.5455 0.6364444444444445 0.00775 0.021777777777777778
0 0.544 0.2995555555555556 0.00875 0.02266666666666667
0 0.5375 0.29777777777777775 0.01125 0.012
0 0.544 0.2702222222222222 0.00875 0.021777777777777778
0 0.538 0.2604444444444444 0.00975 0.012444444444444444
0 0.56475 0.2693333333333333 0.0145 0.010666666666666666
0 0.5735 0.25466666666666665 0.00625 0.024444444444444446
0 0.56375 0.24755555555555556 0.00825 0.020444444444444446
0 0.549 0.22088888888888888 0.01375 0.017333333333333333
0 0.543 0.1928888888888889 0.0115 0.019555555555555555
0 0.544 0.16977777777777778 0.01125 0.018666666666666668
0 0.55525 0.168 0.01125 0.012
0 0.563 0.16533333333333333 0.0125 0.012444444444444444
0 0.52575 0.132 0.01375 0.009777777777777778
0 0.5245 0.14444444444444443 0.00825 0.019555555555555555
0 0.51775 0.148 0.01 0.009333333333333334
0 0.51275 0.15777777777777777 0.012 0.013333333333333334
0 0.51575 0.17466666666666666 0.00825 0.021777777777777778
0 0.5235 0.11644444444444445 0.0075 0.01911111111111111
0 0.51825 0.10577777777777778 0.0105 0.013777777777777778
0 0.5075 0.09155555555555556 0.01425 0.012
0 0.50775 0.104 0.012 0.013777777777777778
0 0.504 0.064 0.0095 0.009777777777777778
0 0.4775 0.084 0.01525 0.012444444444444444
0 0.46575 0.10977777777777778 0.016 0.016444444444444446
0 0.49525 0.03155555555555556 0.01325 0.016444444444444446
0 0.484 0.03688888888888889 0.0105 0.018666666666666668
0 0.47375 0.04488888888888889 0.009 0.021333333333333333
0 0.46925 0.05511111111111111 0.01125 0.013777777777777778
0 0.45875 0.013777777777777778 0.007 0.021333333333333333
0 0.4555 0.027555555555555555 0.007 0.018666666666666668
0 0.4515 0.011111111111111112 0.0135 0.012888888888888889
0 0.51875 0.20533333333333334 0.01075 0.012888888888888889
0 0.5135 0.2391111111111111 0.011 0.018222222222222223
0 0.52025 0.24133333333333334 0.006 0.018222222222222223
0 0.5265 0.2648888888888889 0.01 0.017777777777777778
0 0.51775 0.29733333333333334 0.01275 0.010666666666666666
0 0.50625 0.27466666666666667 0.013 0.017777777777777778
0 0.5075 0.28755555555555556 0.006 0.020444444444444446
0 0.49225 0.2871111111111111 0.0065 0.020444444444444446
0 0.489 0.2742222222222222 0.00925 0.020444444444444446
0 0.49275 0.2591111111111111 0.00875 0.019555555555555555
0 0.52025 0.31333333333333335 0.011 0.013333333333333334
0 0.49825 0.31955555555555554 0.0125 0.013777777777777778
0 0.508 0.3804444444444444 0.01375 0.011555555555555555
0 0.52025 0.39022222222222225 0.012 0.013777777777777778
0 0.5105 0.4137777777777778 0.01475 0.010666666666666666
0 0.5125 0.44533333333333336 0.01425 0.018666666666666668
0 0.51175 0.4688888888888889 0.01225 0.014222222222222223
0 0.46825 0.4408888888888889 0.009 0.024444444444444446
0 0.49825 0.4057777777777778 0.0075 0.02
0 0.482 0.38622222222222224 0.014 0.018666666666666668
0 0.455 0.38222222222222224 0.0065 0.013777777777777778
0 0.45125 0.36844444444444446 0.00925 0.017777777777777778
0 0.46375 0.3008888888888889 0.00775 0.01911111111111111
0 0.4555 0.2911111111111111 0.01075 0.014222222222222223
0 0.4575 0.2995555555555556 0.00875 0.014666666666666666
0 0.46625 0.22355555555555556 0.0125 0.02266666666666667
0 0.45625 0.2008888888888889 0.01625 0.012444444444444444
0 0.46225 0.17822222222222223 0.01225 0.014222222222222223
0 0.41875 0.19111111111111112 0.01175 0.013777777777777778
0 0.40475 0.1817777777777778 0.0145 0.015555555555555555
0 0.43375 0.1671111111111111 0.01425 0.013333333333333334
0 0.4285 0.16 0.01175 0.015555555555555555
0 0.40825 0.1431111111111111 0.0065 0.024444444444444446
0 0.43675 0.12577777777777777 0.014 0.020888888888888887
0 0.44075 0.1391111111111111 0.0115 0.014666666666666666
0 0.44925 0.14622222222222223 0.014 0.011111111111111112
0 0.398 0.12577777777777777 0.01075 0.017777777777777778
0 0.38825 0.12933333333333333 0.0105 0.011555555555555555
0 0.38025 0.12533333333333332 0.015 0.010666666666666666
0 0.42725 0.084 0.01325 0.013333333333333334
0 0.40475 0.08 0.01275 0.016444444444444446
0 0.375 0.06666666666666667 0.0115 0.013333333333333334
0 0.384 0.056 0.01175 0.016888888888888887
0 0.388 0.030222222222222223 0.012 0.021333333333333333
0 0.41975 0.023555555555555555 0.0085 0.018666666666666668
0 0.41775 0.03911111111111111 0.014 0.011555555555555555
0 0.431 0.016444444444444446 0.0135 0.012444444444444444
0 0.40925 0.009333333333333334 0.00975 0.018222222222222223
0 0.35775 0.06266666666666666 0.0145 0.013333333333333334
0 0.362 0.050222222222222224 0.01375 0.018222222222222223
0 0.352 0.04533333333333334 0.00725 0.028444444444444446
0 0.34075 0.026222222222222223 0.0065 0.024888888888888887
0 0.33525 0.008888888888888889 0.006 0.017777777777777778
0 0.33025 0.019555555555555555 0.0045 0.016444444444444446
0 0.323 0.04622222222222222 0.00725 0.021333333333333333
0 0.35925 0.09911111111111111 0.0105 0.021777777777777778
0 0.366 0.14755555555555555 0.0065 0.021333333333333333
0 0.35725 0.12933333333333333 0.00525 0.021777777777777778
0 0.35275 0.1302222222222222 0.00525 0.020444444444444446
0 0.342 0.148 0.00925 0.020444444444444446
0 0.33825 0.16044444444444445 0.00675 0.01911111111111111
0 0.31975 0.17466666666666666 0.008 0.023555555555555555
0 0.34575 0.18977777777777777 0.009 0.017333333333333333
0 0.3645 0.18977777777777777 0.00925 0.021333333333333333
0 0.367 0.20444444444444446 0.01075 0.017333333333333333
0 0.353 0.20177777777777778 0.01475 0.014666666666666666
0 0.358 0.21866666666666668 0.00725 0.019555555555555555
0 0.33475 0.2111111111111111 0.0105 0.018666666666666668
0 0.34975 0.26 0.0145 0.015111111111111112
0 0.39125 0.22666666666666666 0.0105 0.021333333333333333
0 0.4315 0.22933333333333333 0.00975 0.017333333333333333
0 0.4515 0.24711111111111111 0.01175 0.015555555555555555
0 0.41725 0.23555555555555555 0.015 0.009777777777777778
0 0.4295 0.27111111111111114 0.011 0.016888888888888887
0 0.43375 0.2777777777777778 0.011 0.017777777777777778
0 0.4455 0.276 0.01 0.010666666666666666
0 0.446 0.2991111111111111 0.00675 0.019555555555555555
0 0.4135 0.31333333333333335 0.01025 0.021333333333333333
0 0.3975 0.30622222222222223 0.01425 0.015555555555555555
0 0.38725 0.31555555555555553 0.01 0.013777777777777778
0 0.37775 0.3168888888888889 0.00825 0.021333333333333333
0 0.372 0.3191111111111111 0.00975 0.011555555555555555
0 0.4385 0.33955555555555555 0.01075 0.021333333333333333
0 0.43175 0.3293333333333333 0.00875 0.01911111111111111
0 0.4095 0.344 0.00975 0.021777777777777778
0 0.395 0.3413333333333333 0.00975 0.024444444444444446
0 0.3925 0.3231111111111111 0.01325 0.010222222222222223
0 0.378 0.344 0.01425 0.012
0 0.406 0.3648888888888889 0.01375 0.015555555555555555
0 0.422 0.38755555555555554 0.0075 0.015555555555555555
0 0.3845 0.396 0.012 0.013777777777777778
0 0.4355 0.4177777777777778 0.0095 0.018222222222222223
0 0.42925 0.4151111111111111 0.0065 0.024444444444444446
0 0.42 0.42844444444444446 0.01425 0.012888888888888889
0 0.39925 0.4315555555555556 0.01275 0.015111111111111112
0 0.37425 0.42444444444444446 0.00875 0.023555555555555555
0 0.37475 0.3982222222222222 0.00725 0.021333333333333333
0 0.35225 0.41155555555555556 0.012 0.017777777777777778
0 0.35075 0.42533333333333334 0.01225 0.015111111111111112
0 0.35375 0.34044444444444444 0.00725 0.012444444444444444
0 0.361 0.32266666666666666 0.01375 0.014222222222222223
0 0.3485 0.33955555555555555 0.00975 0.023555555555555555
0 0.351 0.2982222222222222 0.0085 0.023555555555555555
0 0.33175 0.3248888888888889 0.01225 0.011555555555555555
0 0.3225 0.3022222222222222 0.013 0.013333333333333334
0 0.515 0.644 0.01125 0.015555555555555555
0 0.5055 0.6377777777777778 0.01325 0.014222222222222223
0 0.50375 0.6484444444444445 0.01475 0.011111111111111112
0 0.5085 0.6231111111111111 0.01525 0.017333333333333333
0 0.526 0.5915555555555555 0.01225 0.014666666666666666
0 0.5155 0.5928888888888889 0.006 0.013333333333333334
0 0.49775 0.6142222222222222 0.01175 0.014666666666666666
0 0.48225 0.6253333333333333 0.01375 0.009333333333333334
0 0.4975 0.576 0.00775 0.02266666666666667
0 0.47925 0.5893333333333334 0.01275 0.019555555555555555
0 0.4755 0.5884444444444444 0.01275 0.006666666666666667
0 0.456 0.5804444444444444 0.0085 0.02666666666666667
0 0.44625 0.5724444444444444 0.016 0.018666666666666668
0 0.4335 0.568 0.015 0.013333333333333334
0 0.43625 0.6048888888888889 0.0145 0.015111111111111112
0 0.4085 0.636 0.01625 0.011555555555555555
0 0.40975 0.6413333333333333 0.0115 0.011555555555555555
0 0.4015 0.6293333333333333 0.0145 0.015555555555555555
0 0.40325 0.6168888888888889 0.01375 0.009333333333333334
0 0.40025 0.6013333333333334 0.015 0.010666666666666666
0 0.39775 0.6106666666666667 0.0095 0.016444444444444446
0 0.40425 0.5871111111111111 0.01425 0.011555555555555555
0 0.40425 0.5724444444444444 0.01225 0.013333333333333334
0 0.411 0.5511111111111111 0.01025 0.021777777777777778
0 0.39625 0.5413333333333333 0.01 0.028
0 0.4865 0.5453333333333333 0.0105 0.018222222222222223
0 0.5035 0.5155555555555555 0.01425 0.011555555555555555
0 0.503 0.5244444444444445 0.01275 0.013333333333333334
0 0.5185 0.508 0.0155 0.010666666666666666
0 0.48275 0.5128888888888888 0.00925 0.019555555555555555
0 0.475 0.5004444444444445 0.0145 0.011555555555555555
0 0.46525 0.508 0.0115 0.008
0 0.468 0.5493333333333333 0.00775 0.02
0 0.475 0.5444444444444444 0.00775 0.027555555555555555
0 0.4505 0.5346666666666666 0.01 0.017333333333333333
0 0.438 0.5226666666666666 0.0085 0.017777777777777778
0 0.41375 0.492 0.00875 0.016
0 0.4055 0.484 0.0105 0.013777777777777778
0 0.3955 0.48577777777777775 0.00875 0.033777777777777775
0 0.38875 0.4608888888888889 0.01225 0.011555555555555555
0 0.45875 0.46355555555555555 0.01625 0.015555555555555555
0 0.379 0.5044444444444445 0.01475 0.016444444444444446
0 0.3645 0.4911111111111111 0.00875 0.024444444444444446
0 0.61375 0.9351111111111111 0.0125 0.030666666666666665
0 0.4045 0.9915555555555555 0.00725 0.016888888888888887
0 0.38225 0.9915555555555555 0.013 0.016888888888888887
0 0.356 0.9884444444444445 0.01 0.019555555555555555
0 0.38325 0.9364444444444444 0.0115 0.015555555555555555
0 0.3805 0.9528888888888889 0.01175 0.022222222222222223
0 0.3655 0.9297777777777778 0.012 0.023555555555555555
0 0.36675 0.9088888888888889 0.0135 0.012444444444444444
0 0.3805 0.9035555555555556 0.01325 0.018666666666666668
0 0.3785 0.8675555555555555 0.00875 0.022222222222222223
0 0.3575 0.892 0.00925 0.01911111111111111
0 0.32425 0.9462222222222222 0.015 0.014666666666666666
0 0.31 0.9751111111111112 0.01675 0.015555555555555555
0 0.29575 0.9773333333333334 0.01625 0.01911111111111111
0 0.31475 0.9951111111111111 0.01125 0.009333333333333334
0 0.33625 0.9928888888888889 0.0095 0.014222222222222223
0 0.28025 0.992 0.00675 0.015555555555555555
0 0.27675 0.9626666666666667 0.00825 0.017333333333333333
0 0.263 0.9515555555555556 0.013 0.017333333333333333
0 0.3085 0.936 0.00525 0.024444444444444446
0 0.30675 0.9422222222222222 0.01225 0.01911111111111111
0 0.31325 0.8773333333333333 0.0135 0.014222222222222223
0 0.31375 0.8884444444444445 0.01325 0.010666666666666666
0 0.31 0.9004444444444445 0.00825 0.01911111111111111
0 0.30225 0.8977777777777778 0.0135 0.017777777777777778
0 0.336 0.8662222222222222 0.01175 0.012888888888888889
0 0.3395 0.8808888888888889 0.009 0.016888888888888887
0 0.2995 0.8502222222222222 0.014 0.015111111111111112
0 0.34025 0.8284444444444444 0.0185 0.012888888888888889
0 0.38175 0.7657777777777778 0.0075 0.02666666666666667
0 0.37325 0.788 0.013 0.020888888888888887
0 0.3485 0.8004444444444444 0.0125 0.017777777777777778
0 0.316 0.7982222222222223 0.01675 0.016
0 0.31975 0.8137777777777778 0.01125 0.016
0 0.3225 0.7711111111111111 0.01 0.02
0 0.344 0.7684444444444445 0.016 0.017333333333333333
0 0.3375 0.7551111111111111 0.01275 0.012444444444444444
0 0.374 0.7155555555555555 0.008 0.022222222222222223
0 0.351 0.7057777777777777 0.00975 0.028444444444444446
0 0.3485 0.7271111111111112 0.01225 0.015555555555555555
0 0.356 0.68 0.01125 0.016444444444444446
0 0.33975 0.7004444444444444 0.01375 0.024
0 0.31875 0.6822222222222222 0.00975 0.018666666666666668
0 0.3205 0.6995555555555556 0.01025 0.026222222222222223
0 0.2995 0.7515555555555555 0.00875 0.014666666666666666
0 0.2905 0.7542222222222222 0.013 0.011555555555555555
0 0.30625 0.7057777777777777 0.013 0.014222222222222223
0 0.308 0.7128888888888889 0.01375 0.0071111111111111115
0 0.30725 0.7213333333333334 0.01225 0.009777777777777778
0 0.297 0.7213333333333334 0.01025 0.012888888888888889
0 0.27975 0.7057777777777777 0.008 0.024
0 0.26175 0.7395555555555555 0.01175 0.01911111111111111
0 0.25475 0.7182222222222222 0.01225 0.016888888888888887
0 0.282 0.6862222222222222 0.01475 0.012
0 0.271 0.6337777777777778 0.01175 0.020888888888888887
0 0.267 0.6573333333333333 0.0095 0.016444444444444446
0 0.2595 0.6768888888888889 0.01 0.015111111111111112
0 0.3335 0.6724444444444444 0.00975 0.019555555555555555
0 0.308 0.6711111111111111 0.01425 0.014666666666666666
0 0.292 0.7835555555555556 0.014 0.013333333333333334
0 0.293 0.7942222222222223 0.013 0.013333333333333334
0 0.278 0.7884444444444444 0.01525 0.015555555555555555
0 0.28825 0.816 0.014 0.017333333333333333
0 0.29025 0.84 0.0085 0.024888888888888887
0 0.2755 0.8373333333333334 0.01425 0.015555555555555555
0 0.27575 0.9026666666666666 0.00875 0.028444444444444446
0 0.276 0.9342222222222222 0.01025 0.010666666666666666
0 0.24475 0.9657777777777777 0.01525 0.013333333333333334
0 0.2315 0.9844444444444445 0.01375 0.018666666666666668
0 0.23075 0.9564444444444444 0.0075 0.022222222222222223
0 0.22575 0.9755555555555555 0.01175 0.015111111111111112
0 0.2025 0.9591111111111111 0.01375 0.022222222222222223
0 0.1815 0.9733333333333334 0.01075 0.015111111111111112
0 0.1725 0.9791111111111112 0.0095 0.03155555555555556
0 0.16125 0.9653333333333334 0.011 0.022222222222222223
0 0.2635 0.788 0.01225 0.028444444444444446
0 0.26625 0.8066666666666666 0.01175 0.016
0 0.2595 0.8168888888888889 0.0085 0.026222222222222223
0 0.25125 0.8266666666666667 0.015 0.012888888888888889
0 0.248 0.8111111111111111 0.01 0.025333333333333333
0 0.23875 0.7955555555555556 0.01425 0.010666666666666666
0 0.23975 0.8066666666666666 0.009 0.015111111111111112
0 0.23175 0.8062222222222222 0.00875 0.010222222222222223
0 0.2335 0.7746666666666666 0.012 0.013777777777777778
0 0.2545 0.7804444444444445 0.01625 0.014222222222222223
0 0.2175 0.76 0.01 0.013333333333333334
0 0.21325 0.7626666666666667 0.00375 0.021777777777777778
0 0.209 0.7764444444444445 0.017 0.010666666666666666
0 0.20825 0.7951111111111111 0.01475 0.012
0 0.1985 0.7591111111111111 0.01425 0.014222222222222223
0 0.23375 0.7155555555555555 0.014 0.013333333333333334
0 0.2375 0.7275555555555555 0.013 0.012888888888888889
0 0.2185 0.7137777777777777 0.01475 0.019555555555555555
0 0.205 0.7106666666666667 0.011 0.010666666666666666
0 0.209 0.72 0.00725 0.024
0 0.19275 0.7048888888888889 0.01 0.021333333333333333
0 0.18325 0.7093333333333334 0.015 0.016
0 0.18275 0.7355555555555555 0.00975 0.021777777777777778
0 0.229 0.6737777777777778 0.007 0.028888888888888888
0 0.22525 0.6871111111111111 0.005 0.026222222222222223
0 0.244 0.7031111111111111 0.011 0.019555555555555555
0 0.25825 0.6528888888888889 0.006 0.022222222222222223
0 0.25125 0.6466666666666666 0.00925 0.013777777777777778
0 0.24025 0.6462222222222223 0.01275 0.009777777777777778
0 0.23675 0.6373333333333333 0.01175 0.012888888888888889
0 0.29475 0.6431111111111111 0.01425 0.017777777777777778
0 0.313 0.6417777777777778 0.01225 0.020444444444444446
0 0.32825 0.6413333333333333 0.01025 0.020888888888888887
0 0.34975 0.6302222222222222 0.00975 0.016
0 0.36975 0.6057777777777777 0.01225 0.026222222222222223
0 0.3625 0.6066666666666667 0.01 0.015111111111111112
0 0.35025 0.6008888888888889 0.01025 0.010222222222222223
0 0.349 0.6084444444444445 0.00925 0.013777777777777778
0 0.342 0.6111111111111112 0.006 0.02266666666666667
0 0.3405 0.5924444444444444 0.01175 0.009333333333333334
0 0.3505 0.5586666666666666 0.013 0.009777777777777778
0 0.35275 0.5742222222222222 0.01525 0.016
0 0.37625 0.5631111111111111 0.008 0.023555555555555555
0 0.36975 0.5724444444444444 0.00925 0.02
0 0.36325 0.5226666666666666 0.0125 0.009777777777777778
0 0.36825 0.532 0.00725 0.009333333333333334
0 0.3695 0.5453333333333333 0.012 0.009777777777777778
0 0.3385 0.5591111111111111 0.012 0.012444444444444444
0 0.321 0.5497777777777778 0.013 0.013777777777777778
0 0.3235 0.6008888888888889 0.006 0.021333333333333333
0 0.31825 0.6004444444444444 0.007 0.021333333333333333
0 0.31175 0.604 0.00825 0.012444444444444444
0 0.2985 0.6142222222222222 0.00875 0.016444444444444446
0 0.307 0.5911111111111111 0.011 0.016888888888888887
0 0.2945 0.5942222222222222 0.01275 0.012888888888888889
0 0.29175 0.6053333333333333 0.012 0.010222222222222223
0 0.28225 0.608 0.01375 0.011555555555555555
0 0.26025 0.6053333333333333 0.0085 0.024888888888888887
0 0.26475 0.5644444444444444 0.01325 0.017777777777777778
0 0.2705 0.5408888888888889 0.01075 0.018666666666666668
0 0.3085 0.5137777777777778 0.007 0.018666666666666668
0 0.3105 0.5328888888888889 0.00675 0.017777777777777778
0 0.3515 0.5155555555555555 0.01 0.016
0 0.34375 0.5106666666666667 0.01075 0.016888888888888887
0 0.34025 0.5168888888888888 0.01075 0.012444444444444444
0 0.33425 0.5191111111111111 0.0095 0.014222222222222223
0 0.32475 0.516 0.01025 0.014666666666666666
0 0.3415 0.49066666666666664 0.01475 0.013333333333333334
0 0.3395 0.4666666666666667 0.01475 0.017333333333333333
0 0.3165 0.49377777777777776 0.0135 0.019555555555555555
0 0.2865 0.5017777777777778 0.01625 0.010666666666666666
0 0.262 0.5097777777777778 0.0185 0.011555555555555555
0 0.262 0.5191111111111111 0.01175 0.014666666666666666
0 0.2415 0.5466666666666666 0.01 0.02311111111111111
0 0.23675 0.49733333333333335 0.01 0.020888888888888887
0 0.27 0.488 0.009 0.015555555555555555
0 0.2955 0.4671111111111111 0.00675 0.027555555555555555
0 0.28725 0.468 0.00775 0.02
0 0.30975 0.45022222222222225 0.01025 0.022222222222222223
0 0.32725 0.4128888888888889 0.00825 0.025333333333333333
0 0.32425 0.4262222222222222 0.01175 0.012444444444444444
0 0.3225 0.44044444444444447 0.01425 0.017333333333333333
0 0.31775 0.41733333333333333 0.0135 0.012444444444444444
0 0.30125 0.39644444444444443 0.013 0.026222222222222223
0 0.2985 0.42 0.00675 0.024
0 0.292 0.4328888888888889 0.01 0.014222222222222223
0 0.27925 0.4097777777777778 0.01625 0.022222222222222223
0 0.2745 0.4235555555555556 0.014 0.015111111111111112
0 0.267 0.43733333333333335 0.00975 0.016444444444444446
0 0.2655 0.4088888888888889 0.00925 0.027555555555555555
0 0.256 0.416 0.01075 0.020444444444444446
0 0.24725 0.45955555555555555 0.00825 0.028444444444444446
0 0.25875 0.47155555555555556 0.012 0.016
0 0.24 0.43955555555555553 0.01325 0.012888888888888889
0 0.2295 0.4471111111111111 0.009 0.019555555555555555
0 0.2215 0.47644444444444445 0.01475 0.016
0 0.2115 0.444 0.01025 0.01911111111111111
0 0.28875 0.364 0.0135 0.016
0 0.29575 0.33955555555555555 0.01575 0.017777777777777778
0 0.28825 0.30577777777777776 0.012 0.021333333333333333
0 0.2505 0.2902222222222222 0.01375 0.017777777777777778
0 0.2535 0.25333333333333335 0.01075 0.016888888888888887
0 0.301 0.2328888888888889 0.013 0.015111111111111112
0 0.2955 0.24222222222222223 0.0095 0.020444444444444446
0 0.29025 0.26266666666666666 0.00925 0.013777777777777778
0 0.3115 0.21866666666666668 0.01275 0.019555555555555555
0 0.28425 0.22 0.0135 0.019555555555555555
0 0.293 0.15422222222222223 0.01025 0.020444444444444446
0 0.28275 0.1751111111111111 0.007 0.025333333333333333
0 0.279 0.18622222222222223 0.012 0.012444444444444444
0 0.28025 0.19511111111111112 0.01975 0.009333333333333334
0 0.27625 0.16044444444444445 0.0075 0.02
0 0.2675 0.15555555555555556 0.01 0.026222222222222223
0 0.2695 0.17377777777777778 0.01325 0.014666666666666666
0 0.243 0.21644444444444444 0.00725 0.024
0 0.25075 0.1537777777777778 0.00775 0.02666666666666667
0 0.311 0.12266666666666666 0.01225 0.013333333333333334
0 0.29275 0.13111111111111112 0.00775 0.020888888888888887
0 0.29175 0.10666666666666667 0.0155 0.013333333333333334
0 0.2845 0.11911111111111111 0.015 0.012444444444444444
0 0.288 0.035555555555555556 0.012 0.016444444444444446
0 0.28875 0.06577777777777778 0.01625 0.022222222222222223
0 0.30625 0.05422222222222222 0.0125 0.013333333333333334
0 0.2615 0.07066666666666667 0.0175 0.015555555555555555
0 0.26025 0.08755555555555555 0.01 0.02266666666666667
0 0.25575 0.10933333333333334 0.015 0.012
0 0.266 0.09955555555555555 0.01175 0.011555555555555555
0 0.25575 0.02711111111111111 0.00725 0.030666666666666665
0 0.25675 0.04 0.0115 0.020444444444444446
0 0.23625 0.07733333333333334 0.0095 0.029777777777777778
0 0.25125 0.12711111111111112 0.00825 0.025333333333333333
0 0.2445 0.128 0.00775 0.024
0 0.23675 0.12222222222222222 0.01025 0.014666666666666666
0 0.236 0.1408888888888889 0.0085 0.020444444444444446
0 0.2165 0.09911111111111111 0.0135 0.02266666666666667
0 0.24225 0.0071111111111111115 0.01225 0.014222222222222223
0 0.20675 0.013333333333333334 0.011 0.022222222222222223
0 0.206 0.028444444444444446 0.011 0.022222222222222223
0 0.175 0.06844444444444445 0.013 0.014666666666666666
0 0.17 0.05733333333333333 0.01175 0.016
0 0.1735 0.014666666666666666 0.01375 0.016444444444444446
0 0.2 0.104 0.00725 0.023555555555555555
0 0.19275 0.14133333333333334 0.009 0.024
0 0.231 0.1497777777777778 0.0115 0.010222222222222223
0 0.229 0.17644444444444443 0.0185 0.013777777777777778
0 0.2315 0.18933333333333333 0.0065 0.024
0 0.2265 0.18977777777777777 0.0045 0.02
0 0.22225 0.18977777777777777 0.00525 0.022222222222222223
0 0.2125 0.216 0.013 0.017777777777777778
0 0.227 0.23866666666666667 0.01325 0.016
0 0.2025 0.17555555555555555 0.01475 0.015555555555555555
0 0.1675 0.17644444444444443 0.01525 0.017333333333333333
0 0.1585 0.15733333333333333 0.0055 0.019555555555555555
0 0.185 0.12622222222222224 0.006 0.014666666666666666
0 0.176 0.1288888888888889 0.01225 0.017333333333333333
0 0.146 0.04755555555555555 0.01125 0.024888888888888887
0 0.1515 0.005333333333333333 0.00775 0.010222222222222223
0 0.13775 0.010666666666666666 0.00925 0.021333333333333333
0 0.133 0.028888888888888888 0.009 0.014222222222222223
0 0.1255 0.03288888888888889 0.01125 0.030666666666666665
0 0.0945 0.043111111111111114 0.016 0.021777777777777778
0 0.1475 0.12355555555555556 0.012 0.020888888888888887
0 0.08925 0.11066666666666666 0.00875 0.024444444444444446
0 0.0765 0.12266666666666666 0.01075 0.017333333333333333
0 0.067 0.12266666666666666 0.01025 0.016444444444444446
0 0.05675 0.1431111111111111 0.0155 0.012888888888888889
0 0.06875 0.08755555555555555 0.01225 0.021333333333333333
0 0.0415 0.08844444444444445 0.01425 0.014222222222222223
0 0.03725 0.06933333333333333 0.0075 0.025333333333333333
0 0.02175 0.10533333333333333 0.008 0.028444444444444446
0 0.0035 0.124 0.007 0.024
0 0.00825 0.06355555555555556 0.00875 0.015111111111111112
0 0.06275 0.004888888888888889 0.0115 0.009333333333333334
0 0.0235 0.17822222222222223 0.01325 0.012444444444444444
0 0.0305 0.19644444444444445 0.00975 0.01911111111111111
0 0.023 0.19377777777777777 0.0065 0.014666666666666666
0 0.02525 0.21555555555555556 0.01125 0.021777777777777778
0 0.004 0.172 0.008 0.013333333333333334
0 0.10325 0.16755555555555557 0.00875 0.022222222222222223
0 0.096 0.16755555555555557 0.0085 0.022222222222222223
0 0.08575 0.18222222222222223 0.012 0.02711111111111111
0 0.085 0.21466666666666667 0.01125 0.029777777777777778
0 0.06775 0.2528888888888889 0.01175 0.015111111111111112
0 0.058 0.24355555555555555 0.00925 0.012888888888888889
0 0.05075 0.25333333333333335 0.012 0.014222222222222223
0 0.04075 0.2528888888888889 0.015 0.018666666666666668
0 0.10225 0.18 0.008 0.021333333333333333
0 0.10225 0.2048888888888889 0.00875 0.026222222222222223
0 0.115 0.18133333333333335 0.0095 0.028
0 0.13625 0.19866666666666666 0.00575 0.010666666666666666
0 0.1245 0.19866666666666666 0.00725 0.010222222222222223
0 0.13 0.20933333333333334 0.01175 0.014666666666666666
0 0.141 0.2111111111111111 0.01125 0.017333333333333333
0 0.21525 0.924 0.01 0.016444444444444446
0 0.21025 0.9044444444444445 0.0115 0.02
0 0.219 0.9093333333333333 0.0135 0.008444444444444444
0 0.256 0.9213333333333333 0.0115 0.016444444444444446
0 0.25975 0.9071111111111111 0.0115 0.016444444444444446
0 0.2485 0.9297777777777778 0.0105 0.013333333333333334
0 0.2435 0.8902222222222222 0.0055 0.025777777777777778
0 0.24 0.9093333333333333 0.01475 0.0071111111111111115
0 0.23925 0.92 0.0165 0.008888888888888889
0 0.2395 0.8888888888888888 0.007 0.028
0 0.2495 0.8773333333333333 0.01075 0.008888888888888889
0 0.23425 0.8884444444444445 0.00725 0.024444444444444446
0 0.22925 0.8862222222222222 0.006 0.018222222222222223
0 0.219 0.8813333333333333 0.0135 0.012888888888888889
0 0.2285 0.8564444444444445 0.00825 0.012888888888888889
0 0.21375 0.8617777777777778 0.0085 0.008444444444444444
0 0.20125 0.8666666666666667 0.0115 0.009333333333333334
0 0.211 0.8533333333333334 0.00625 0.013777777777777778
0 0.206 0.832 0.01025 0.01911111111111111
0 0.1645 0.8404444444444444 0.00775 0.022222222222222223
0 0.16825 0.8773333333333333 0.0175 0.014666666666666666
0 0.1865 0.9097777777777778 0.013 0.015555555555555555
0 0.1695 0.9386666666666666 0.00875 0.020444444444444446
0 0.1445 0.9853333333333333 0.01225 0.008888888888888889
0 0.136 0.9871111111111112 0.00775 0.016444444444444446
0 0.132 0.9568888888888889 0.0085 0.021777777777777778
0 0.1455 0.9546666666666667 0.006 0.017777777777777778
0 0.14075 0.9564444444444444 0.00975 0.013333333333333334
0 0.1125 0.9453333333333334 0.00925 0.024
0 0.10275 0.9537777777777777 0.01225 0.012
0 0.0875 0.9186666666666666 0.0095 0.018666666666666668
0 0.0795 0.9222222222222223 0.007 0.022222222222222223
0 0.09075 0.8986666666666666 0.0095 0.019555555555555555
0 0.08875 0.8657777777777778 0.0105 0.023555555555555555
0 0.1285 0.9942222222222222 0.00875 0.011555555555555555
0 0.08625 0.9382222222222222 0.00875 0.016
0 0.07425 0.9457777777777778 0.00675 0.010666666666666666
0 0.06525 0.9195555555555556 0.0055 0.022222222222222223
0 0.06125 0.908 0.01025 0.013777777777777778
0 0.04825 0.8937777777777778 0.0135 0.015111111111111112
0 0.07425 0.8688888888888889 0.013 0.012444444444444444
0 0.0825 0.8324444444444444 0.01075 0.02711111111111111
0 0.13075 0.8533333333333334 0.00825 0.020888888888888887
0 0.13775 0.8622222222222222 0.01275 0.008888888888888889
0 0.15025 0.8706666666666667 0.00775 0.024444444444444446
0 0.14325 0.8871111111111111 0.013 0.014222222222222223
0 0.142 0.8782222222222222 0.00525 0.016444444444444446
0 0.14175 0.9106666666666666 0.01475 0.016888888888888887
0 0.1185 0.8133333333333334 0.01225 0.016
0 0.1315 0.7946666666666666 0.0105 0.02266666666666667
0 0.1365 0.7782222222222223 0.01525 0.012
0 0.14475 0.7973333333333333 0.00925 0.012444444444444444
0 0.16625 0.7857777777777778 0.01475 0.01911111111111111
0 0.14525 0.7457777777777778 0.00725 0.029777777777777778
0 0.153 0.7337777777777778 0.00725 0.025333333333333333
0 0.1345 0.732 0.01275 0.014666666666666666
0 0.111 0.7444444444444445 0.0125 0.014666666666666666
0 0.102 0.7435555555555555 0.00625 0.020444444444444446
0 0.1135 0.7293333333333333 0.0145 0.008444444444444444
0 0.11925 0.6973333333333334 0.01225 0.023555555555555555
0 0.115 0.6964444444444444 0.01 0.014222222222222223
0 0.1225 0.6764444444444444 0.01475 0.015555555555555555
0 0.1305 0.6835555555555556 0.01525 0.013777777777777778
0 0.14075 0.6835555555555556 0.00875 0.02266666666666667
0 0.147 0.6942222222222222 0.01175 0.013333333333333334
0 0.188 0.6693333333333333 0.00825 0.017333333333333333
0 0.19875 0.6951111111111111 0.006 0.024888888888888887
0 0.0675 0.8084444444444444 0.0125 0.012888888888888889
0 0.05875 0.808 0.01025 0.015555555555555555
0 0.04625 0.8208888888888889 0.00925 0.025333333333333333
0 0.01925 0.8057777777777778 0.0165 0.012888888888888889
0 0.02975 0.8675555555555555 0.0085 0.028444444444444446
0 0.01225 0.8564444444444445 0.0125 0.018666666666666668
0 0.01275 0.8795555555555555 0.0075 0.023555555555555555
0 0.0055 0.8773333333333333 0.011 0.016
0 0.009 0.892 0.013 0.010666666666666666
0 0.0225 0.8995555555555556 0.01325 0.012
0 0.03675 0.9404444444444444 0.01 0.010222222222222223
0 0.02225 0.9582222222222222 0.0075 0.02311111111111111
0 0.0115 0.9564444444444444 0.008 0.024444444444444446
0 0.01275 0.9302222222222222 0.0065 0.01911111111111111
0 0.0135 0.9146666666666666 0.014 0.014666666666666666
0 0.04975 0.9791111111111112 0.005 0.020444444444444446
0 0.057 0.9822222222222222 0.00925 0.016
0 0.04575 0.992 0.0055 0.016
0 0.02825 0.9711111111111111 0.00875 0.021333333333333333
0 0.028 0.9906666666666667 0.011 0.018666666666666668
0 0.032 0.9942222222222222 0.00925 0.011555555555555555
0 0.07675 0.7724444444444445 0.01325 0.020444444444444446
0 0.07975 0.7413333333333333 0.01175 0.01911111111111111
0 0.0625 0.7404444444444445 0.01 0.011111111111111112
0 0.07 0.7315555555555555 0.00625 0.02666666666666667
0 0.04575 0.7093333333333334 0.00875 0.022222222222222223
0 0.04475 0.7253333333333334 0.015 0.015111111111111112
0 0.023 0.7231111111111111 0.009 0.02711111111111111
0 0.02725 0.7 0.01075 0.017777777777777778
0 0.0055 0.7057777777777777 0.011 0.014222222222222223
0 0.0485 0.6586666666666666 0.01 0.024444444444444446
0 0.025 0.6377777777777778 0.00575 0.021333333333333333
0 0.04225 0.6315555555555555 0.01575 0.012888888888888889
0 0.0565 0.6128888888888889 0.01275 0.016
0 0.05875 0.628 0.00575 0.018222222222222223
0 0.0685 0.6337777777777778 0.01425 0.017333333333333333
0 0.0945 0.6271111111111111 0.01 0.021333333333333333
0 0.08975 0.6351111111111111 0.005 0.019555555555555555
0 0.08375 0.7 0.01075 0.013777777777777778
0 0.07375 0.6977777777777778 0.01175 0.016444444444444446
0 0.062 0.6991111111111111 0.01275 0.02266666666666667
0 0.04 0.5946666666666667 0.00675 0.021777777777777778
0 0.04825 0.5862222222222222 0.00575 0.022222222222222223
0 0.0435 0.5702222222222222 0.01025 0.01911111111111111
0 0.0565 0.58 0.0085 0.014222222222222223
0 0.08425 0.5368888888888889 0.0165 0.015111111111111112
0 0.03075 0.5422222222222223 0.01025 0.016888888888888887
0 0.02275 0.5328888888888889 0.0085 0.017777777777777778
0 0.01675 0.5404444444444444 0.0055 0.01911111111111111
0 0.004 0.5311111111111111 0.008 0.018666666666666668
0 0.02525 0.5102222222222222 0.0125 0.012
0 0.018 0.508 0.01175 0.011111111111111112
0 0.01825 0.4902222222222222 0.01175 0.012
0 0.01475 0.4746666666666667 0.0075 0.021777777777777778
0 0.02925 0.4706666666666667 0.0135 0.014222222222222223
0 0.033 0.47733333333333333 0.009 0.013333333333333334
0 0.0345 0.45866666666666667 0.00975 0.016444444444444446
0 0.01 0.4577777777777778 0.007 0.024
0 0.01125 0.43866666666666665 0.0105 0.02
0 0.00975 0.41955555555555557 0.01275 0.011111111111111112
0 0.01875 0.42533333333333334 0.00925 0.016
0 0.02425 0.41244444444444445 0.0125 0.012888888888888889
0 0.03325 0.436 0.00525 0.021333333333333333
0 0.0445 0.4137777777777778 0.01525 0.015555555555555555
0 0.04175 0.4275555555555556 0.01475 0.013777777777777778
0 0.05725 0.4191111111111111 0.00675 0.016444444444444446
0 0.06525 0.42977777777777776 0.0065 0.021333333333333333
0 0.051 0.4484444444444444 0.01125 0.014222222222222223
0 0.0525 0.45866666666666667 0.008 0.018666666666666668
0 0.10075 0.5826666666666667 0.0065 0.020444444444444446
0 0.1115 0.5733333333333334 0.01225 0.013777777777777778
0 0.1185 0.5906666666666667 0.0065 0.024888888888888887
0 0.123 0.6266666666666667 0.011 0.017777777777777778
0 0.13125 0.5942222222222222 0.01425 0.015111111111111112
0 0.14175 0.5773333333333334 0.01125 0.012444444444444444
0 0.1485 0.572 0.01025 0.019555555555555555
0 0.1635 0.5533333333333333 0.01525 0.014222222222222223
0 0.15975 0.5631111111111111 0.011 0.011111111111111112
0 0.1745 0.5911111111111111 0.00875 0.02666666666666667
0 0.15775 0.6271111111111111 0.0125 0.016444444444444446
0 0.174 0.6186666666666667 0.01 0.018222222222222223
0 0.184 0.608 0.0065 0.024
0 0.232 0.6071111111111112 0.00625 0.025777777777777778
0 0.21425 0.6351111111111111 0.011 0.018222222222222223
0 0.20725 0.6444444444444445 0.014 0.014666666666666666
0 0.191 0.6404444444444445 0.017 0.011555555555555555
0 0.19525 0.6075555555555555 0.00975 0.025333333333333333
0 0.18825 0.5675555555555556 0.0135 0.016444444444444446
0 0.209 0.5813333333333334 0.00975 0.02311111111111111
0 0.223 0.5546666666666666 0.007 0.024444444444444446
0 0.21125 0.5448888888888889 0.016 0.011555555555555555
0 0.20925 0.5182222222222223 0.01225 0.018666666666666668
0 0.21225 0.5253333333333333 0.01275 0.017333333333333333
0 0.13675 0.5333333333333333 0.01225 0.016888888888888887
0 0.14 0.5413333333333333 0.00675 0.018666666666666668
0 0.123 0.5564444444444444 0.00775 0.016888888888888887
0 0.10975 0.5328888888888889 0.0115 0.017777777777777778
0 0.1105 0.5453333333333333 0.01475 0.010666666666666666
0 0.1045 0.5408888888888889 0.0065 0.016444444444444446
0 0.12525 0.5151111111111111 0.01425 0.016
0 0.12725 0.5262222222222223 0.01025 0.02266666666666667
0 0.13825 0.5182222222222223 0.0065 0.01911111111111111
0 0.155 0.504 0.00875 0.01911111111111111
0 0.199 0.4657777777777778 0.01025 0.016444444444444446
0 0.19425 0.44266666666666665 0.00575 0.02266666666666667
0 0.16525 0.46755555555555556 0.01375 0.012888888888888889
0 0.157 0.456 0.014 0.018222222222222223
0 0.17575 0.4288888888888889 0.008 0.024888888888888887
0 0.133 0.476 0.006 0.02311111111111111
0 0.1285 0.4875555555555556 0.01025 0.018666666666666668
0 0.14025 0.488 0.00975 0.018222222222222223
0 0.1335 0.452 0.00725 0.02666666666666667
0 0.148 0.45511111111111113 0.00725 0.017333333333333333
0 0.14 0.43644444444444447 0.01725 0.013333333333333334
0 0.14075 0.4444444444444444 0.011 0.009333333333333334
0 0.14825 0.412 0.01175 0.017777777777777778
0 0.15125 0.4231111111111111 0.0125 0.013333333333333334
0 0.09525 0.4271111111111111 0.0165 0.013777777777777778
0 0.225 0.36088888888888887 0.00775 0.021777777777777778
0 0.20875 0.38266666666666665 0.01425 0.017333333333333333
0 0.19775 0.38622222222222224 0.01025 0.019555555555555555
0 0.132 0.38177777777777777 0.01175 0.012444444444444444
0 0.111 0.3942222222222222 0.01325 0.014666666666666666
0 0.10075 0.38666666666666666 0.01175 0.016888888888888887
0 0.08975 0.3648888888888889 0.0125 0.018222222222222223
0 0.10775 0.356 0.009 0.02
0 0.1275 0.368 0.00975 0.017333333333333333
0 0.184 0.3497777777777778 0.00725 0.021333333333333333
0 0.17725 0.3417777777777778 0.011 0.019555555555555555
0 0.155 0.32755555555555554 0.0165 0.016444444444444446
0 0.1975 0.32133333333333336 0.0095 0.019555555555555555
0 0.20825 0.31777777777777777 0.014 0.019555555555555555
0 0.1125 0.30533333333333335 0.013 0.017333333333333333
0 0.13325 0.2702222222222222 0.01375 0.024
0 0.1555 0.2773333333333333 0.014 0.023555555555555555
0 0.16525 0.2604444444444444 0.01 0.014666666666666666
0 0.17 0.2617777777777778 0.01125 0.014222222222222223
0 0.2095 0.2693333333333333 0.0135 0.014666666666666666
0 0.1175 0.26666666666666666 0.008 0.025333333333333333
0 0.1515 0.24933333333333332 0.0095 0.019555555555555555
0 0.1465 0.24666666666666667 0.00975 0.012
0 0.1115 0.24755555555555556 0.00625 0.02666666666666667
0 0.1055 0.24755555555555556 0.009 0.014222222222222223
0 0.098 0.24044444444444443 0.0105 0.028444444444444446
0 0.0595 0.32355555555555554 0.011 0.020888888888888887
0 0.04825 0.27555555555555555 0.0075 0.025777777777777778
0 0.015 0.3022222222222222 0.01525 0.013333333333333334
0 0.0185 0.31777777777777777 0.008 0.012888888888888889
0 0.02475 0.2817777777777778 0.0095 0.022222222222222223
0 0.05375 0.34933333333333333 0.00725 0.021333333333333333
0 0.066 0.35244444444444445 0.00775 0.02
0 0.07725 0.3582222222222222 0.00775 0.024
0 0.071 0.376 0.01725 0.013333333333333334
0 0.04725 0.37022222222222223 0.0095 0.016888888888888887
0 0.0405 0.3711111111111111 0.00975 0.03244444444444444
0 0.0305 0.37644444444444447 0.01025 0.017777777777777778
0 0.0435 0.3288888888888889 0.00625 0.008
0 0.134 0.09155555555555556 0.0075 0.012888888888888889
0 0.16575 0.2 0.014 0.015111111111111112
0 0.1825 0.20977777777777779 0.0075 0.024
0 0.1775 0.21333333333333335 0.01025 0.008888888888888889
0 0.12925 0.07555555555555556 0.00675 0.018222222222222223
0 0.68 0.9906666666666667 0.00925 0.018666666666666668
0 0.8775 0.4146666666666667 0.00825 0.020444444444444446
0 0.4185 0.47333333333333333 0.0115 0.011555555555555555
0 0.719 0.22711111111111112 0.0115 0.019555555555555555
0 0.989 0.476 0.0055 0.014666666666666666
0 0.00475 0.6782222222222222 0.0095 0.01911111111111111
0 0.0035 0.7426666666666667 0.007 0.013333333333333334
0 0.005 0.5742222222222222 0.01 0.015555555555555555
0 0.02775 0.6706666666666666 0.017 0.014666666666666666