0 0.01175 0.09688888888888889 0.0085 0.03155555555555556
0 0.03925 0.1111111111111111 0.00575 0.018222222222222223
0 0.0465 0.10444444444444445 0.0085 0.022222222222222223
0 0.09075 0.07333333333333333 0.01475 0.016
0 0.095 0.059111111111111114 0.01025 0.020888888888888887
0 0.131 0.06 0.01325 0.02666666666666667
0 0.104 0.16933333333333334 0.01075 0.022222222222222223
0 0.072 0.21422222222222223 0.01375 0.026222222222222223
0 0.04675 0.18266666666666667 0.007 0.025777777777777778
0 0.019 0.18266666666666667 0.0125 0.015111111111111112
0 0.005 0.188 0.01 0.016888888888888887
0 0.023 0.23822222222222222 0.01225 0.019555555555555555
0 0.0595 0.24977777777777777 0.00875 0.024
0 0.0405 0.31866666666666665 0.009 0.03155555555555556
0 0.04 0.34933333333333333 0.0155 0.024
0 0.0035 0.332 0.007 0.018222222222222223
0 0.14525 0.16444444444444445 0.00875 0.02666666666666667
0 0.17525 0.2617777777777778 0.01025 0.022222222222222223
0 0.18925 0.1942222222222222 0.008 0.025777777777777778
0 0.19925 0.1817777777777778 0.01225 0.029333333333333333
0 0.2205 0.132 0.01625 0.016888888888888887
0 0.235 0.17377777777777778 0.0065 0.025777777777777778
0 0.186 0.064 0.01275 0.023555555555555555
0 0.23525 0.04622222222222222 0.01025 0.028444444444444446
0 0.20225 0.03866666666666667 0.0105 0.020888888888888887
0 0.20675 0.26844444444444443 0.01375 0.020888888888888887
0 0.15975 0.304 0.00875 0.03111111111111111
0 0.14675 0.3111111111111111 0.012 0.021777777777777778
0 0.1025 0.3191111111111111 0.006 0.02311111111111111
0 0.13275 0.3897777777777778 0.00925 0.03155555555555556
0 0.06025 0.4 0.00725 0.02311111111111111
0 0.03875 0.4266666666666667 0.00825 0.025777777777777778
0 0.01575 0.4457777777777778 0.00925 0.03155555555555556
0 0.0205 0.5866666666666667 0.00875 0.03777777777777778
0 0.0885 0.6013333333333334 0.0085 0.029333333333333333
0 0.09 0.5742222222222222 0.01575 0.017777777777777778
0 0.06925 0.6297777777777778 0.00825 0.01911111111111111
0 0.075 0.6186666666666667 0.01175 0.016
0 0.054 0.6142222222222222 0.008 0.036
0 0.00375 0.6226666666666667 0.0075 0.027555555555555555
0 0.01275 0.6173333333333333 0.01375 0.016888888888888887
0 0.0265 0.6395555555555555 0.012 0.016888888888888887
0 0.00775 0.6462222222222223 0.0135 0.016
0 0.00975 0.7106666666666667 0.013 0.026222222222222223
0 0.001 0.7368888888888889 0.002 0.012
0 0.00875 0.7355555555555555 0.01225 0.020444444444444446
0 0.03775 0.6875555555555556 0.01425 0.024
0 0.0305 0.7644444444444445 0.0125 0.016444444444444446
0 0.03975 0.8142222222222222 0.01025 0.028444444444444446
0 0.03975 0.7897777777777778 0.01175 0.022222222222222223
0 0.06825 0.8426666666666667 0.01525 0.023555555555555555
0 0.10825 0.7604444444444445 0.00875 0.021333333333333333
0 0.02675 0.9426666666666667 0.01075 0.021777777777777778
0 0.099 0.9511111111111111 0.012 0.022222222222222223
0 0.087 0.988 0.01475 0.018222222222222223
0 0.096 0.9933333333333333 0.009 0.013333333333333334
0 0.13175 0.9915555555555555 0.007 0.016888888888888887
0 0.14675 0.9715555555555555 0.013 0.022222222222222223
0 0.15375 0.9666666666666667 0.0075 0.025333333333333333
0 0.14975 0.9244444444444444 0.00725 0.023555555555555555
0 0.15475 0.944 0.0075 0.024444444444444446
0 0.1725 0.9808888888888889 0.0085 0.021777777777777778
0 0.18175 0.8822222222222222 0.0075 0.023555555555555555
0 0.145 0.8657777777777778 0.0175 0.024444444444444446
0 0.21425 0.9426666666666667 0.01025 0.028
0 0.21325 0.9168888888888889 0.0095 0.018222222222222223
0 0.22625 0.9431111111111111 0.009 0.025333333333333333
0 0.21425 0.98 0.00925 0.023555555555555555
0 0.2455 0.9955555555555555 0.01425 0.008888888888888889
0 0.2265 0.8253333333333334 0.00725 0.021777777777777778
0 0.21775 0.804 0.00925 0.026222222222222223
0 0.14975 0.7248888888888889 0.01525 0.022222222222222223
0 0.169 0.7075555555555556 0.0085 0.028888888888888888
0 0.18425 0.6591111111111111 0.01825 0.019555555555555555
0 0.19075 0.6422222222222222 0.00675 0.03333333333333333
0 0.207 0.6897777777777778 0.01375 0.011555555555555555
0 0.24075 0.6964444444444444 0.01275 0.01911111111111111
0 0.24075 0.6826666666666666 0.0105 0.022222222222222223
0 0.24675 0.7311111111111112 0.01225 0.012888888888888889
0 0.2475 0.7195555555555555 0.013 0.018222222222222223
0 0.2605 0.7235555555555555 0.015 0.016444444444444446
0 0.2695 0.7182222222222222 0.00925 0.019555555555555555
0 0.2715 0.7533333333333333 0.01 0.024
0 0.23675 0.7746666666666666 0.01225 0.030666666666666665
0 0.2835 0.6253333333333333 0.01275 0.022222222222222223
0 0.21325 0.5253333333333333 0.0075 0.029777777777777778
0 0.19875 0.5191111111111111 0.00675 0.025333333333333333
0 0.17475 0.4875555555555556 0.00925 0.02711111111111111
0 0.17275 0.5773333333333334 0.01375 0.018222222222222223
0 0.181 0.436 0.013 0.016
0 0.18325 0.4022222222222222 0.01425 0.030666666666666665
0 0.15425 0.40444444444444444 0.01475 0.010666666666666666
0 0.1885 0.372 0.01075 0.020444444444444446
0 0.2065 0.3977777777777778 0.013 0.018222222222222223
0 0.183 0.3342222222222222 0.0115 0.015555555555555555
0 0.19225 0.3337777777777778 0.009 0.034666666666666665
0 0.175 0.3253333333333333 0.01075 0.016444444444444446
0 0.311 0.0071111111111111115 0.0155 0.014222222222222223
0 0.299 0.16666666666666666 0.0085 0.024444444444444446
0 0.307 0.26844444444444443 0.0135 0.017777777777777778
0 0.29975 0.24044444444444443 0.0075 0.02311111111111111
0 0.2745 0.4 0.01325 0.018666666666666668
0 0.2875 0.4022222222222222 0.01225 0.02666666666666667
0 0.32525 0.39022222222222225 0.00925 0.03422222222222222
0 0.374 0.40355555555555556 0.009 0.024
0 0.2985 0.464 0.013 0.018222222222222223
0 0.29425 0.45066666666666666 0.01225 0.010222222222222223
0 0.29125 0.4968888888888889 0.016 0.024444444444444446
0 0.27775 0.5168888888888888 0.015 0.020444444444444446
0 0.31275 0.5293333333333333 0.008 0.015555555555555555
0 0.32075 0.5346666666666666 0.0115 0.015555555555555555
0 0.3205 0.5071111111111111 0.0135 0.019555555555555555
0 0.331 0.4706666666666667 0.0125 0.02711111111111111
0 0.3375 0.4902222222222222 0.01475 0.018666666666666668
0 0.3535 0.5231111111111111 0.015 0.021333333333333333
0 0.365 0.5297777777777778 0.00825 0.025777777777777778
0 0.29425 0.56 0.01025 0.025777777777777778
0 0.33875 0.6133333333333333 0.01275 0.024444444444444446
0 0.34975 0.6431111111111111 0.01025 0.022222222222222223
0 0.36275 0.6431111111111111 0.013 0.016888888888888887
0 0.34925 0.6893333333333334 0.0145 0.012888888888888889
0 0.33575 0.7155555555555555 0.01 0.022222222222222223
0 0.33925 0.7177777777777777 0.00925 0.016888888888888887
0 0.34675 0.7515555555555555 0.01375 0.020888888888888887
0 0.36625 0.7582222222222222 0.0135 0.016444444444444446
0 0.3825 0.7044444444444444 0.0155 0.029777777777777778
0 0.36925 0.7902222222222223 0.01525 0.018222222222222223
0 0.34625 0.8106666666666666 0.01275 0.019555555555555555
0 0.301 0.8311111111111111 0.0155 0.01911111111111111
0 0.35325 0.8577777777777778 0.01525 0.016888888888888887
0 0.335 0.8742222222222222 0.0125 0.019555555555555555
0 0.28175 0.9168888888888889 0.00975 0.024444444444444446
0 0.29925 0.9191111111111111 0.00725 0.028
0 0.302 0.9888888888888889 0.008 0.022222222222222223
0 0.33525 0.9924444444444445 0.011 0.015111111111111112
0 0.333 0.9822222222222222 0.0145 0.012444444444444444
0 0.35175 0.9866666666666667 0.0115 0.013777777777777778
0 0.3985 0.9653333333333334 0.01825 0.015555555555555555
0 0.41 0.9488888888888889 0.01425 0.017777777777777778
0 0.418 0.9582222222222222 0.007 0.03111111111111111
0 0.41925 0.9346666666666666 0.00875 0.023555555555555555
0 0.38475 0.8928888888888888 0.01575 0.019555555555555555
0 0.38775 0.8475555555555555 0.01275 0.01911111111111111
0 0.412 0.8217777777777778 0.01175 0.018666666666666668
0 0.4115 0.8551111111111112 0.00675 0.029777777777777778
0 0.416 0.8457777777777777 0.01125 0.017777777777777778
0 0.46325 0.8968888888888888 0.00725 0.03244444444444444
0 0.4435 0.9391111111111111 0.01575 0.03244444444444444
0 0.508 0.9875555555555555 0.01425 0.024888888888888887
0 0.49425 0.9511111111111111 0.0135 0.017777777777777778
0 0.485 0.9262222222222222 0.01175 0.018222222222222223
0 0.47575 0.9048888888888889 0.00675 0.028888888888888888
0 0.4865 0.9137777777777778 0.01325 0.015111111111111112
0 0.4815 0.8853333333333333 0.00575 0.025333333333333333
0 0.4885 0.8688888888888889 0.0085 0.023555555555555555
0 0.4975 0.8893333333333333 0.00975 0.023555555555555555
0 0.503 0.84 0.01 0.015555555555555555
0 0.509 0.832 0.007 0.03422222222222222
0 0.46425 0.8457777777777777 0.01475 0.017777777777777778
0 0.48225 0.7737777777777778 0.01025 0.016
0 0.4545 0.7955555555555556 0.00825 0.02666666666666667
0 0.43 0.7453333333333333 0.00975 0.022222222222222223
0 0.4965 0.7106666666666667 0.013 0.016444444444444446
0 0.47 0.7626666666666667 0.01175 0.012888888888888889
0 0.53525 0.7857777777777778 0.01625 0.017777777777777778
0 0.5425 0.7777777777777778 0.0095 0.021777777777777778
0 0.54025 0.9151111111111111 0.00925 0.03111111111111111
0 0.5225 0.9755555555555555 0.01325 0.021777777777777778
0 0.56025 0.9595555555555556 0.0145 0.016444444444444446
0 0.47925 0.5928888888888889 0.01575 0.021777777777777778
0 0.4175 0.6133333333333333 0.009 0.02666666666666667
0 0.5 0.6142222222222222 0.0115 0.022222222222222223
0 0.50175 0.5084444444444445 0.01025 0.024444444444444446
0 0.46075 0.4866666666666667 0.0125 0.025333333333333333
0 0.41575 0.44266666666666665 0.016 0.01911111111111111
0 0.43275 0.38711111111111113 0.01075 0.02711111111111111
0 0.48025 0.4057777777777778 0.0105 0.024444444444444446
0 0.46675 0.42 0.01525 0.01911111111111111
0 0.45425 0.424 0.00825 0.025777777777777778
0 0.53075 0.35688888888888887 0.01575 0.01911111111111111
0 0.411 0.2564444444444444 0.0175 0.024444444444444446
0 0.41225 0.23155555555555554 0.01325 0.025777777777777778
0 0.42 0.23555555555555555 0.00825 0.02311111111111111
0 0.38675 0.17733333333333334 0.0095 0.024
0 0.3745 0.2408888888888889 0.01375 0.02711111111111111
0 0.3905 0.1391111111111111 0.00975 0.028
0 0.365 0.09911111111111111 0.00825 0.029333333333333333
0 0.43225 0.1431111111111111 0.0145 0.02666666666666667
0 0.485 0.11777777777777777 0.0105 0.021333333333333333
0 0.4745 0.16044444444444445 0.01425 0.025777777777777778
0 0.5345 0.16622222222222222 0.017 0.018222222222222223
0 0.5375 0.11777777777777777 0.0145 0.025333333333333333
0 0.5615 0.18133333333333335 0.016 0.018666666666666668
0 0.536 0.22266666666666668 0.01525 0.021333333333333333
0 0.52425 0.25466666666666665 0.01275 0.020888888888888887
0 0.495 0.07333333333333333 0.01125 0.029777777777777778
0 0.443 0.07155555555555555 0.0155 0.016888888888888887
0 0.4445 0.02711111111111111 0.0095 0.025777777777777778
0 0.48675 0.020444444444444446 0.00725 0.037333333333333336
0 0.5105 0.008888888888888889 0.017 0.017777777777777778
0 0.522 0.043111111111111114 0.0085 0.033777777777777775
0 0.52925 0.036 0.0095 0.019555555555555555
0 0.23875 0.8893333333333333 0.01325 0.018666666666666668
0 0.567 0.7848888888888889 0.009 0.02311111111111111
0 0.5735 0.7937777777777778 0.01075 0.020888888888888887
0 0.586 0.7835555555555556 0.0145 0.013333333333333334
0 0.54925 0.8542222222222222 0.00625 0.02311111111111111
0 0.589 0.8662222222222222 0.0175 0.016888888888888887
0 0.5905 0.8533333333333334 0.01875 0.015111111111111112
0 0.61075 0.8866666666666667 0.01175 0.02311111111111111
0 0.6185 0.8613333333333333 0.013 0.023555555555555555
0 0.6415 0.9084444444444445 0.01775 0.01911111111111111
0 0.6315 0.9871111111111112 0.00925 0.025777777777777778
0 0.68925 0.9062222222222223 0.01275 0.024
0 0.675 0.9377777777777778 0.01575 0.019555555555555555
0 0.681 0.884 0.01275 0.015555555555555555
0 0.66375 0.8764444444444445 0.0095 0.023555555555555555
0 0.65425 0.8653333333333333 0.0095 0.022222222222222223
0 0.62975 0.7662222222222222 0.01275 0.015555555555555555
0 0.618 0.7075555555555556 0.01375 0.018222222222222223
0 0.58975 0.696 0.0105 0.024
0 0.5795 0.7386666666666667 0.01675 0.020444444444444446
0 0.584 0.652 0.0055 0.022222222222222223
0 0.661 0.708 0.0105 0.028444444444444446
0 0.67925 0.7248888888888889 0.00925 0.029777777777777778
0 0.738 0.7946666666666666 0.01075 0.028
0 0.737 0.8826666666666667 0.012 0.029333333333333333
0 0.78 0.8937777777777778 0.013 0.02311111111111111
0 0.7835 0.8364444444444444 0.00975 0.026222222222222223
0 0.80125 0.8186666666666667 0.01075 0.029777777777777778
0 0.8125 0.8502222222222222 0.01175 0.024444444444444446
0 0.553 0.47955555555555557 0.0105 0.037333333333333336
0 0.57 0.5311111111111111 0.01025 0.02711111111111111
0 0.55975 0.5444444444444444 0.01575 0.019555555555555555
0 0.59925 0.5946666666666667 0.01525 0.016444444444444446
0 0.687 0.6297777777777778 0.01075 0.029777777777777778
0 0.7205 0.64 0.013 0.028444444444444446
0 0.70825 0.6617777777777778 0.0145 0.024444444444444446
0 0.6 0.43333333333333335 0.0125 0.026222222222222223
0 0.60925 0.42177777777777775 0.0125 0.016
0 0.614 0.412 0.01 0.011555555555555555
0 0.621 0.4235555555555556 0.012 0.016444444444444446
0 0.62175 0.40844444444444444 0.01275 0.016
0 0.63475 0.42177777777777775 0.00675 0.021777777777777778
0 0.6315 0.4653333333333333 0.0135 0.014222222222222223
0 0.64 0.45155555555555554 0.01025 0.016
0 0.66725 0.38622222222222224 0.01225 0.016888888888888887
0 0.68425 0.42133333333333334 0.0135 0.018666666666666668
0 0.63975 0.40355555555555556 0.00975 0.018666666666666668
0 0.70425 0.4746666666666667 0.01475 0.017777777777777778
0 0.71375 0.4231111111111111 0.00575 0.020888888888888887
0 0.734 0.4111111111111111 0.00725 0.02311111111111111
0 0.7445 0.41244444444444445 0.00675 0.02711111111111111
0 0.72025 0.37422222222222223 0.01275 0.017777777777777778
0 0.693 0.2937777777777778 0.01275 0.019555555555555555
0 0.60825 0.22266666666666668 0.01175 0.01911111111111111
0 0.60825 0.16977777777777778 0.009 0.03333333333333333
0 0.576 0.2751111111111111 0.0115 0.030666666666666665
0 0.59425 0.2831111111111111 0.00975 0.029777777777777778
0 0.6685 0.17466666666666666 0.01425 0.020444444444444446
0 0.59425 0.0035555555555555557 0.016 0.0071111111111111115
0 0.65625 0.04711111111111111 0.0165 0.020444444444444446
0 0.63075 0.023555555555555555 0.00925 0.017777777777777778
0 0.666 0.010222222222222223 0.011 0.020444444444444446
0 0.7195 0.06177777777777778 0.011 0.021333333333333333
0 0.72425 0.04133333333333333 0.01175 0.024444444444444446
0 0.744 0.028444444444444446 0.00925 0.019555555555555555
0 0.75375 0.030666666666666665 0.0095 0.03155555555555556
0 0.678 0.7768888888888889 0.01125 0.016444444444444446
0 0.7735 0.6004444444444444 0.0095 0.03422222222222222
0 0.7785 0.5106666666666667 0.01175 0.02311111111111111
0 0.71425 0.23822222222222222 0.01025 0.03155555555555556
0 0.73025 0.2866666666666667 0.01125 0.03244444444444444
0 0.744 0.2728888888888889 0.01 0.03422222222222222
0 0.78675 0.14444444444444443 0.01975 0.015555555555555555
0 0.79825 0.11688888888888889 0.01375 0.027555555555555555
0 0.7975 0.059555555555555556 0.0085 0.024
0 0.80675 0.056 0.01375 0.03333333333333333
0 0.81925 0.010222222222222223 0.01275 0.02
0 0.84725 0.014222222222222223 0.00825 0.028
0 0.84675 0.1751111111111111 0.01175 0.03688888888888889
0 0.824 0.25422222222222224 0.01025 0.02311111111111111
0 0.804 0.3586666666666667 0.0175 0.020444444444444446
0 0.82175 0.3502222222222222 0.01275 0.020444444444444446
0 0.83975 0.336 0.009 0.03422222222222222
0 0.781 0.33244444444444443 0.0095 0.024
0 0.83 0.39911111111111114 0.016 0.020444444444444446
0 0.83 0.4613333333333333 0.0095 0.042666666666666665
0 0.4755 0.006666666666666667 0.012 0.013333333333333334
0 0.809 0.6751111111111111 0.009 0.025777777777777778
0 0.83825 0.6475555555555556 0.01375 0.03244444444444444
0 0.83825 0.6044444444444445 0.009 0.025777777777777778
0 0.82525 0.7444444444444445 0.014 0.020444444444444446
0 0.82875 0.7973333333333333 0.01375 0.020444444444444446
0 0.8395 0.7875555555555556 0.01225 0.036
0 0.84325 0.7622222222222222 0.014 0.017777777777777778
0 0.8555 0.7404444444444445 0.017 0.021333333333333333
0 0.9245 0.7302222222222222 0.01325 0.024888888888888887
0 0.93775 0.7008888888888889 0.0095 0.029777777777777778
0 0.90725 0.7044444444444444 0.01875 0.027555555555555555
0 0.9165 0.6773333333333333 0.01025 0.043555555555555556
0 0.87 0.6106666666666667 0.01125 0.024888888888888887
0 0.9085 0.5742222222222222 0.0095 0.03155555555555556
0 0.921 0.5804444444444444 0.0155 0.016444444444444446
0 0.94725 0.668 0.01025 0.03244444444444444
0 0.97025 0.7208888888888889 0.0075 0.024888888888888887
0 0.97825 0.7071111111111111 0.0075 0.024888888888888887
0 0.9845 0.7053333333333334 0.01075 0.016444444444444446
0 0.991 0.5462222222222223 0.01125 0.027555555555555555
0 0.8215 0.5275555555555556 0.01475 0.016444444444444446
0 0.83 0.5355555555555556 0.01275 0.015555555555555555
0 0.88425 0.4622222222222222 0.00725 0.028444444444444446
0 0.885 0.4488888888888889 0.0105 0.019555555555555555
0 0.89275 0.5146666666666667 0.00725 0.029333333333333333
0 0.912 0.5404444444444444 0.00675 0.016888888888888887
0 0.95775 0.5035555555555555 0.008 0.020444444444444446
0 0.975 0.46755555555555556 0.0125 0.02266666666666667
0 0.99525 0.46 0.00925 0.01911111111111111
0 0.96475 0.404 0.0165 0.013333333333333334
0 0.99525 0.36977777777777776 0.00925 0.018222222222222223
0 0.87475 0.3431111111111111 0.0085 0.029333333333333333
0 0.90725 0.2871111111111111 0.00975 0.028444444444444446
0 0.95575 0.31155555555555553 0.0105 0.03244444444444444
0 0.96725 0.23244444444444445 0.00925 0.02711111111111111
0 0.91875 0.236 0.01175 0.014222222222222223
0 0.91525 0.2262222222222222 0.01225 0.015111111111111112
0 0.90925 0.25333333333333335 0.015 0.016
0 0.87425 0.24755555555555556 0.01525 0.025777777777777778
0 0.86975 0.19644444444444445 0.008 0.02311111111111111
0 0.94025 0.16977777777777778 0.0125 0.027555555555555555
0 0.93075 0.1537777777777778 0.00775 0.029777777777777778
0 0.9375 0.14622222222222223 0.01175 0.02311111111111111
0 0.94725 0.132 0.00625 0.018666666666666668
0 0.921 0.12844444444444444 0.01625 0.015555555555555555
0 0.90175 0.08 0.01475 0.017333333333333333
0 0.9445 0.016444444444444446 0.01025 0.025777777777777778
0 0.9725 0.015555555555555555 0.0085 0.024
0 0.74075 0.16177777777777777 0.0105 0.012444444444444444
0 0.736 0.19377777777777777 0.00825 0.022222222222222223
0 0.74975 0.5871111111111111 0.011 0.021777777777777778