0 0.0445 0.2008888888888889 0.0105 0.02266666666666667
0 0.18575 0.14844444444444443 0.012 0.022222222222222223
0 0.354 0.428 0.0115 0.024
0 0.355 0.4093333333333333 0.0125 0.01911111111111111
0 0.425 0.4666666666666667 0.012 0.016888888888888887
0 0.5125 0.5017777777777778 0.009 0.027555555555555555
0 0.1575 0.8324444444444444 0.00775 0.03333333333333333
0 0.4495 0.9577777777777777 0.00975 0.026222222222222223
0 0.52025 0.49244444444444446 0.00825 0.035555555555555556
0 0.67 0.43866666666666665 0.0115 0.02711111111111111
0 0.6825 0.3164444444444444 0.01475 0.014222222222222223
0 0.6655 0.332 0.01075 0.009777777777777778
0 0.703 0.3551111111111111 0.00675 0.028888888888888888
0 0.7085 0.3728888888888889 0.011 0.016888888888888887
0 0.64225 0.3857777777777778 0.006 0.021777777777777778
0 0.7065 0.2817777777777778 0.0065 0.028888888888888888
0 0.5895 0.14622222222222223 0.01175 0.011555555555555555
0 0.6115 0.10488888888888889 0.01025 0.018222222222222223
0 0.60025 0.09688888888888889 0.0125 0.010222222222222223
0 0.7015 0.11466666666666667 0.0055 0.022222222222222223
0 0.68675 0.08266666666666667 0.009 0.021333333333333333
0 0.69775 0.07333333333333333 0.009 0.024
0 0.69375 0.07822222222222222 0.01025 0.023555555555555555
0 0.6585 0.10266666666666667 0.0065 0.029777777777777778
0 0.66975 0.08622222222222223 0.006 0.021333333333333333
0 0.69475 0.24488888888888888 0.0125 0.012444444444444444
0 0.69075 0.7471111111111111 0.00575 0.021333333333333333
0 0.702 0.736 0.01175 0.012
0 0.56275 0.9044444444444445 0.008 0.028
0 0.246 0.3804444444444444 0.012 0.014222222222222223
0 0.2565 0.3768888888888889 0.009 0.011555555555555555
0 0.56975 0.7391111111111112 0.00725 0.026222222222222223
0 0.59725 0.7502222222222222 0.01325 0.014222222222222223
0 0.51175 0.7742222222222223 0.009 0.012
0 0.2505 0.3791111111111111 0.0215 0.018666666666666668
0 0.519 0.9253333333333333 0.012 0.02311111111111111
0 0.4255 0.6031111111111112 0.01075 0.028
0 0.2215 0.4688888888888889 0.00825 0.028444444444444446
0 0.3915 0.648 0.013 0.016444444444444446
0 0.05925 0.8751111111111111 0.009 0.02666666666666667
0 0.447 0.176 0.01425 0.013777777777777778
0 0.1745 0.8635555555555555 0.008 0.024
0 0.056 0.7711111111111111 0.00825 0.024
0 0.26375 0.988 0.00825 0.024
0 0.0145 0.8626666666666667 0.009 0.022222222222222223
0 0.42375 0.9262222222222222 0.00875 0.022222222222222223
0 0.36075 0.9937777777777778 0.0085 0.012444444444444444
0 0.3335 0.892 0.01175 0.023555555555555555
0 0.48625 0.5293333333333333 0.016 0.016444444444444446
0 0.1505 0.8702222222222222 0.012 0.02
0 0.59275 0.8955555555555555 0.01325 0.024
0 0.31925 0.05511111111111111 0.0075 0.024888888888888887
0 0.62425 0.4875555555555556 0.0115 0.020888888888888887
0 0.1335 0.9164444444444444 0.007 0.025333333333333333
0 0.305 0.36533333333333334 0.0095 0.016888888888888887
0 0.379 0.10666666666666667 0.008 0.019555555555555555
0 0.1285 0.5591111111111111 0.01 0.01911111111111111
0 0.5525 0.7644444444444445 0.0105 0.020444444444444446
0 0.089 0.4111111111111111 0.0145 0.020888888888888887
0 0.229 0.8768888888888889 0.0075 0.022222222222222223
0 0.05375 0.8102222222222222 0.00875 0.024444444444444446
0 0.1155 0.6008888888888889 0.01125 0.021333333333333333
0 0.482 0.7302222222222222 0.008 0.029333333333333333
0 0.33975 0.9364444444444444 0.0085 0.01911111111111111
0 0.18625 0.46355555555555555 0.01175 0.025333333333333333
0 0.02 0.2648888888888889 0.013 0.022222222222222223
0 0.08975 0.848 0.0135 0.014666666666666666
0 0.46675 0.09822222222222222 0.01275 0.02266666666666667
0 0.068 0.5066666666666667 0.01075 0.03288888888888889
0 0.67275 0.52 0.0165 0.018666666666666668
0 0.374 0.7924444444444444 0.00925 0.018222222222222223
0 0.2505 0.6671111111111111 0.00875 0.024
0 0.43925 0.368 0.00775 0.032
0 0.30025 0.7835555555555556 0.007 0.02266666666666667
0 0.2095 0.5764444444444444 0.00875 0.026222222222222223
0 0.09475 0.2693333333333333 0.0085 0.024888888888888887
0 0.06725 0.4128888888888889 0.01225 0.013777777777777778
0 0.70075 0.628 0.01475 0.018222222222222223
0 0.10675 0.08177777777777778 0.01025 0.025333333333333333
0 0.72325 0.6008888888888889 0.007 0.029333333333333333
0 0.09725 0.5506666666666666 0.01 0.014222222222222223
0 0.27875 0.0057777777777777775 0.0095 0.011111111111111112
0 0.55725 0.2048888888888889 0.008 0.029777777777777778
0 0.0275 0.42488888888888887 0.01075 0.02666666666666667
0 0.83875 0.7924444444444444 0.01825 0.044444444444444446
0 0.3345 0.7235555555555555 0.0095 0.021333333333333333
0 0.334 0.6764444444444444 0.013 0.017777777777777778
0 0.6025 0.24622222222222223 0.015 0.016888888888888887
0 0.8475 0.444 0.01525 0.016
0 0.71475 0.6866666666666666 0.01425 0.01911111111111111
0 0.27075 0.2733333333333333 0.009 0.013777777777777778
0 0.864 0.548 0.01625 0.014666666666666666
0 0.69525 0.4573333333333333 0.017 0.019555555555555555
0 0.93575 0.2986666666666667 0.01375 0.018666666666666668
0 0.83375 0.996 0.0125 0.007555555555555556
0 0.36925 0.5288888888888889 0.00725 0.02266666666666667
0 0.79775 0.3671111111111111 0.01275 0.01911111111111111
0 0.85 0.5017777777777778 0.01625 0.017333333333333333
0 0.36725 0.31777777777777777 0.013 0.017777777777777778
0 0.94825 0.7457777777777778 0.0085 0.03422222222222222
0 0.86125 0.6466666666666666 0.007 0.021777777777777778
0 0.88575 0.6035555555555555 0.01525 0.014666666666666666
0 0.52675 0.8786666666666667 0.012 0.020888888888888887
0 0.83225 0.9013333333333333 0.01225 0.01911111111111111
0 0.864 0.8857777777777778 0.01625 0.016888888888888887
0 0.84425 0.752 0.01475 0.015111111111111112
0 0.80075 0.6728888888888889 0.00775 0.016444444444444446
0 0.8035 0.39555555555555555 0.006 0.03155555555555556
0 0.7665 0.31422222222222224 0.0125 0.013333333333333334
0 0.9505 0.26666666666666666 0.01125 0.011555555555555555
0 0.76875 0.20844444444444443 0.009 0.018222222222222223
0 0.893 0.3551111111111111 0.01175 0.011111111111111112
0 0.86325 0.37244444444444447 0.0125 0.011555555555555555
0 0.01875 0.004888888888888889 0.016 0.009333333333333334
0 0.02975 0.07244444444444445 0.00975 0.03111111111111111
0 0.04075 0.09022222222222222 0.01475 0.023555555555555555
0 0.16475 0.12844444444444444 0.013 0.017777777777777778
0 0.17025 0.11244444444444444 0.00975 0.024444444444444446
0 0.26775 0.17822222222222223 0.013 0.013777777777777778
0 0.24025 0.2564444444444444 0.01075 0.030222222222222223
0 0.35525 0.2368888888888889 0.01375 0.03244444444444444
0 0.39875 0.08355555555555555 0.01175 0.01911111111111111
0 0.3465 0.12977777777777777 0.0135 0.013777777777777778
0 0.37975 0.0057777777777777775 0.0095 0.011111111111111112
0 0.39325 0.007555555555555556 0.0155 0.015111111111111112
0 0.4075 0.009333333333333334 0.0125 0.018666666666666668
0 0.42275 0.0071111111111111115 0.0165 0.014222222222222223
0 0.4535 0.07022222222222223 0.0165 0.024888888888888887
0 0.4715 0.06755555555555555 0.01225 0.028
0 0.491 0.0057777777777777775 0.01725 0.011111111111111112
0 0.502 0.051111111111111114 0.01825 0.020888888888888887
0 0.516 0.12622222222222224 0.0105 0.03688888888888889
0 0.549 0.1408888888888889 0.016 0.020888888888888887
0 0.43925 0.30666666666666664 0.01275 0.020888888888888887
0 0.22325 0.33466666666666667 0.0085 0.024888888888888887
0 0.24375 0.3368888888888889 0.01425 0.023555555555555555
0 0.2545 0.36044444444444446 0.009 0.021333333333333333
0 0.267 0.5346666666666666 0.015 0.020444444444444446
0 0.26525 0.5173333333333333 0.01475 0.012
0 0.25675 0.544 0.01125 0.02266666666666667
0 0.247 0.6231111111111111 0.014 0.024444444444444446
0 0.22075 0.5604444444444444 0.01525 0.016444444444444446
0 0.10425 0.5008888888888889 0.0165 0.014222222222222223
0 0.083 0.8786666666666667 0.016 0.021333333333333333
0 0.25775 0.6284444444444445 0.01075 0.030222222222222223
0 0.3385 0.6226666666666667 0.01625 0.019555555555555555
0 0.348 0.6404444444444445 0.01775 0.019555555555555555
0 0.6855 0.7488888888888889 0.0065 0.03422222222222222
0 0.8865 0.06088888888888889 0.011 0.028
0 0.7955 0.013777777777777778 0.0155 0.02666666666666667
0 0.75675 0.010666666666666666 0.007 0.021333333333333333
0 0.80025 0.07288888888888889 0.01425 0.018666666666666668
0 0.80925 0.11955555555555555 0.00675 0.03244444444444444
0 0.81575 0.11955555555555555 0.00725 0.02311111111111111
0 0.777 0.08755555555555555 0.00675 0.022222222222222223
0 0.78 0.208 0.00975 0.025777777777777778
0 0.789 0.33155555555555555 0.01225 0.025333333333333333
0 0.803 0.31955555555555554 0.01 0.030666666666666665
0 0.9095 0.30266666666666664 0.01725 0.018666666666666668
0 0.90675 0.6297777777777778 0.0205 0.022222222222222223
0 0.91975 0.6528888888888889 0.0155 0.014222222222222223
0 0.95325 0.7182222222222222 0.0165 0.017777777777777778
0 0.99775 0.7888888888888889 0.00425 0.03155555555555556
0 0.99225 0.7835555555555556 0.01275 0.028
0 0.85975 0.7608888888888888 0.00925 0.024444444444444446
0 0.92925 0.8448888888888889 0.014 0.02266666666666667
0 0.89075 0.9013333333333333 0.0105 0.032
0 0.79075 0.9831111111111112 0.01275 0.03111111111111111
0 0.7785 0.9915555555555555 0.015 0.016888888888888887
0 0.80675 0.9951111111111111 0.01475 0.009333333333333334