0 0.3585 0.1537777777777778 0.015 0.020444444444444446
0 0.38775 0.1671111111111111 0.0135 0.024888888888888887
0 0.3635 0.2702222222222222 0.01125 0.015111111111111112
0 0.37175 0.25422222222222224 0.0085 0.019555555555555555
0 0.38175 0.23777777777777778 0.011 0.024
0 0.40475 0.20622222222222222 0.0145 0.017333333333333333
0 0.388 0.32 0.012 0.018666666666666668
0 0.38625 0.2897777777777778 0.0075 0.02266666666666667
0 0.3925 0.29688888888888887 0.01175 0.014222222222222223
0 0.39925 0.28755555555555556 0.00975 0.025777777777777778
0 0.41675 0.27155555555555555 0.0165 0.019555555555555555
0 0.431 0.2986666666666667 0.01 0.020444444444444446
0 0.3595 0.31733333333333336 0.013 0.029777777777777778
0 0.32025 0.2946666666666667 0.0115 0.03244444444444444
0 0.34025 0.27155555555555555 0.00925 0.029777777777777778
0 0.24425 0.004 0.014 0.008
0 0.252 0.013333333333333334 0.0125 0.023555555555555555
0 0.27825 0.022222222222222223 0.00975 0.025777777777777778
0 0.2985 0.0057777777777777775 0.0055 0.011555555555555555
0 0.353 0.042222222222222223 0.00575 0.024888888888888887
0 0.36575 0.025777777777777778 0.00875 0.02266666666666667
0 0.368 0.005333333333333333 0.01275 0.010666666666666666
0 0.37275 0.009333333333333334 0.0105 0.018666666666666668
0 0.33375 0.041777777777777775 0.01025 0.03288888888888889
0 0.29725 0.043111111111111114 0.0115 0.025333333333333333
0 0.19525 0.1 0.0155 0.020444444444444446
0 0.22 0.07955555555555556 0.00975 0.026222222222222223
0 0.22875 0.07288888888888889 0.0115 0.026222222222222223
0 0.237 0.09777777777777778 0.01275 0.026222222222222223
0 0.26 0.08222222222222222 0.01325 0.013777777777777778
0 0.2565 0.11288888888888889 0.0135 0.014222222222222223
0 0.219 0.15066666666666667 0.016 0.021777777777777778
0 0.19 0.15155555555555555 0.01175 0.030222222222222223
0 0.1745 0.13866666666666666 0.00925 0.024
0 0.163 0.1688888888888889 0.01575 0.011555555555555555
0 0.1735 0.21422222222222223 0.0095 0.025777777777777778
0 0.18775 0.2568888888888889 0.011 0.021777777777777778
0 0.206 0.28 0.016 0.03155555555555556
0 0.296 0.072 0.01275 0.015555555555555555
0 0.27325 0.10888888888888888 0.009 0.029777777777777778
0 0.256 0.13822222222222222 0.01325 0.017333333333333333
0 0.3105 0.09777777777777778 0.00725 0.02266666666666667
0 0.32 0.08666666666666667 0.0105 0.022222222222222223
0 0.298 0.1431111111111111 0.013 0.014222222222222223
0 0.29575 0.12266666666666666 0.00775 0.024888888888888887
0 0.29425 0.11555555555555555 0.0115 0.021777777777777778
0 0.30175 0.12088888888888889 0.007 0.024444444444444446
0 0.30775 0.12311111111111112 0.008 0.021777777777777778
0 0.31375 0.12355555555555556 0.00925 0.02
0 0.31525 0.11155555555555556 0.01075 0.012888888888888889
0 0.32025 0.11911111111111111 0.008 0.021333333333333333
0 0.358 0.13955555555555554 0.01075 0.016888888888888887
0 0.365 0.10444444444444445 0.01175 0.02266666666666667
0 0.38025 0.04577777777777778 0.00475 0.024888888888888887
0 0.386 0.051555555555555556 0.011 0.012888888888888889
0 0.1115 0.2262222222222222 0.00875 0.024888888888888887
0 0.141 0.23377777777777778 0.0085 0.025777777777777778
0 0.10875 0.31333333333333335 0.01325 0.01911111111111111
0 0.12525 0.31155555555555553 0.0065 0.019555555555555555
0 0.135 0.3128888888888889 0.01375 0.011555555555555555
0 0.1315 0.30133333333333334 0.01525 0.012888888888888889
0 0.13275 0.2951111111111111 0.0145 0.013333333333333334
0 0.136 0.27066666666666667 0.0075 0.016888888888888887
0 0.17375 0.3217777777777778 0.0085 0.022222222222222223
0 0.1745 0.3088888888888889 0.0115 0.014222222222222223
0 0.1365 0.35288888888888886 0.0095 0.024888888888888887
0 0.14 0.3248888888888889 0.01 0.015555555555555555
0 0.18725 0.33155555555555555 0.008 0.021777777777777778
0 0.18675 0.3191111111111111 0.01 0.015111111111111112
0 0.22075 0.23644444444444446 0.01075 0.012888888888888889
0 0.229 0.248 0.0085 0.025777777777777778
0 0.24125 0.23333333333333334 0.01225 0.020444444444444446
0 0.24625 0.192 0.008 0.01911111111111111
0 0.2605 0.17644444444444443 0.0065 0.013333333333333334
0 0.267 0.18844444444444444 0.00675 0.021777777777777778
0 0.269 0.17733333333333334 0.01 0.019555555555555555
0 0.27375 0.18355555555555556 0.00575 0.018222222222222223
0 0.27825 0.188 0.00725 0.02311111111111111
0 0.289 0.21866666666666668 0.01025 0.027555555555555555
0 0.25825 0.224 0.011 0.022222222222222223
0 0.265 0.2613333333333333 0.01475 0.014222222222222223
0 0.263 0.252 0.00925 0.011555555555555555
0 0.27625 0.2648888888888889 0.01 0.019555555555555555
0 0.28375 0.26666666666666666 0.01025 0.01911111111111111
0 0.29925 0.18933333333333333 0.011 0.013333333333333334
0 0.3065 0.19244444444444445 0.008 0.01911111111111111
0 0.21475 0.34044444444444444 0.011 0.020888888888888887
0 0.22625 0.332 0.00825 0.024888888888888887
0 0.2305 0.3128888888888889 0.01425 0.017333333333333333
0 0.24025 0.2902222222222222 0.0075 0.026222222222222223
0 0.20275 0.404 0.00875 0.026222222222222223
0 0.2075 0.38222222222222224 0.00725 0.025333333333333333
0 0.22075 0.36 0.014 0.017777777777777778
0 0.213 0.4 0.011 0.02266666666666667
0 0.184 0.4008888888888889 0.00725 0.026222222222222223
0 0.16975 0.38177777777777777 0.01175 0.018666666666666668
0 0.18175 0.3728888888888889 0.01075 0.02266666666666667
0 0.1525 0.3497777777777778 0.01525 0.016444444444444446
0 0.12375 0.3462222222222222 0.0125 0.017777777777777778
0 0.1285 0.4008888888888889 0.014 0.017777777777777778
0 0.11325 0.4102222222222222 0.01 0.02711111111111111
0 0.12825 0.38622222222222224 0.0065 0.02266666666666667
0 0.1365 0.39244444444444443 0.0085 0.02266666666666667
0 0.1475 0.3884444444444444 0.012 0.022222222222222223
0 0.16475 0.4235555555555556 0.013 0.02311111111111111
0 0.25275 0.4022222222222222 0.01 0.013333333333333334
0 0.26525 0.376 0.0085 0.026222222222222223
0 0.2735 0.3151111111111111 0.00625 0.023555555555555555
0 0.2785 0.3111111111111111 0.00825 0.017777777777777778
0 0.28625 0.3328888888888889 0.0105 0.016444444444444446
0 0.285 0.31022222222222223 0.0095 0.018666666666666668
0 0.2985 0.3244444444444444 0.00925 0.030666666666666665
0 0.32425 0.23022222222222222 0.012 0.017777777777777778
0 0.336 0.23822222222222222 0.0085 0.021333333333333333
0 0.34375 0.24755555555555556 0.01075 0.017777777777777778
0 0.36075 0.25333333333333335 0.0085 0.019555555555555555
0 0.38025 0.2848888888888889 0.0045 0.013333333333333334
0 0.4225 0.24933333333333332 0.012 0.012888888888888889
0 0.43225 0.25066666666666665 0.00925 0.02311111111111111
0 0.4335 0.22444444444444445 0.013 0.025777777777777778
0 0.44725 0.2564444444444444 0.013 0.022222222222222223
0 0.4395 0.31777777777777777 0.00975 0.02266666666666667
0 0.43725 0.30133333333333334 0.01175 0.017333333333333333
0 0.44925 0.2773333333333333 0.00825 0.021333333333333333
0 0.4565 0.2871111111111111 0.01275 0.01911111111111111
0 0.47175 0.29244444444444445 0.01 0.022222222222222223
0 0.46825 0.2604444444444444 0.00975 0.02311111111111111
0 0.455 0.2008888888888889 0.00625 0.027555555555555555
0 0.4535 0.1768888888888889 0.00925 0.02711111111111111
0 0.45175 0.16133333333333333 0.00625 0.01911111111111111
0 0.45775 0.1448888888888889 0.007 0.027555555555555555
0 0.46825 0.1431111111111111 0.01475 0.02
0 0.43025 0.144 0.01475 0.01911111111111111
0 0.41525 0.11066666666666666 0.011 0.032
0 0.42475 0.12533333333333332 0.01375 0.012888888888888889
0 0.408 0.09555555555555556 0.018 0.022222222222222223
0 0.437 0.06844444444444445 0.0155 0.017333333333333333
0 0.453 0.044 0.011 0.02
0 0.46875 0.050222222222222224 0.01375 0.020888888888888887
0 0.45575 0.09822222222222222 0.01375 0.01911111111111111
0 0.4885 0.06488888888888888 0.0155 0.017333333333333333
0 0.5035 0.06577777777777778 0.01175 0.02311111111111111
0 0.4845 0.0951111111111111 0.00675 0.018222222222222223
0 0.48575 0.08933333333333333 0.0095 0.016
0 0.48725 0.08177777777777778 0.0115 0.011555555555555555
0 0.5125 0.042222222222222223 0.0075 0.018666666666666668
0 0.502 0.024 0.0105 0.017777777777777778
0 0.4885 0.021777777777777778 0.00675 0.018222222222222223
0 0.50425 0.004888888888888889 0.0085 0.009777777777777778
0 0.51475 0.009777777777777778 0.00925 0.01911111111111111
0 0.52975 0.010222222222222223 0.0085 0.020444444444444446
0 0.5675 0.004888888888888889 0.0125 0.009777777777777778
0 0.579 0.0044444444444444444 0.011 0.008888888888888889
0 0.57175 0.018666666666666668 0.00825 0.022222222222222223
0 0.55625 0.04088888888888889 0.013 0.013333333333333334
0 0.531 0.08533333333333333 0.0125 0.017777777777777778
0 0.4995 0.10355555555555555 0.011 0.02
0 0.51825 0.11466666666666667 0.013 0.012444444444444444
0 0.50025 0.13866666666666666 0.0095 0.02266666666666667
0 0.48925 0.14133333333333334 0.01075 0.019555555555555555
0 0.509 0.15333333333333332 0.00875 0.024888888888888887
0 0.51725 0.16844444444444445 0.0125 0.018666666666666668
0 0.535 0.14755555555555555 0.00825 0.02311111111111111
0 0.543 0.144 0.0095 0.021333333333333333
0 0.53275 0.11911111111111111 0.01125 0.021333333333333333
0 0.53425 0.10755555555555556 0.0145 0.012
0 0.54 0.11333333333333333 0.007 0.02311111111111111
0 0.54875 0.12533333333333332 0.011 0.014666666666666666
0 0.548 0.11866666666666667 0.0125 0.018222222222222223
0 0.55625 0.12933333333333333 0.01075 0.01911111111111111
0 0.56375 0.10577777777777778 0.011 0.016888888888888887
0 0.57025 0.10444444444444445 0.007 0.01911111111111111
0 0.58025 0.10977777777777778 0.00775 0.020888888888888887
0 0.56 0.06844444444444445 0.0105 0.012444444444444444
0 0.568 0.07155555555555555 0.012 0.013333333333333334
0 0.5755 0.07555555555555556 0.00875 0.013333333333333334
0 0.59475 0.08666666666666667 0.0115 0.016888888888888887
0 0.6035 0.07866666666666666 0.0115 0.010222222222222223
0 0.613 0.14133333333333334 0.0085 0.025777777777777778
0 0.61425 0.12666666666666668 0.01325 0.011111111111111112
0 0.6125 0.11422222222222222 0.0105 0.017777777777777778
0 0.609 0.15955555555555556 0.0095 0.024888888888888887
0 0.59125 0.15288888888888888 0.0125 0.021333333333333333
0 0.58025 0.17644444444444443 0.00625 0.020444444444444446
0 0.59675 0.1791111111111111 0.0125 0.017777777777777778
0 0.60925 0.18666666666666668 0.01 0.019555555555555555
0 0.587 0.1942222222222222 0.011 0.013777777777777778
0 0.55975 0.19555555555555557 0.00675 0.017777777777777778
0 0.56425 0.184 0.01325 0.011555555555555555
0 0.57325 0.19955555555555557 0.00875 0.018222222222222223
0 0.56575 0.21244444444444444 0.01375 0.009777777777777778
0 0.58125 0.22266666666666668 0.0125 0.014222222222222223
0 0.58 0.24266666666666667 0.018 0.013777777777777778
0 0.57425 0.26311111111111113 0.013 0.017777777777777778
0 0.5645 0.25733333333333336 0.00625 0.017333333333333333
0 0.556 0.2511111111111111 0.0075 0.024444444444444446
0 0.54675 0.20755555555555555 0.00675 0.021333333333333333
0 0.531 0.2248888888888889 0.0115 0.014222222222222223
0 0.525 0.2048888888888889 0.0105 0.019555555555555555
0 0.543 0.192 0.007 0.012888888888888889
0 0.50025 0.2137777777777778 0.009 0.011111111111111112
0 0.498 0.20355555555555555 0.0095 0.009333333333333334
0 0.501 0.1942222222222222 0.009 0.012888888888888889
0 0.51475 0.212 0.009 0.012444444444444444
0 0.50425 0.22266666666666668 0.0095 0.017333333333333333
0 0.52175 0.25155555555555553 0.00675 0.022222222222222223
0 0.5135 0.25022222222222223 0.012 0.012888888888888889
0 0.50775 0.25866666666666666 0.00825 0.013777777777777778
0 0.499 0.27111111111111114 0.009 0.019555555555555555
0 0.5 0.2551111111111111 0.0115 0.014222222222222223
0 0.4845 0.26 0.00775 0.01911111111111111
0 0.49325 0.2791111111111111 0.01125 0.018222222222222223
0 0.4935 0.31244444444444447 0.008 0.020444444444444446
0 0.51875 0.31777777777777777 0.012 0.015555555555555555
0 0.55325 0.28888888888888886 0.015 0.013333333333333334
0 0.554 0.2751111111111111 0.01325 0.012
0 0.54925 0.2826666666666667 0.01175 0.013777777777777778
0 0.54925 0.30133333333333334 0.0125 0.013777777777777778
0 0.56425 0.31244444444444447 0.016 0.015111111111111112
0 0.58825 0.30177777777777776 0.0125 0.017777777777777778
0 0.5935 0.30977777777777776 0.0125 0.009333333333333334
0 0.589 0.32 0.01 0.015555555555555555
0 0.57975 0.32 0.0105 0.010222222222222223
0 0.56975 0.3333333333333333 0.0085 0.022222222222222223
0 0.582 0.3462222222222222 0.015 0.014222222222222223
0 0.61125 0.2853333333333333 0.009 0.022222222222222223
0 0.61525 0.27244444444444443 0.0145 0.013777777777777778
0 0.61925 0.31066666666666665 0.00775 0.024888888888888887
0 0.6205 0.07466666666666667 0.0095 0.024888888888888887
0 0.0865 0.352 0.00875 0.020444444444444446
0 0.071 0.35777777777777775 0.00825 0.016888888888888887
0 0.08025 0.37066666666666664 0.00825 0.024888888888888887
0 0.0775 0.3977777777777778 0.0155 0.017777777777777778
0 0.0915 0.4471111111111111 0.00875 0.026222222222222223
0 0.08025 0.456 0.013 0.014666666666666666
0 0.12775 0.49822222222222223 0.0085 0.013777777777777778
0 0.12075 0.5048888888888889 0.0095 0.017777777777777778
0 0.11325 0.5186666666666667 0.0135 0.025777777777777778
0 0.14625 0.5075555555555555 0.0095 0.019555555555555555
0 0.1165 0.548 0.01375 0.012
0 0.11825 0.5404444444444444 0.0125 0.012888888888888889
0 0.15375 0.5546666666666666 0.0145 0.012
0 0.1615 0.5555555555555556 0.0115 0.015555555555555555
0 0.095 0.5506666666666666 0.00975 0.020444444444444446
0 0.071 0.5275555555555556 0.0065 0.026222222222222223
0 0.0705 0.49422222222222223 0.014 0.012444444444444444
0 0.073 0.4875555555555556 0.00725 0.015555555555555555
0 0.02675 0.4351111111111111 0.00875 0.017333333333333333
0 0.0085 0.4791111111111111 0.00625 0.021333333333333333
0 0.01875 0.492 0.0115 0.018666666666666668
0 0.00575 0.5102222222222222 0.00575 0.02311111111111111
0 0.04375 0.4448888888888889 0.01 0.021333333333333333
0 0.0485 0.4537777777777778 0.00975 0.016888888888888887
0 0.03425 0.48 0.013 0.018222222222222223
0 0.04475 0.48488888888888887 0.0105 0.017777777777777778
0 0.04825 0.5235555555555556 0.013 0.013333333333333334
0 0.0505 0.5453333333333333 0.009 0.025333333333333333
0 0.1345 0.5755555555555556 0.00925 0.028
0 0.1485 0.5884444444444444 0.00775 0.021333333333333333
0 0.12125 0.5808888888888889 0.0105 0.013777777777777778
0 0.14925 0.6075555555555555 0.013 0.015555555555555555
0 0.15525 0.6137777777777778 0.00825 0.027555555555555555
0 0.07625 0.6182222222222222 0.016 0.016888888888888887
0 0.051 0.6244444444444445 0.008 0.012444444444444444
0 0.01075 0.5782222222222222 0.0155 0.01911111111111111
0 0.01475 0.6204444444444445 0.009 0.008444444444444444
0 0.01 0.6386666666666667 0.01225 0.024444444444444446
0 0.03375 0.6564444444444445 0.015 0.021777777777777778
0 0.0385 0.6813333333333333 0.0165 0.017777777777777778
0 0.07675 0.6635555555555556 0.00875 0.02266666666666667
0 0.08725 0.6875555555555556 0.00775 0.023555555555555555
0 0.10925 0.6751111111111111 0.0125 0.016888888888888887
0 0.11 0.664 0.0145 0.014222222222222223
0 0.1135 0.6795555555555556 0.014 0.012888888888888889
0 0.126 0.6697777777777778 0.015 0.011555555555555555
0 0.12575 0.6893333333333334 0.014 0.01911111111111111
0 0.145 0.708 0.015 0.012888888888888889
0 0.119 0.7177777777777777 0.01075 0.016
0 0.08575 0.7315555555555555 0.01175 0.015555555555555555
0 0.10775 0.7546666666666667 0.013 0.01911111111111111
0 0.07225 0.7373333333333333 0.013 0.015555555555555555
0 0.059 0.74 0.011 0.013777777777777778
0 0.0365 0.7511111111111111 0.01725 0.013777777777777778
0 0.15175 0.7608888888888888 0.0145 0.018666666666666668
0 0.1565 0.7897777777777778 0.014 0.014222222222222223
0 0.15325 0.804 0.014 0.016
0 0.11525 0.8164444444444444 0.013 0.012888888888888889
0 0.15525 0.836 0.015 0.021333333333333333
0 0.1365 0.8644444444444445 0.0125 0.02
0 0.1435 0.8653333333333333 0.01 0.011111111111111112
0 0.11 0.8617777777777778 0.00575 0.02311111111111111
0 0.105 0.8537777777777777 0.0105 0.014666666666666666
0 0.0955 0.8568888888888889 0.00725 0.025333333333333333
0 0.08725 0.8528888888888889 0.0075 0.019555555555555555
0 0.0865 0.7844444444444445 0.0165 0.013777777777777778
0 0.03825 0.8146666666666667 0.01 0.028444444444444446
0 0.104 0.8195555555555556 0.0065 0.015111111111111112
0 0.016 0.8111111111111111 0.013 0.016444444444444446
0 0.016 0.7746666666666666 0.0135 0.016888888888888887
0 0.02025 0.8546666666666667 0.01175 0.011111111111111112
0 0.031 0.8666666666666667 0.011 0.010222222222222223
0 0.02275 0.8826666666666667 0.00775 0.017777777777777778
0 0.02725 0.8853333333333333 0.00925 0.014222222222222223
0 0.007 0.9062222222222223 0.012 0.021333333333333333
0 0.06475 0.9084444444444445 0.00725 0.022222222222222223
0 0.0595 0.9186666666666666 0.014 0.012888888888888889
0 0.11175 0.8853333333333333 0.0145 0.012
0 0.11675 0.8968888888888888 0.01 0.017777777777777778
0 0.13575 0.9048888888888889 0.0145 0.011555555555555555
0 0.14825 0.9151111111111111 0.00975 0.015555555555555555
0 0.00475 0.9453333333333334 0.0095 0.013333333333333334
0 0.00175 0.9351111111111111 0.0035 0.018666666666666668
0 0.019 0.9893333333333333 0.0115 0.020444444444444446
0 0.028 0.9346666666666666 0.012 0.009777777777777778
0 0.03425 0.9426666666666667 0.01175 0.012888888888888889
0 0.04475 0.9457777777777778 0.01075 0.012444444444444444
0 0.05225 0.9502222222222222 0.00675 0.016
0 0.09575 0.964 0.01075 0.016888888888888887
0 0.1085 0.9857777777777778 0.008 0.025333333333333333
0 0.128 0.9462222222222222 0.0095 0.024888888888888887
0 0.1655 0.9591111111111111 0.0135 0.018222222222222223
0 0.17325 0.45555555555555555 0.01275 0.019555555555555555
0 0.2125 0.432 0.01125 0.017777777777777778
0 0.25325 0.4177777777777778 0.0125 0.015111111111111112
0 0.244 0.43377777777777776 0.0115 0.016888888888888887
0 0.2385 0.45066666666666666 0.009 0.013333333333333334
0 0.24425 0.47644444444444445 0.01775 0.014666666666666666
0 0.30075 0.3831111111111111 0.01025 0.026222222222222223
0 0.291 0.424 0.01025 0.018222222222222223
0 0.31075 0.4391111111111111 0.014 0.014222222222222223
0 0.2905 0.4608888888888889 0.0135 0.020888888888888887
0 0.203 0.5186666666666667 0.00775 0.025333333333333333
0 0.2215 0.5426666666666666 0.01175 0.023555555555555555
0 0.23825 0.5795555555555556 0.00875 0.021333333333333333
0 0.23825 0.5613333333333334 0.0095 0.013777777777777778
0 0.254 0.5506666666666666 0.00775 0.027555555555555555
0 0.2695 0.5422222222222223 0.00525 0.027555555555555555
0 0.2775 0.5346666666666666 0.01325 0.013777777777777778
0 0.30975 0.5502222222222222 0.008 0.02311111111111111
0 0.28525 0.5728888888888889 0.00825 0.018222222222222223
0 0.3055 0.5871111111111111 0.00775 0.021333333333333333
0 0.29075 0.5897777777777777 0.00925 0.024
0 0.213 0.5751111111111111 0.0095 0.016
0 0.21825 0.588 0.00675 0.02266666666666667
0 0.23025 0.5928888888888889 0.01275 0.011111111111111112
0 0.2635 0.6048888888888889 0.01175 0.017333333333333333
0 0.2065 0.6253333333333333 0.013 0.014666666666666666
0 0.207 0.6111111111111112 0.01075 0.013777777777777778
0 0.30925 0.6124444444444445 0.014 0.012444444444444444
0 0.3005 0.6293333333333333 0.015 0.013777777777777778
0 0.281 0.6506666666666666 0.01125 0.010222222222222223
0 0.28525 0.6435555555555555 0.00725 0.021333333333333333
0 0.28725 0.6328888888888888 0.01275 0.016444444444444446
0 0.271 0.6546666666666666 0.014 0.020888888888888887
0 0.242 0.6377777777777778 0.0095 0.021777777777777778
0 0.20375 0.6555555555555556 0.01475 0.012888888888888889
0 0.1905 0.6684444444444444 0.012 0.017333333333333333
0 0.20675 0.6933333333333334 0.0125 0.012888888888888889
0 0.22575 0.6817777777777778 0.01525 0.012
0 0.21875 0.7017777777777777 0.00725 0.021333333333333333
0 0.22375 0.7222222222222222 0.011 0.018666666666666668
0 0.203 0.7097777777777777 0.0135 0.010666666666666666
0 0.17575 0.7075555555555556 0.0115 0.011555555555555555
0 0.169 0.7235555555555555 0.00725 0.018666666666666668
0 0.1735 0.7422222222222222 0.014 0.01911111111111111
0 0.18925 0.7564444444444445 0.016 0.011555555555555555
0 0.1715 0.7697777777777778 0.00825 0.021777777777777778
0 0.216 0.7582222222222222 0.01375 0.016444444444444446
0 0.224 0.7791111111111111 0.0175 0.013777777777777778
0 0.23675 0.7217777777777777 0.0095 0.014222222222222223
0 0.19225 0.7128888888888889 0.0115 0.016888888888888887
0 0.26025 0.7266666666666667 0.016 0.015555555555555555
0 0.27125 0.7048888888888889 0.01425 0.013777777777777778
0 0.2895 0.6942222222222222 0.01075 0.01911111111111111
0 0.29875 0.7071111111111111 0.00925 0.027555555555555555
0 0.31325 0.7057777777777777 0.013 0.019555555555555555
0 0.31575 0.7164444444444444 0.008 0.022222222222222223
0 0.28375 0.716 0.011 0.012888888888888889
0 0.322 0.7368888888888889 0.0125 0.012888888888888889
0 0.3245 0.7586666666666667 0.0075 0.027555555555555555
0 0.3185 0.7684444444444445 0.01025 0.01911111111111111
0 0.32675 0.7853333333333333 0.0105 0.017333333333333333
0 0.32825 0.8031111111111111 0.0135 0.018666666666666668
0 0.2995 0.7688888888888888 0.0155 0.012888888888888889
0 0.2065 0.8355555555555556 0.0135 0.012
0 0.2055 0.8248888888888889 0.0135 0.013333333333333334
0 0.188 0.8568888888888889 0.01075 0.019555555555555555
0 0.193 0.8662222222222222 0.00525 0.021777777777777778
0 0.199 0.8595555555555555 0.00775 0.017333333333333333
0 0.20725 0.8702222222222222 0.00625 0.018666666666666668
0 0.23825 0.8653333333333333 0.00725 0.020444444444444446
0 0.26675 0.8413333333333334 0.0135 0.015555555555555555
0 0.27425 0.8666666666666667 0.00875 0.022222222222222223
0 0.2625 0.8871111111111111 0.016 0.013777777777777778
0 0.25775 0.8808888888888889 0.014 0.011111111111111112
0 0.259 0.9008888888888889 0.01 0.012888888888888889
0 0.31625 0.8471111111111111 0.0115 0.012888888888888889
0 0.32725 0.8715555555555555 0.00825 0.021333333333333333
0 0.199 0.8853333333333333 0.00725 0.020888888888888887
0 0.2055 0.8915555555555555 0.0105 0.020444444444444446
0 0.18825 0.8995555555555556 0.012 0.013777777777777778
0 0.20825 0.9248888888888889 0.00825 0.021333333333333333
0 0.18075 0.9355555555555556 0.009 0.021333333333333333
0 0.19425 0.9542222222222222 0.015 0.012
0 0.19025 0.944 0.01325 0.012888888888888889
0 0.23125 0.9297777777777778 0.00775 0.025777777777777778
0 0.239 0.9288888888888889 0.00925 0.02311111111111111
0 0.24625 0.9622222222222222 0.012 0.018222222222222223
0 0.2555 0.9586666666666667 0.012 0.013777777777777778
0 0.22675 0.992 0.01375 0.015555555555555555
0 0.23475 0.9968888888888889 0.0065 0.006222222222222222
0 0.258 0.9902222222222222 0.01525 0.012888888888888889
0 0.279 0.9155555555555556 0.01325 0.014666666666666666
0 0.243 0.9102222222222223 0.012 0.016888888888888887
0 0.236 0.9066666666666666 0.01025 0.015555555555555555
0 0.3005 0.9053333333333333 0.01325 0.017777777777777778
0 0.2955 0.9288888888888889 0.009 0.025777777777777778
0 0.30825 0.9675555555555555 0.00775 0.02666666666666667
0 0.338 0.9124444444444444 0.012 0.014666666666666666
0 0.332 0.9711111111111111 0.00775 0.02711111111111111
0 0.32975 0.9435555555555556 0.00925 0.016888888888888887
0 0.36025 0.9626666666666667 0.0095 0.021333333333333333
0 0.3645 0.9751111111111112 0.016 0.014666666666666666
0 0.363 0.9911111111111112 0.014 0.017777777777777778
0 0.39275 0.9968888888888889 0.0145 0.006222222222222222
0 0.3835 0.924 0.009 0.017777777777777778
0 0.39025 0.9235555555555556 0.0095 0.024444444444444446
0 0.3955 0.9053333333333333 0.0055 0.019555555555555555
0 0.40125 0.9217777777777778 0.01125 0.01911111111111111
0 0.40225 0.9093333333333333 0.01 0.024888888888888887
0 0.41425 0.9017777777777778 0.013 0.014666666666666666
0 0.428 0.9048888888888889 0.01325 0.014666666666666666
0 0.44175 0.9071111111111111 0.01275 0.014666666666666666
0 0.4625 0.8986666666666666 0.011 0.010222222222222223
0 0.45675 0.9413333333333334 0.012 0.017333333333333333
0 0.44075 0.948 0.01025 0.01911111111111111
0 0.44725 0.968 0.01475 0.013333333333333334
0 0.45625 0.9684444444444444 0.00775 0.022222222222222223
0 0.4565 0.9968888888888889 0.014 0.006222222222222222
0 0.47275 0.9933333333333333 0.0155 0.013333333333333334
0 0.34425 0.8702222222222222 0.00625 0.022222222222222223
0 0.348 0.8528888888888889 0.01425 0.012444444444444444
0 0.33075 0.7253333333333334 0.01125 0.010222222222222223
0 0.34575 0.8097777777777778 0.011 0.012888888888888889
0 0.3485 0.8208888888888889 0.00575 0.021777777777777778
0 0.374 0.8297777777777777 0.0135 0.012888888888888889
0 0.379 0.8213333333333334 0.01375 0.008888888888888889
0 0.39225 0.8435555555555555 0.0145 0.014222222222222223
0 0.407 0.852 0.00725 0.02266666666666667
0 0.36425 0.7875555555555556 0.00675 0.02
0 0.37475 0.7448888888888889 0.0145 0.012888888888888889
0 0.3955 0.7591111111111111 0.01225 0.015555555555555555
0 0.3765 0.6906666666666667 0.0135 0.016
0 0.34675 0.6773333333333333 0.014 0.014222222222222223
0 0.32775 0.6804444444444444 0.00625 0.02
0 0.34075 0.66 0.006 0.02311111111111111
0 0.3295 0.6386666666666667 0.00625 0.012888888888888889
0 0.325 0.6293333333333333 0.00625 0.02266666666666667
0 0.338 0.5928888888888889 0.009 0.022222222222222223
0 0.3225 0.5706666666666667 0.00675 0.024
0 0.37025 0.6168888888888889 0.0145 0.014222222222222223
0 0.3755 0.6346666666666667 0.0145 0.013333333333333334
0 0.379 0.6622222222222223 0.009 0.018666666666666668
0 0.40475 0.6768888888888889 0.00825 0.020888888888888887
0 0.42475 0.644 0.0145 0.014666666666666666
0 0.43625 0.6368888888888888 0.015 0.011111111111111112
0 0.44225 0.6235555555555555 0.00575 0.021777777777777778
0 0.43825 0.6457777777777778 0.00775 0.015111111111111112
0 0.4375 0.6635555555555556 0.0075 0.019555555555555555
0 0.44975 0.668 0.00675 0.02311111111111111
0 0.46075 0.6706666666666666 0.01325 0.016888888888888887
0 0.45775 0.6786666666666666 0.01175 0.012
0 0.4725 0.6702222222222223 0.012 0.017777777777777778
0 0.467 0.6248888888888889 0.012 0.013777777777777778
0 0.4175 0.604 0.011 0.010222222222222223
0 0.421 0.5986666666666667 0.01125 0.019555555555555555
0 0.4045 0.6 0.012 0.015555555555555555
0 0.422 0.5835555555555556 0.00675 0.017777777777777778
0 0.398 0.576 0.0175 0.013777777777777778
0 0.38925 0.5684444444444444 0.01325 0.016888888888888887
0 0.34375 0.56 0.013 0.012
0 0.349 0.5573333333333333 0.009 0.02311111111111111
0 0.36125 0.52 0.011 0.021333333333333333
0 0.33375 0.4915555555555556 0.012 0.021333333333333333
0 0.35425 0.4831111111111111 0.00925 0.025777777777777778
0 0.3815 0.5111111111111111 0.01525 0.015111111111111112
0 0.3935 0.49777777777777776 0.0095 0.015111111111111112
0 0.4015 0.5395555555555556 0.014 0.013777777777777778
0 0.42775 0.5062222222222222 0.0105 0.014666666666666666
0 0.434 0.512 0.015 0.010222222222222223
0 0.44375 0.5053333333333333 0.00725 0.023555555555555555
0 0.4435 0.5408888888888889 0.009 0.026222222222222223
0 0.4675 0.5124444444444445 0.01175 0.018222222222222223
0 0.45475 0.4871111111111111 0.009 0.022222222222222223
0 0.43525 0.5008888888888889 0.011 0.013777777777777778
0 0.437 0.49333333333333335 0.013 0.011111111111111112
0 0.461 0.5853333333333334 0.01175 0.021333333333333333
0 0.33975 0.4448888888888889 0.00875 0.015555555555555555
0 0.345 0.4613333333333333 0.00625 0.017777777777777778
0 0.35275 0.4431111111111111 0.0125 0.01911111111111111
0 0.362 0.4457777777777778 0.0135 0.016
0 0.36825 0.4368888888888889 0.01175 0.021333333333333333
0 0.39275 0.4493333333333333 0.0155 0.013777777777777778
0 0.385 0.4653333333333333 0.0125 0.011555555555555555
0 0.38125 0.47333333333333333 0.0115 0.017333333333333333
0 0.32475 0.39866666666666667 0.01125 0.012888888888888889
0 0.35175 0.4022222222222222 0.013 0.013777777777777778
0 0.334 0.3711111111111111 0.0115 0.012888888888888889
0 0.409 0.3942222222222222 0.01225 0.010222222222222223
0 0.40075 0.4062222222222222 0.007 0.021333333333333333
0 0.4355 0.38177777777777777 0.00625 0.033777777777777775
0 0.4385 0.35733333333333334 0.014 0.016
0 0.44425 0.4071111111111111 0.011 0.015111111111111112
0 0.444 0.43333333333333335 0.0105 0.012888888888888889
0 0.44175 0.4275555555555556 0.01075 0.014666666666666666
0 0.45275 0.43777777777777777 0.0125 0.014666666666666666
0 0.4555 0.4573333333333333 0.01025 0.020444444444444446
0 0.462 0.4582222222222222 0.00775 0.02311111111111111
0 0.46175 0.476 0.01125 0.016888888888888887
0 0.4585 0.5262222222222223 0.005 0.019555555555555555
0 0.463 0.5288888888888889 0.0085 0.009333333333333334
0 0.48375 0.45866666666666667 0.00925 0.014666666666666666
0 0.455 0.3506666666666667 0.00725 0.028444444444444446
0 0.461 0.3462222222222222 0.00825 0.02266666666666667
0 0.4625 0.6977777777777778 0.009 0.024
0 0.4695 0.6995555555555556 0.01175 0.012444444444444444
0 0.4625 0.728 0.009 0.02266666666666667
0 0.46875 0.7382222222222222 0.01 0.012888888888888889
0 0.44075 0.7293333333333333 0.015 0.011111111111111112
0 0.43175 0.7444444444444445 0.0065 0.025333333333333333
0 0.442 0.7515555555555555 0.0085 0.021333333333333333
0 0.45725 0.7795555555555556 0.0145 0.018222222222222223
0 0.46375 0.8088888888888889 0.012 0.020444444444444446
0 0.4625 0.8328888888888889 0.01175 0.019555555555555555
0 0.45075 0.8351111111111111 0.01175 0.012444444444444444
0 0.44275 0.8373333333333334 0.013 0.012888888888888889
0 0.48175 0.8724444444444445 0.0145 0.010222222222222223
0 0.483 0.8595555555555555 0.0085 0.020444444444444446
0 0.48975 0.8555555555555555 0.0105 0.009333333333333334
0 0.49525 0.8457777777777777 0.0125 0.013777777777777778
0 0.49175 0.828 0.00875 0.02311111111111111
0 0.48375 0.8884444444444445 0.00775 0.02
0 0.48925 0.8995555555555556 0.011 0.014222222222222223
0 0.50075 0.9146666666666666 0.015 0.012444444444444444
0 0.50025 0.9013333333333333 0.0125 0.014666666666666666
0 0.50425 0.9435555555555556 0.01 0.010222222222222223
0 0.532 0.9222222222222223 0.016 0.012888888888888889
0 0.544 0.8955555555555555 0.0165 0.016888888888888887
0 0.5135 0.9768888888888889 0.014 0.016888888888888887
0 0.525 0.9715555555555555 0.011 0.019555555555555555
0 0.536 0.9635555555555556 0.0095 0.022222222222222223
0 0.5405 0.9524444444444444 0.01175 0.014222222222222223
0 0.55125 0.992 0.00725 0.015555555555555555
0 0.55475 0.9813333333333333 0.00725 0.019555555555555555
0 0.55875 0.9955555555555555 0.014 0.008444444444444444
0 0.48875 0.796 0.01125 0.013333333333333334
0 0.4945 0.7604444444444445 0.0115 0.01911111111111111
0 0.48725 0.7582222222222222 0.00625 0.01911111111111111
0 0.481 0.7337777777777778 0.0105 0.018666666666666668
0 0.48975 0.7 0.01325 0.011111111111111112
0 0.50175 0.7235555555555555 0.0135 0.018666666666666668
0 0.5005 0.7102222222222222 0.00625 0.021333333333333333
0 0.5165 0.7102222222222222 0.00675 0.021333333333333333
0 0.52 0.724 0.00975 0.021333333333333333
0 0.516 0.74 0.009 0.020444444444444446
0 0.48725 0.6831111111111111 0.0115 0.013777777777777778
0 0.51025 0.6768888888888889 0.013 0.014222222222222223
0 0.5 0.6133333333333333 0.0145 0.012
0 0.48725 0.6031111111111112 0.0125 0.014666666666666666
0 0.4975 0.5786666666666667 0.0155 0.011111111111111112
0 0.49525 0.5457777777777778 0.015 0.019555555555555555
0 0.49625 0.5213333333333333 0.013 0.014666666666666666
0 0.5415 0.5502222222222222 0.0095 0.025777777777777778
0 0.51025 0.5871111111111111 0.00775 0.020888888888888887
0 0.52725 0.6071111111111112 0.0145 0.019555555555555555
0 0.55525 0.6115555555555555 0.00675 0.014666666666666666
0 0.55925 0.6257777777777778 0.00975 0.018666666666666668
0 0.54625 0.696 0.008 0.02
0 0.555 0.7066666666666667 0.01125 0.014666666666666666
0 0.55275 0.6977777777777778 0.009 0.015111111111111112
0 0.5435 0.7768888888888889 0.013 0.023555555555555555
0 0.554 0.8008888888888889 0.017 0.012888888888888889
0 0.54775 0.824 0.01275 0.014666666666666666
0 0.59325 0.8106666666666666 0.01225 0.014666666666666666
0 0.608 0.8204444444444444 0.015 0.016
0 0.5775 0.8355555555555556 0.015 0.013777777777777778
0 0.583 0.8431111111111111 0.01225 0.016
0 0.604 0.8608888888888889 0.00675 0.025777777777777778
0 0.5745 0.8786666666666667 0.0145 0.021777777777777778
0 0.57025 0.8648888888888889 0.012 0.015555555555555555
0 0.56125 0.8577777777777778 0.0145 0.011555555555555555
0 0.615 0.8786666666666667 0.01125 0.018666666666666668
0 0.625 0.8751111111111111 0.011 0.012
0 0.6335 0.8791111111111111 0.01575 0.011111111111111112
0 0.5845 0.9226666666666666 0.014 0.013777777777777778
0 0.608 0.9266666666666666 0.0135 0.016888888888888887
0 0.63875 0.9404444444444444 0.012 0.013777777777777778
0 0.6295 0.952 0.01225 0.017777777777777778
0 0.62525 0.9782222222222222 0.0125 0.022222222222222223
0 0.59225 0.9853333333333333 0.009 0.019555555555555555
0 0.59425 0.9693333333333334 0.0145 0.012
0 0.58025 0.9928888888888889 0.014 0.012888888888888889
0 0.60275 0.9951111111111111 0.0105 0.009777777777777778
0 0.65675 0.9444444444444444 0.015 0.013777777777777778
0 0.65225 0.9577777777777777 0.0145 0.01911111111111111
0 0.66275 0.9626666666666667 0.0075 0.029333333333333333
0 0.67475 0.9826666666666667 0.00675 0.025777777777777778
0 0.68025 0.9951111111111111 0.0065 0.009777777777777778
0 0.68575 0.9897777777777778 0.00475 0.017333333333333333
0 0.693 0.9617777777777777 0.0075 0.022222222222222223
0 0.65525 0.9066666666666666 0.011 0.02266666666666667
0 0.64825 0.856 0.00675 0.022222222222222223
0 0.65725 0.8751111111111111 0.00525 0.02311111111111111
0 0.662 0.8742222222222222 0.0055 0.021333333333333333
0 0.67325 0.8555555555555555 0.00975 0.021333333333333333
0 0.67725 0.8426666666666667 0.007 0.02
0 0.6965 0.8275555555555556 0.00825 0.024888888888888887
0 0.66925 0.812 0.0095 0.018222222222222223
0 0.64975 0.812 0.00975 0.022222222222222223
0 0.64725 0.7968888888888889 0.01125 0.018222222222222223
0 0.66175 0.7995555555555556 0.0155 0.015111111111111112
0 0.6565 0.7817777777777778 0.0075 0.020444444444444446
0 0.681 0.7897777777777778 0.011 0.019555555555555555
0 0.66525 0.7391111111111112 0.01525 0.015555555555555555
0 0.622 0.7737777777777778 0.011 0.022222222222222223
0 0.58 0.7706666666666667 0.01 0.017777777777777778
0 0.559 0.752 0.01225 0.016
0 0.59475 0.7644444444444445 0.01575 0.010222222222222223
0 0.582 0.7271111111111112 0.0115 0.017777777777777778
0 0.5775 0.7204444444444444 0.0115 0.018666666666666668
0 0.56525 0.7222222222222222 0.0105 0.011111111111111112
0 0.565 0.6982222222222222 0.007 0.020444444444444446
0 0.59875 0.6831111111111111 0.01075 0.022222222222222223
0 0.61525 0.6906666666666667 0.01475 0.016
0 0.626 0.6808888888888889 0.0105 0.014222222222222223
0 0.636 0.6795555555555556 0.00875 0.022222222222222223
0 0.642 0.6773333333333333 0.01 0.012
0 0.5725 0.656 0.01125 0.022222222222222223
0 0.5795 0.6666666666666666 0.00925 0.02
0 0.60275 0.6515555555555556 0.01 0.02311111111111111
0 0.618 0.6542222222222223 0.01025 0.025777777777777778
0 0.6205 0.6728888888888889 0.014 0.010666666666666666
0 0.63575 0.6511111111111111 0.015 0.012444444444444444
0 0.6065 0.6297777777777778 0.0145 0.016444444444444446
0 0.58975 0.6062222222222222 0.00775 0.016
0 0.629 0.5968888888888889 0.0125 0.014666666666666666
0 0.57575 0.5742222222222222 0.01 0.01911111111111111
0 0.58225 0.5773333333333334 0.00675 0.025333333333333333
0 0.59175 0.5631111111111111 0.01475 0.013333333333333334
0 0.6135 0.56 0.0135 0.015555555555555555
0 0.63975 0.5675555555555556 0.009 0.024888888888888887
0 0.639 0.5946666666666667 0.0075 0.022222222222222223
0 0.66275 0.5808888888888889 0.0125 0.018666666666666668
0 0.664 0.5662222222222222 0.01275 0.015555555555555555
0 0.661 0.6546666666666666 0.0075 0.012888888888888889
0 0.6535 0.6733333333333333 0.0145 0.014666666666666666
0 0.6665 0.656 0.01 0.024888888888888887
0 0.664 0.6991111111111111 0.009 0.024444444444444446
0 0.684 0.6711111111111111 0.013 0.012
0 0.6935 0.6946666666666667 0.0135 0.013777777777777778
0 0.493 0.33866666666666667 0.01175 0.016444444444444446
0 0.5025 0.3448888888888889 0.01375 0.014666666666666666
0 0.5045 0.3337777777777778 0.0155 0.011555555555555555
0 0.4995 0.36 0.016 0.017777777777777778
0 0.4815 0.3933333333333333 0.013 0.015111111111111112
0 0.49225 0.39155555555555555 0.00625 0.013777777777777778
0 0.511 0.36933333333333335 0.01225 0.015111111111111112
0 0.527 0.35777777777777775 0.01425 0.009777777777777778
0 0.511 0.4093333333333333 0.008 0.024
0 0.53025 0.39511111111111114 0.01325 0.020444444444444446
0 0.534 0.396 0.01325 0.0071111111111111115
0 0.55425 0.40444444444444444 0.009 0.028
0 0.5645 0.4128888888888889 0.0165 0.019555555555555555
0 0.57775 0.4177777777777778 0.01575 0.013777777777777778
0 0.575 0.37955555555555553 0.01525 0.015555555555555555
0 0.60375 0.3466666666666667 0.017 0.012
0 0.6025 0.3413333333333333 0.012 0.012
0 0.61125 0.3537777777777778 0.01525 0.016
0 0.6095 0.36666666666666664 0.0145 0.009333333333333334
0 0.6125 0.3831111111111111 0.01575 0.011111111111111112
0 0.615 0.37333333333333335 0.01 0.016888888888888887
0 0.60825 0.3977777777777778 0.01475 0.012
0 0.60825 0.4128888888888889 0.01275 0.013777777777777778
0 0.6015 0.43555555555555553 0.01075 0.02266666666666667
0 0.61675 0.44533333333333336 0.0105 0.029333333333333333
0 0.5225 0.4408888888888889 0.011 0.01911111111111111
0 0.50475 0.47244444444444444 0.015 0.012
0 0.50525 0.4631111111111111 0.01325 0.013777777777777778
0 0.489 0.48044444444444445 0.01625 0.011111111111111112
0 0.5265 0.4751111111111111 0.0095 0.020444444444444446
0 0.5345 0.488 0.01525 0.012
0 0.54475 0.48 0.012 0.008444444444444444
0 0.54175 0.43733333333333335 0.008 0.020888888888888887
0 0.5345 0.44222222222222224 0.008 0.028888888888888888
0 0.56 0.4524444444444444 0.0105 0.018222222222222223
0 0.57325 0.4648888888888889 0.009 0.018666666666666668
0 0.5985 0.4968888888888889 0.009 0.016888888888888887
0 0.607 0.5048888888888889 0.011 0.014222222222222223
0 0.6175 0.5035555555555555 0.00925 0.035111111111111114
0 0.6245 0.5293333333333333 0.013 0.012
0 0.5515 0.5262222222222223 0.017 0.016444444444444446
0 0.6345 0.484 0.0155 0.016888888888888887
0 0.64975 0.49777777777777776 0.009 0.025777777777777778
0 0.3915 0.04 0.00975 0.020888888888888887
0 0.39025 0.027555555555555555 0.00925 0.017333333333333333
0 0.63025 0.03333333333333333 0.012 0.016444444444444446
0 0.63325 0.016444444444444446 0.01225 0.02311111111111111
0 0.64875 0.04 0.0125 0.024444444444444446
0 0.6475 0.06222222222222222 0.01425 0.012888888888888889
0 0.63325 0.06755555555555555 0.014 0.01911111111111111
0 0.63525 0.10488888888888889 0.00925 0.02311111111111111
0 0.65725 0.07955555555555556 0.00975 0.019555555555555555
0 0.69175 0.02311111111111111 0.0155 0.015111111111111112
0 0.741 0.007555555555555556 0.0085 0.015111111111111112
0 0.75575 0.017777777777777778 0.0135 0.018222222222222223
0 0.70825 0.033777777777777775 0.0055 0.025777777777777778
0 0.71 0.027555555555555555 0.01275 0.019555555555555555
0 0.70325 0.0951111111111111 0.01425 0.014666666666666666
0 0.70275 0.08355555555555555 0.014 0.011555555555555555
0 0.7065 0.07066666666666667 0.0085 0.019555555555555555
0 0.71475 0.07377777777777778 0.01425 0.018666666666666668
0 0.6795 0.10666666666666667 0.01225 0.013333333333333334
0 0.67575 0.09155555555555556 0.0095 0.017777777777777778
0 0.71775 0.12355555555555556 0.01475 0.016
0 0.675 0.14622222222222223 0.0195 0.013333333333333334
0 0.63175 0.21155555555555555 0.00775 0.027555555555555555
0 0.64075 0.188 0.0135 0.021777777777777778
0 0.6665 0.17555555555555555 0.013 0.018666666666666668
0 0.7005 0.17777777777777778 0.0175 0.016888888888888887
0 0.6965 0.16133333333333333 0.01175 0.016888888888888887
0 0.69375 0.20577777777777778 0.0105 0.020888888888888887
0 0.67125 0.20844444444444443 0.01675 0.018222222222222223
0 0.678 0.22266666666666668 0.01325 0.012888888888888889
0 0.63975 0.264 0.00825 0.02311111111111111
0 0.66375 0.2742222222222222 0.01025 0.029777777777777778
0 0.6665 0.25155555555555553 0.01275 0.016444444444444446
0 0.65875 0.3008888888888889 0.01175 0.017333333333333333
0 0.6755 0.27955555555555556 0.0145 0.025333333333333333
0 0.69775 0.2986666666666667 0.01025 0.01911111111111111
0 0.69575 0.2808888888888889 0.01075 0.02711111111111111
0 0.71775 0.2262222222222222 0.00925 0.015111111111111112
0 0.727 0.22355555555555556 0.0135 0.012
0 0.71075 0.2742222222222222 0.0135 0.014666666666666666
0 0.7085 0.26622222222222225 0.0145 0.007555555555555556
0 0.7095 0.2577777777777778 0.01275 0.010222222222222223
0 0.72025 0.2577777777777778 0.01075 0.013333333333333334
0 0.73825 0.2737777777777778 0.00825 0.025333333333333333
0 0.757 0.2391111111111111 0.01225 0.019555555555555555
0 0.7645 0.2613333333333333 0.01275 0.017777777777777778
0 0.736 0.2946666666666667 0.01525 0.012444444444444444
0 0.7475 0.3488888888888889 0.01225 0.021777777777777778
0 0.75175 0.3244444444444444 0.01 0.017333333333333333
0 0.7595 0.304 0.0105 0.016
0 0.682 0.3088888888888889 0.01025 0.020444444444444446
0 0.7085 0.31022222222222223 0.015 0.015111111111111112
0 0.7255 0.19333333333333333 0.01475 0.013777777777777778
0 0.72425 0.1817777777777778 0.0135 0.013777777777777778
0 0.74 0.188 0.01575 0.016444444444444446
0 0.72925 0.15866666666666668 0.01475 0.018222222222222223
0 0.72725 0.13422222222222221 0.009 0.026222222222222223
0 0.74275 0.13644444444444445 0.015 0.016444444444444446
0 0.74225 0.06888888888888889 0.00925 0.029777777777777778
0 0.742 0.036 0.01075 0.011555555555555555
0 0.7745 0.0044444444444444444 0.016 0.008888888888888889
0 0.7895 0.012888888888888889 0.00775 0.02311111111111111
0 0.8185 0.010666666666666666 0.0145 0.021333333333333333
0 0.86175 0.007555555555555556 0.01175 0.015111111111111112
0 0.75525 0.188 0.01275 0.029777777777777778
0 0.75225 0.1688888888888889 0.01225 0.016888888888888887
0 0.7595 0.1582222222222222 0.009 0.02711111111111111
0 0.768 0.148 0.0155 0.013333333333333334
0 0.77125 0.164 0.0105 0.02666666666666667
0 0.781 0.18044444444444444 0.015 0.011555555555555555
0 0.78 0.1688888888888889 0.0095 0.016
0 0.7885 0.16933333333333334 0.00925 0.010666666666666666
0 0.7865 0.20222222222222222 0.0125 0.014222222222222223
0 0.7645 0.196 0.017 0.014666666666666666
0 0.80325 0.21733333333333332 0.0105 0.013777777777777778
0 0.80775 0.21466666666666667 0.004 0.02266666666666667
0 0.81225 0.20044444444444445 0.01775 0.011555555555555555
0 0.81275 0.18088888888888888 0.01525 0.012444444444444444
0 0.823 0.21822222222222223 0.015 0.014666666666666666
0 0.78625 0.26355555555555554 0.01475 0.013777777777777778
0 0.78225 0.2511111111111111 0.0135 0.013333333333333334
0 0.802 0.2657777777777778 0.01525 0.020444444444444446
0 0.81625 0.2688888888888889 0.0115 0.011555555555555555
0 0.812 0.2591111111111111 0.0075 0.025333333333333333
0 0.829 0.27466666666666667 0.0105 0.022222222222222223
0 0.83875 0.2702222222222222 0.0155 0.016888888888888887
0 0.8395 0.2431111111111111 0.01025 0.02266666666666667
0 0.791 0.3071111111111111 0.00725 0.030222222222222223
0 0.795 0.29333333333333333 0.00525 0.02711111111111111
0 0.77575 0.2768888888888889 0.0115 0.020444444444444446
0 0.76075 0.3288888888888889 0.0065 0.02311111111111111
0 0.768 0.33555555555555555 0.00975 0.014222222222222223
0 0.7795 0.336 0.01325 0.010222222222222223
0 0.783 0.3453333333333333 0.01225 0.013333333333333334
0 0.7225 0.3391111111111111 0.015 0.018666666666666668
0 0.70375 0.3408888888888889 0.01275 0.021333333333333333
0 0.68775 0.3413333333333333 0.01075 0.021777777777777778
0 0.66525 0.35288888888888886 0.01025 0.016888888888888887
0 0.64425 0.37822222222222224 0.01275 0.02711111111111111
0 0.652 0.37733333333333335 0.0105 0.016
0 0.66475 0.38355555555555554 0.01075 0.010666666666666666
0 0.666 0.37555555555555553 0.00975 0.014222222222222223
0 0.67325 0.3728888888888889 0.0065 0.023555555555555555
0 0.67475 0.39244444444444443 0.01225 0.009777777777777778
0 0.66425 0.4271111111111111 0.0135 0.010222222222222223
0 0.66225 0.4111111111111111 0.01575 0.016888888888888887
0 0.6375 0.4231111111111111 0.00825 0.024444444444444446
0 0.64425 0.41333333333333333 0.00975 0.020888888888888887
0 0.651 0.4653333333333333 0.013 0.010222222222222223
0 0.64575 0.45511111111111113 0.0075 0.009777777777777778
0 0.64475 0.44133333333333336 0.0125 0.010222222222222223
0 0.67675 0.4271111111111111 0.0125 0.012888888888888889
0 0.69525 0.43644444444444447 0.0135 0.014222222222222223
0 0.69275 0.3831111111111111 0.0065 0.022222222222222223
0 0.698 0.384 0.00725 0.022222222222222223
0 0.705 0.38 0.0085 0.012888888888888889
0 0.71875 0.36933333333333335 0.00925 0.017333333333333333
0 0.70975 0.3933333333333333 0.0115 0.017777777777777778
0 0.72275 0.39022222222222225 0.01325 0.013333333333333334
0 0.72575 0.37866666666666665 0.0125 0.010666666666666666
0 0.7355 0.376 0.0145 0.012
0 0.7585 0.37866666666666665 0.009 0.026222222222222223
0 0.75375 0.42133333333333334 0.014 0.018666666666666668
0 0.74775 0.4457777777777778 0.011 0.01911111111111111
0 0.70825 0.4742222222222222 0.00725 0.01911111111111111
0 0.70625 0.45422222222222225 0.007 0.018666666666666668
0 0.6635 0.47244444444444444 0.0105 0.016888888888888887
0 0.6715 0.47733333333333333 0.011 0.017777777777777778
0 0.675 0.4706666666666667 0.011 0.012888888888888889
0 0.6815 0.4688888888888889 0.01 0.014666666666666666
0 0.69125 0.472 0.01075 0.015111111111111112
0 0.67375 0.49866666666666665 0.01525 0.013777777777777778
0 0.676 0.5235555555555556 0.01525 0.018222222222222223
0 0.7 0.4951111111111111 0.01425 0.020444444444444446
0 0.73125 0.4866666666666667 0.017 0.011555555555555555
0 0.75675 0.4782222222222222 0.0195 0.012
0 0.75675 0.46844444444444444 0.01225 0.015111111111111112
0 0.778 0.44 0.0105 0.024
0 0.783 0.4915555555555556 0.0105 0.021777777777777778
0 0.74825 0.5013333333333333 0.0095 0.016444444444444446
0 0.72175 0.5226666666666666 0.007 0.028444444444444446
0 0.7305 0.5222222222222223 0.008 0.020888888888888887
0 0.70675 0.5404444444444444 0.01075 0.02311111111111111
0 0.68875 0.5795555555555556 0.0085 0.02666666666666667
0 0.69175 0.5657777777777778 0.01225 0.012888888888888889
0 0.69375 0.5506666666666666 0.015 0.018222222222222223
0 0.6985 0.5751111111111111 0.01425 0.012888888888888889
0 0.71575 0.5964444444444444 0.0135 0.02711111111111111
0 0.71875 0.5724444444444444 0.007 0.025333333333333333
0 0.7255 0.5586666666666666 0.0105 0.014666666666666666
0 0.73875 0.5826666666666667 0.017 0.02311111111111111
0 0.74375 0.5684444444444444 0.01475 0.016
0 0.7515 0.5537777777777778 0.01025 0.017333333333333333
0 0.75325 0.584 0.00975 0.028444444444444446
0 0.763 0.576 0.011 0.021333333333333333
0 0.772 0.5306666666666666 0.0085 0.029777777777777778
0 0.76 0.5182222222222223 0.0125 0.016888888888888887
0 0.77975 0.5515555555555556 0.014 0.013333333333333334
0 0.79075 0.5435555555555556 0.0095 0.020444444444444446
0 0.799 0.5133333333333333 0.01525 0.016888888888888887
0 0.8095 0.5466666666666666 0.01075 0.019555555555555555
0 0.72875 0.6302222222222222 0.01425 0.016888888888888887
0 0.7215 0.656 0.0165 0.018666666666666668
0 0.72925 0.6911111111111111 0.0125 0.022222222222222223
0 0.76875 0.7071111111111111 0.0145 0.018666666666666668
0 0.7655 0.7457777777777778 0.011 0.017777777777777778
0 0.716 0.7671111111111111 0.0135 0.016
0 0.72175 0.7573333333333333 0.01 0.021333333333333333
0 0.72725 0.736 0.00975 0.014222222222222223
0 0.705 0.7817777777777778 0.01325 0.020444444444444446
0 0.7335 0.7804444444444445 0.01425 0.020444444444444446
0 0.72425 0.8488888888888889 0.01075 0.021333333333333333
0 0.735 0.8275555555555556 0.00725 0.02666666666666667
0 0.739 0.8155555555555556 0.0125 0.012888888888888889
0 0.73775 0.8062222222222222 0.0205 0.009777777777777778
0 0.742 0.8426666666666667 0.00775 0.020888888888888887
0 0.751 0.848 0.0105 0.02711111111111111
0 0.74875 0.8288888888888889 0.014 0.015111111111111112
0 0.7765 0.7844444444444445 0.0075 0.025333333333333333
0 0.7685 0.8497777777777777 0.008 0.027555555555555555
0 0.7055 0.8822222222222222 0.01275 0.013777777777777778
0 0.7245 0.8733333333333333 0.008 0.021777777777777778
0 0.72575 0.8986666666666666 0.016 0.013777777777777778
0 0.73325 0.8857777777777778 0.0155 0.012888888888888889
0 0.72875 0.9413333333333334 0.017 0.02311111111111111
0 0.71075 0.9533333333333334 0.013 0.013777777777777778
0 0.75725 0.9364444444444444 0.01825 0.016444444444444446
0 0.7585 0.9186666666666666 0.0105 0.023555555555555555
0 0.76325 0.896 0.0155 0.012444444444444444
0 0.7525 0.9057777777777778 0.01225 0.012
0 0.76325 0.9817777777777777 0.0075 0.032
0 0.76225 0.9684444444444444 0.012 0.021333333333333333
0 0.7835 0.9293333333333333 0.01 0.03111111111111111
0 0.768 0.8773333333333333 0.0085 0.02666666666666667
0 0.775 0.8764444444444445 0.008 0.025333333333333333
0 0.78325 0.8826666666666667 0.01075 0.015111111111111112
0 0.78375 0.8631111111111112 0.009 0.021333333333333333
0 0.80425 0.9062222222222223 0.01425 0.023555555555555555
0 0.77725 0.9973333333333333 0.01275 0.004888888888888889
0 0.81425 0.992 0.01125 0.015555555555555555
0 0.815 0.98 0.0115 0.02311111111111111
0 0.8475 0.9386666666666666 0.0135 0.015111111111111112
0 0.85275 0.9502222222222222 0.01225 0.016888888888888887
0 0.84875 0.9928888888888889 0.0145 0.014222222222222223
0 0.8215 0.9013333333333333 0.0075 0.024444444444444446
0 0.829 0.8626666666666667 0.0095 0.025333333333333333
0 0.789 0.8537777777777777 0.012 0.010666666666666666
0 0.791 0.8257777777777778 0.0195 0.014222222222222223
0 0.7885 0.8124444444444444 0.00675 0.025333333333333333
0 0.79375 0.812 0.00475 0.020888888888888887
0 0.79825 0.812 0.0055 0.02311111111111111
0 0.8085 0.7844444444444445 0.0135 0.018666666666666668
0 0.79325 0.7608888888888888 0.014 0.016888888888888887
0 0.819 0.8266666666666667 0.01525 0.016444444444444446
0 0.85525 0.8257777777777778 0.01575 0.018222222222222223
0 0.86475 0.8462222222222222 0.00575 0.020444444444444446
0 0.837 0.8786666666666667 0.0065 0.015111111111111112
0 0.8465 0.8755555555555555 0.01275 0.018222222222222223
0 0.87775 0.9604444444444444 0.01175 0.026222222222222223
0 0.88575 0.9933333333333333 0.0095 0.013333333333333334
0 0.89125 0.98 0.0095 0.014666666666666666
0 0.89925 0.9755555555555555 0.01175 0.032
0 0.9315 0.9653333333333334 0.01675 0.02266666666666667
0 0.876 0.8813333333333333 0.0125 0.021777777777777778
0 0.937 0.8946666666666667 0.00925 0.025777777777777778
0 0.95025 0.8822222222222222 0.011 0.018222222222222223
0 0.96025 0.8822222222222222 0.01075 0.017333333333333333
0 0.971 0.8608888888888889 0.016 0.013333333333333334
0 0.9585 0.9186666666666666 0.01275 0.022222222222222223
0 0.98675 0.9177777777777778 0.015 0.014666666666666666
0 0.99125 0.9373333333333334 0.00775 0.02666666666666667
0 0.99625 0.8044444444444444 0.0075 0.019555555555555555
0 0.99875 0.7844444444444445 0.0025 0.02266666666666667
0 0.9225 0.8351111111111111 0.00925 0.02311111111111111
0 0.92975 0.8351111111111111 0.009 0.02311111111111111
0 0.9405 0.82 0.0125 0.028
0 0.9415 0.7862222222222223 0.01175 0.03111111111111111
0 0.9595 0.7462222222222222 0.01225 0.016
0 0.96975 0.7564444444444445 0.00975 0.013333333333333334
0 0.97725 0.7457777777777778 0.0125 0.014666666666666666
0 0.9875 0.7462222222222222 0.0155 0.01911111111111111
0 0.9235 0.8222222222222222 0.00825 0.022222222222222223
0 0.92325 0.796 0.00925 0.02711111111111111
0 0.91 0.8208888888888889 0.01 0.028888888888888888
0 0.888 0.8026666666666666 0.006 0.011555555555555555
0 0.90025 0.8026666666666666 0.0075 0.010666666666666666
0 0.8945 0.7915555555555556 0.01225 0.015111111111111112
0 0.883 0.7897777777777778 0.01175 0.018222222222222223
0 0.8055 0.04666666666666667 0.0105 0.017333333333333333
0 0.8105 0.06666666666666667 0.012 0.020888888888888887
0 0.8015 0.06177777777777778 0.01425 0.008888888888888889
0 0.763 0.04933333333333333 0.012 0.017333333333333333
0 0.759 0.064 0.01175 0.016888888888888887
0 0.77075 0.04044444444444444 0.011 0.014222222222222223
0 0.776 0.08133333333333333 0.00575 0.02711111111111111
0 0.77975 0.06177777777777778 0.0155 0.007555555555555556
0 0.78025 0.050666666666666665 0.017 0.009333333333333334
0 0.78025 0.08311111111111111 0.00725 0.029333333333333333
0 0.76975 0.0951111111111111 0.011 0.009333333333333334
0 0.78575 0.08355555555555555 0.0075 0.025333333333333333
0 0.791 0.08577777777777777 0.00625 0.01911111111111111
0 0.8015 0.09111111111111111 0.014 0.013333333333333334
0 0.79175 0.11688888888888889 0.0085 0.013333333333333334
0 0.807 0.1111111111111111 0.00875 0.008888888888888889
0 0.82 0.10622222222222222 0.012 0.009777777777777778
0 0.80975 0.12 0.0065 0.014222222222222223
0 0.81525 0.14266666666666666 0.01075 0.02
0 0.8585 0.13377777777777777 0.008 0.02311111111111111
0 0.8545 0.09466666666666666 0.01825 0.015555555555555555
0 0.8355 0.06088888888888889 0.01375 0.016444444444444446
0 0.85325 0.03111111111111111 0.00925 0.021333333333333333
0 0.8925 0.012444444444444444 0.00875 0.02266666666666667
0 0.8785 0.014666666666666666 0.00625 0.018222222222222223
0 0.88325 0.012444444444444444 0.01025 0.014222222222222223
0 0.91275 0.024 0.00975 0.025333333333333333
0 0.92275 0.015111111111111112 0.01275 0.012444444444444444
0 0.93875 0.052 0.01 0.019555555555555555
0 0.94725 0.04844444444444444 0.0075 0.023555555555555555
0 0.9355 0.07288888888888889 0.01 0.02
0 0.9375 0.10711111111111112 0.011 0.024888888888888887
0 0.94025 0.03155555555555556 0.009 0.016888888888888887
0 0.9525 0.023555555555555555 0.007 0.011111111111111112
0 0.962 0.051111111111111114 0.00575 0.02311111111111111
0 0.96625 0.06311111111111112 0.01075 0.014222222222222223
0 0.97975 0.07777777777777778 0.01425 0.016
0 0.95275 0.104 0.01375 0.013333333333333334
0 0.944 0.14177777777777778 0.01125 0.028444444444444446
0 0.89375 0.12 0.0085 0.021777777777777778
0 0.88625 0.11066666666666666 0.01325 0.009333333333333334
0 0.87325 0.10222222222222223 0.008 0.025777777777777778
0 0.88075 0.08488888888888889 0.0135 0.014666666666666666
0 0.882 0.09422222222222222 0.0055 0.016888888888888887
0 0.882 0.060444444444444446 0.01525 0.017777777777777778
0 0.9065 0.16177777777777777 0.01275 0.016888888888888887
0 0.893 0.18133333333333335 0.011 0.023555555555555555
0 0.88775 0.19822222222222222 0.016 0.012444444444444444
0 0.879 0.17866666666666667 0.0095 0.012888888888888889
0 0.8565 0.19066666666666668 0.01525 0.019555555555555555
0 0.8785 0.23244444444444445 0.00775 0.030666666666666665
0 0.8705 0.24488888888888888 0.0075 0.026222222222222223
0 0.88975 0.24666666666666667 0.01325 0.015111111111111112
0 0.91425 0.23377777777777778 0.013 0.015111111111111112
0 0.92375 0.23466666666666666 0.0065 0.021333333333333333
0 0.91175 0.24933333333333332 0.015 0.008888888888888889
0 0.90575 0.2826666666666667 0.01275 0.024888888888888887
0 0.91 0.28355555555555556 0.0105 0.014666666666666666
0 0.90225 0.3048888888888889 0.01525 0.016
0 0.894 0.29733333333333334 0.016 0.014222222222222223
0 0.88325 0.29733333333333334 0.00925 0.023555555555555555
0 0.87675 0.2857777777777778 0.0125 0.013777777777777778
0 0.834 0.312 0.0085 0.017777777777777778
0 0.82275 0.2848888888888889 0.00625 0.026222222222222223
0 0.95975 0.16666666666666666 0.013 0.013333333333333334
0 0.96875 0.16755555555555557 0.01075 0.016
0 0.98175 0.1537777777777778 0.0095 0.026222222222222223
0 0.99725 0.10488888888888889 0.0055 0.029777777777777778
0 0.992 0.029333333333333333 0.01025 0.010666666666666666
0 0.95 0.20444444444444446 0.014 0.021333333333333333
0 0.947 0.2368888888888889 0.01225 0.02
0 0.96475 0.23777777777777778 0.0105 0.012
0 0.957 0.24711111111111111 0.0065 0.028
0 0.98225 0.2702222222222222 0.00925 0.023555555555555555
0 0.9835 0.25377777777777777 0.01575 0.016
0 0.998 0.27955555555555556 0.004 0.018666666666666668
0 0.9795 0.3231111111111111 0.0105 0.025333333333333333
0 0.986 0.35155555555555557 0.0165 0.013333333333333334
0 0.97125 0.37066666666666664 0.01325 0.016444444444444446
0 0.96875 0.3551111111111111 0.006 0.018666666666666668
0 0.9585 0.3488888888888889 0.015 0.018222222222222223
0 0.9315 0.356 0.01025 0.022222222222222223
0 0.9365 0.34755555555555556 0.00525 0.02
0 0.94275 0.28 0.011 0.014666666666666666
0 0.95325 0.2822222222222222 0.01225 0.017333333333333333
0 0.9655 0.2808888888888889 0.0135 0.024
0 0.98825 0.3897777777777778 0.007 0.02311111111111111
0 0.97975 0.39911111111111114 0.006 0.02311111111111111
0 0.98475 0.41555555555555557 0.01075 0.02
0 0.97125 0.4053333333333333 0.00875 0.015111111111111112
0 0.942 0.4497777777777778 0.01725 0.016
0 0.99625 0.444 0.0075 0.017777777777777778
0 0.99825 0.47688888888888886 0.0035 0.011555555555555555
0 0.99625 0.5191111111111111 0.0075 0.015111111111111112
0 0.99525 0.5115555555555555 0.0095 0.013333333333333334
0 0.994 0.5315555555555556 0.01 0.016888888888888887
0 0.9955 0.5555555555555556 0.0055 0.022222222222222223
0 0.98375 0.5786666666666667 0.01575 0.016
0 0.9865 0.5644444444444444 0.01525 0.014666666666666666
0 0.97025 0.5728888888888889 0.007 0.017333333333333333
0 0.962 0.5617777777777778 0.007 0.022222222222222223
0 0.977 0.5422222222222223 0.01175 0.015111111111111112
0 0.97525 0.5315555555555556 0.0085 0.019555555555555555
0 0.925 0.4026666666666667 0.007 0.021333333333333333
0 0.91375 0.412 0.01275 0.014222222222222223
0 0.9065 0.3942222222222222 0.00675 0.026222222222222223
0 0.90175 0.35688888888888887 0.01125 0.018666666666666668
0 0.893 0.39066666666666666 0.01475 0.016
0 0.88225 0.40755555555555556 0.01175 0.012888888888888889
0 0.87525 0.41333333333333333 0.0105 0.02
0 0.8595 0.4328888888888889 0.01575 0.015111111111111112
0 0.8635 0.4226666666666667 0.0115 0.011555555555555555
0 0.848 0.3937777777777778 0.009 0.028
0 0.8655 0.356 0.013 0.017333333333333333
0 0.8485 0.3648888888888889 0.01025 0.01911111111111111
0 0.83825 0.376 0.00675 0.025333333333333333
0 0.78825 0.3768888888888889 0.00675 0.02711111111111111
0 0.8065 0.34755555555555556 0.0115 0.01911111111111111
0 0.814 0.3377777777777778 0.01475 0.015555555555555555
0 0.83075 0.3422222222222222 0.0175 0.012
0 0.8265 0.37644444444444447 0.01 0.02666666666666667
0 0.83375 0.4182222222222222 0.014 0.017333333333333333
0 0.81225 0.404 0.01 0.024
0 0.7975 0.4315555555555556 0.00725 0.025333333333333333
0 0.80975 0.44177777777777777 0.0165 0.012
0 0.81175 0.4697777777777778 0.01275 0.01911111111111111
0 0.8085 0.4622222222222222 0.01325 0.018222222222222223
0 0.8875 0.4537777777777778 0.013 0.017777777777777778
0 0.884 0.44533333333333336 0.00725 0.01911111111111111
0 0.90175 0.42933333333333334 0.00825 0.017777777777777778
0 0.9155 0.45422222222222225 0.012 0.018222222222222223
0 0.91475 0.44133333333333336 0.01525 0.011111111111111112
0 0.92125 0.4457777777777778 0.00675 0.017333333333333333
0 0.89925 0.47244444444444444 0.01475 0.016888888888888887
0 0.89725 0.4613333333333333 0.01075 0.023555555555555555
0 0.88575 0.4697777777777778 0.00675 0.02
0 0.86825 0.48444444444444446 0.009 0.019555555555555555
0 0.8225 0.524 0.0105 0.016888888888888887
0 0.82725 0.548 0.006 0.024
0 0.8575 0.5222222222222223 0.0145 0.013333333333333334
0 0.86625 0.5342222222222223 0.0145 0.018666666666666668
0 0.84675 0.5626666666666666 0.0085 0.025777777777777778
0 0.89125 0.5137777777777778 0.0065 0.024
0 0.896 0.5013333333333333 0.0105 0.019555555555555555
0 0.88375 0.5008888888888889 0.01025 0.01911111111111111
0 0.89075 0.5386666666666666 0.0075 0.028
0 0.87575 0.5355555555555556 0.0075 0.018222222222222223
0 0.884 0.5546666666666666 0.018 0.013777777777777778
0 0.88325 0.5462222222222223 0.0115 0.009333333333333334
0 0.87525 0.5804444444444444 0.01225 0.018666666666666668
0 0.87225 0.5688888888888889 0.013 0.013777777777777778
0 0.93075 0.5644444444444444 0.017 0.014222222222222223
0 0.79525 0.6333333333333333 0.008 0.02266666666666667
0 0.81225 0.6106666666666667 0.01475 0.017777777777777778
0 0.824 0.6071111111111112 0.0105 0.020444444444444446
0 0.89225 0.612 0.01225 0.012888888888888889
0 0.91425 0.5991111111111111 0.014 0.015555555555555555
0 0.925 0.6066666666666667 0.01225 0.017333333333333333
0 0.9365 0.6297777777777778 0.013 0.01911111111111111
0 0.91775 0.6391111111111111 0.00925 0.020888888888888887
0 0.897 0.6262222222222222 0.01 0.018222222222222223
0 0.838 0.6453333333333333 0.0075 0.022222222222222223
0 0.84525 0.6537777777777778 0.0115 0.02
0 0.8685 0.6684444444444444 0.01725 0.017333333333333333
0 0.824 0.6751111111111111 0.01 0.020444444444444446
0 0.813 0.6786666666666666 0.0145 0.020444444444444446
0 0.91275 0.6915555555555556 0.01375 0.017777777777777778
0 0.891 0.7284444444444444 0.01425 0.024888888888888887
0 0.86775 0.7208888888888889 0.0145 0.024444444444444446
0 0.85775 0.7382222222222222 0.0105 0.015555555555555555
0 0.85275 0.7373333333333333 0.0115 0.014666666666666666
0 0.81175 0.7288888888888889 0.014 0.015555555555555555
0 0.9075 0.732 0.0085 0.026222222222222223
0 0.872 0.7502222222222222 0.00975 0.02
0 0.87725 0.7528888888888889 0.01025 0.012444444444444444
0 0.91375 0.752 0.0065 0.028
0 0.92 0.752 0.0095 0.014666666666666666
0 0.928 0.7595555555555555 0.011 0.029333333333333333
0 0.968 0.6728888888888889 0.0115 0.021777777777777778
0 0.97975 0.7226666666666667 0.008 0.02666666666666667
0 0.974 0.6457777777777778 0.0075 0.02266666666666667
0 0.96125 0.6426666666666667 0.00825 0.020888888888888887
0 0.9495 0.6364444444444445 0.008 0.024888888888888887
0 0.956 0.6177777777777778 0.018 0.013777777777777778
0 0.98075 0.6235555555555555 0.00975 0.017777777777777778
0 0.98775 0.6231111111111111 0.01 0.033777777777777775
0 0.99625 0.6164444444444445 0.0075 0.018666666666666668
0 0.98475 0.6671111111111111 0.0065 0.008444444444444444
0 0.89025 0.9142222222222223 0.008 0.013333333333333334