0 0.0105 0.10666666666666667 0.01475 0.023555555555555555
0 0.0305 0.09777777777777778 0.00875 0.03288888888888889
0 0.059 0.11244444444444444 0.006 0.01911111111111111
0 0.0665 0.10488888888888889 0.00875 0.023555555555555555
0 0.1125 0.07288888888888889 0.01525 0.016888888888888887
0 0.117 0.058222222222222224 0.01075 0.021777777777777778
0 0.1545 0.059111111111111114 0.01375 0.028
0 0.12625 0.1728888888888889 0.01125 0.023555555555555555
0 0.09325 0.21911111111111112 0.0145 0.02711111111111111
0 0.06675 0.18666666666666668 0.00725 0.02666666666666667
0 0.038 0.18666666666666668 0.013 0.015555555555555555
0 0.02025 0.19244444444444445 0.017 0.017777777777777778
0 0.04225 0.24444444444444444 0.01275 0.020444444444444446
0 0.08 0.2564444444444444 0.009 0.024888888888888887
0 0.06025 0.328 0.00925 0.03288888888888889
0 0.05975 0.36 0.016 0.024888888888888887
0 0.01975 0.3426666666666667 0.01125 0.019555555555555555
0 0.16925 0.168 0.009 0.028
0 0.2005 0.2688888888888889 0.01075 0.023555555555555555
0 0.215 0.19822222222222222 0.00825 0.02666666666666667
0 0.2255 0.18577777777777776 0.01275 0.030666666666666665
0 0.2475 0.13377777777777777 0.017 0.017777777777777778
0 0.2625 0.17733333333333334 0.00675 0.02666666666666667
0 0.2115 0.06355555555555556 0.01325 0.024444444444444446
0 0.26275 0.04488888888888889 0.01075 0.029333333333333333
0 0.2285 0.03688888888888889 0.011 0.021777777777777778
0 0.23325 0.276 0.0145 0.021777777777777778
0 0.18425 0.3128888888888889 0.009 0.03244444444444444
0 0.17075 0.3204444444444444 0.0125 0.02266666666666667
0 0.125 0.3288888888888889 0.00625 0.024
0 0.15625 0.4022222222222222 0.0095 0.03288888888888889
0 0.081 0.4128888888888889 0.00775 0.024
0 0.0585 0.44 0.0085 0.02666666666666667
0 0.0345 0.46044444444444443 0.0095 0.03288888888888889
0 0.005 0.5013333333333333 0.01 0.019555555555555555
0 0.0395 0.6066666666666667 0.009 0.03955555555555555
0 0.11025 0.6222222222222222 0.00875 0.030666666666666665
0 0.112 0.5937777777777777 0.0165 0.018222222222222223
0 0.09025 0.6515555555555556 0.0085 0.02
0 0.09625 0.6404444444444445 0.01225 0.016888888888888887
0 0.0745 0.6355555555555555 0.00825 0.037333333333333336
0 0.0215 0.6448888888888888 0.0095 0.029333333333333333
0 0.0315 0.6386666666666667 0.0145 0.017777777777777778
0 0.04575 0.6617777777777778 0.0125 0.017777777777777778
0 0.02625 0.6684444444444444 0.01425 0.016888888888888887
0 0.00325 0.7195555555555555 0.00625 0.03422222222222222
0 0.0125 0.7466666666666667 0.01475 0.020444444444444446
0 0.02825 0.7355555555555555 0.0135 0.02711111111111111
0 0.011 0.7746666666666666 0.0125 0.017333333333333333
0 0.01725 0.7631111111111111 0.00675 0.012444444444444444
0 0.02725 0.7613333333333333 0.01275 0.021333333333333333
0 0.0575 0.7115555555555556 0.01475 0.024888888888888887
0 0.05 0.7915555555555556 0.013 0.017333333333333333
0 0.05975 0.8435555555555555 0.01075 0.029333333333333333
0 0.0595 0.8182222222222222 0.01225 0.023555555555555555
0 0.00775 0.8675555555555555 0.01325 0.028444444444444446
0 0.003 0.9297777777777778 0.006 0.018222222222222223
0 0.01325 0.9457777777777778 0.01275 0.013777777777777778
0 0.08925 0.8733333333333333 0.01575 0.024444444444444446
0 0.13075 0.7875555555555556 0.009 0.022222222222222223
0 0.00775 0.9937777777777778 0.01525 0.012444444444444444
0 0.046 0.9768888888888889 0.01125 0.02266666666666667
0 0.12125 0.9857777777777778 0.0125 0.023555555555555555
0 0.17025 0.9973333333333333 0.0135 0.004888888888888889
0 0.17775 0.9942222222222222 0.008 0.011555555555555555
0 0.174 0.9582222222222222 0.00775 0.024444444444444446
0 0.17925 0.9782222222222222 0.008 0.025777777777777778
0 0.20725 0.9142222222222223 0.008 0.024444444444444446
0 0.169 0.8968888888888888 0.018 0.025777777777777778
0 0.241 0.9768888888888889 0.01075 0.028888888888888888
0 0.24 0.9502222222222222 0.01 0.01911111111111111
0 0.25325 0.9773333333333334 0.00925 0.026222222222222223
0 0.25375 0.8551111111111112 0.00775 0.02266666666666667
0 0.24475 0.8328888888888889 0.0095 0.02711111111111111
0 0.17375 0.7502222222222222 0.01575 0.023555555555555555
0 0.194 0.7324444444444445 0.00875 0.030222222222222223
0 0.20975 0.6822222222222222 0.019 0.020444444444444446
0 0.21675 0.6648888888888889 0.007 0.034666666666666665
0 0.2335 0.7142222222222222 0.0145 0.012444444444444444
0 0.26875 0.7208888888888889 0.01325 0.02
0 0.26875 0.7062222222222222 0.011 0.023555555555555555
0 0.27475 0.7568888888888889 0.01275 0.013333333333333334
0 0.2755 0.7448888888888889 0.0135 0.01911111111111111
0 0.289 0.7488888888888889 0.0155 0.017333333333333333
0 0.2985 0.7435555555555555 0.0095 0.020444444444444446
0 0.3005 0.78 0.0105 0.024888888888888887
0 0.2645 0.8022222222222222 0.01275 0.03155555555555556
0 0.313 0.6471111111111111 0.01325 0.023555555555555555
0 0.24 0.5431111111111111 0.008 0.03111111111111111
0 0.22475 0.5364444444444444 0.007 0.026222222222222223
0 0.19975 0.504 0.0095 0.028444444444444446
0 0.198 0.5968888888888889 0.0145 0.01911111111111111
0 0.20625 0.45022222222222225 0.0135 0.016888888888888887
0 0.20875 0.4151111111111111 0.01475 0.03155555555555556
0 0.1785 0.41733333333333333 0.01525 0.011111111111111112
0 0.21425 0.38355555555555554 0.01125 0.021333333333333333
0 0.233 0.4102222222222222 0.0135 0.01911111111111111
0 0.2085 0.34444444444444444 0.01175 0.016
0 0.218 0.34355555555555556 0.00925 0.036
0 0.2 0.33466666666666667 0.01125 0.017333333333333333
0 0.3415 0.0057777777777777775 0.016 0.011555555555555555
0 0.329 0.17022222222222222 0.00875 0.025777777777777778
0 0.3375 0.276 0.01425 0.018222222222222223
0 0.32975 0.24666666666666667 0.008 0.024
0 0.30375 0.4128888888888889 0.01375 0.019555555555555555
0 0.31725 0.4151111111111111 0.01275 0.028
0 0.3565 0.4022222222222222 0.0095 0.035555555555555556
0 0.407 0.41644444444444445 0.00925 0.024888888888888887
0 0.32875 0.4791111111111111 0.0135 0.01911111111111111
0 0.32425 0.4653333333333333 0.01275 0.010666666666666666
0 0.32125 0.5137777777777778 0.01675 0.025777777777777778
0 0.307 0.5342222222222223 0.0155 0.021333333333333333
0 0.3435 0.5471111111111111 0.00825 0.016
0 0.35175 0.5528888888888889 0.01175 0.016
0 0.3515 0.524 0.01425 0.020444444444444446
0 0.36225 0.4862222222222222 0.013 0.028444444444444446
0 0.369 0.5066666666666667 0.01525 0.019555555555555555
0 0.386 0.5408888888888889 0.0155 0.022222222222222223
0 0.39775 0.5475555555555556 0.0085 0.02666666666666667
0 0.32425 0.5791111111111111 0.01075 0.02666666666666667
0 0.37025 0.6346666666666667 0.01325 0.025777777777777778
0 0.38175 0.6653333333333333 0.01075 0.023555555555555555
0 0.3955 0.6653333333333333 0.0135 0.017777777777777778
0 0.3815 0.7137777777777777 0.015 0.013333333333333334
0 0.36725 0.7408888888888889 0.0105 0.023555555555555555
0 0.371 0.7431111111111111 0.0095 0.017777777777777778
0 0.37875 0.7782222222222223 0.0145 0.021777777777777778
0 0.399 0.7848888888888889 0.01425 0.017333333333333333
0 0.41575 0.7293333333333333 0.016 0.03111111111111111
0 0.40225 0.8186666666666667 0.01575 0.01911111111111111
0 0.37825 0.8395555555555556 0.01325 0.020444444444444446
0 0.331 0.8608888888888889 0.016 0.02
0 0.3855 0.8888888888888888 0.01575 0.017777777777777778
0 0.3665 0.9057777777777778 0.013 0.020444444444444446
0 0.31125 0.9502222222222222 0.01025 0.025777777777777778
0 0.3295 0.9524444444444444 0.00775 0.028888888888888888
0 0.4325 0.996 0.019 0.008
0 0.4445 0.9835555555555555 0.01475 0.018222222222222223
0 0.4525 0.9884444444444445 0.00775 0.02311111111111111
0 0.45425 0.9688888888888889 0.009 0.024444444444444446
0 0.41825 0.9253333333333333 0.0165 0.020444444444444446
0 0.4215 0.8782222222222222 0.01325 0.02
0 0.44675 0.8511111111111112 0.01225 0.019555555555555555
0 0.446 0.8857777777777778 0.007 0.03111111111111111
0 0.451 0.8764444444444445 0.0115 0.018222222222222223
0 0.49975 0.9297777777777778 0.00775 0.033777777777777775
0 0.47925 0.9733333333333334 0.0165 0.033777777777777775
0 0.53225 0.9857777777777778 0.01425 0.018222222222222223
0 0.5225 0.96 0.01225 0.01911111111111111
0 0.51275 0.9377777777777778 0.007 0.030222222222222223
0 0.524 0.9471111111111111 0.01375 0.015555555555555555
0 0.519 0.9173333333333333 0.006 0.026222222222222223
0 0.526 0.9004444444444445 0.00875 0.024444444444444446
0 0.5355 0.9213333333333333 0.01025 0.024444444444444446
0 0.54125 0.8702222222222222 0.0105 0.016
0 0.5475 0.8622222222222222 0.00725 0.035555555555555556
0 0.501 0.8764444444444445 0.01525 0.018222222222222223
0 0.51975 0.8013333333333333 0.01075 0.016888888888888887
0 0.491 0.8244444444444444 0.0085 0.028
0 0.4655 0.772 0.01025 0.023555555555555555
0 0.5345 0.7355555555555555 0.0135 0.017333333333333333
0 0.50675 0.7897777777777778 0.01225 0.013333333333333334
0 0.57475 0.8137777777777778 0.017 0.018222222222222223
0 0.58225 0.8057777777777778 0.01 0.02266666666666667
0 0.58 0.948 0.0095 0.03244444444444444
0 0.6005 0.9928888888888889 0.01525 0.014222222222222223
0 0.5165 0.6133333333333333 0.0165 0.02266666666666667
0 0.45225 0.6346666666666667 0.00925 0.028
0 0.538 0.6351111111111111 0.01175 0.023555555555555555
0 0.54 0.5253333333333333 0.01075 0.025777777777777778
0 0.4975 0.5026666666666667 0.013 0.026222222222222223
0 0.45075 0.4568888888888889 0.01675 0.02
0 0.46825 0.39955555555555555 0.01125 0.028444444444444446
0 0.5175 0.4186666666666667 0.011 0.025777777777777778
0 0.5035 0.43333333333333335 0.01575 0.02
0 0.4905 0.43733333333333335 0.0085 0.02666666666666667
0 0.57 0.368 0.0165 0.02
0 0.44575 0.26355555555555554 0.018 0.025777777777777778
0 0.447 0.23733333333333334 0.01375 0.02666666666666667
0 0.455 0.24133333333333334 0.0085 0.024
0 0.4205 0.18088888888888888 0.01 0.024888888888888887
0 0.40775 0.24711111111111111 0.0145 0.028444444444444446
0 0.42425 0.14133333333333334 0.01025 0.028888888888888888
0 0.39775 0.1 0.0085 0.030666666666666665
0 0.4675 0.14577777777777778 0.015 0.028
0 0.5225 0.11911111111111111 0.011 0.022222222222222223
0 0.5115 0.16355555555555557 0.01475 0.02666666666666667
0 0.57425 0.16933333333333334 0.01775 0.01911111111111111
0 0.57725 0.11911111111111111 0.015 0.026222222222222223
0 0.602 0.18533333333333332 0.01675 0.019555555555555555
0 0.57575 0.22844444444444445 0.01575 0.022222222222222223
0 0.5635 0.2613333333333333 0.01325 0.021777777777777778
0 0.53275 0.07288888888888889 0.0115 0.03111111111111111
0 0.479 0.07111111111111111 0.016 0.017777777777777778
0 0.48025 0.024888888888888887 0.01 0.02666666666666667
0 0.52425 0.018222222222222223 0.00775 0.036444444444444446
0 0.54925 0.007555555555555556 0.01775 0.015111111111111112
0 0.56125 0.04133333333333333 0.00875 0.035111111111111114
0 0.5685 0.03422222222222222 0.01 0.020444444444444446
0 0.26625 0.9217777777777778 0.01375 0.019555555555555555
0 0.60775 0.8128888888888889 0.00925 0.024
0 0.61475 0.8222222222222222 0.01125 0.021777777777777778
0 0.6275 0.8115555555555556 0.015 0.013777777777777778
0 0.5895 0.8853333333333333 0.0065 0.024
0 0.63075 0.8977777777777778 0.018 0.017777777777777778
0 0.63225 0.8844444444444445 0.0195 0.015555555555555555
0 0.65325 0.9191111111111111 0.01225 0.024
0 0.66125 0.8924444444444445 0.0135 0.024444444444444446
0 0.68525 0.9413333333333334 0.01825 0.02
0 0.735 0.9391111111111111 0.01325 0.024888888888888887
0 0.72 0.972 0.0165 0.020444444444444446
0 0.7265 0.9164444444444444 0.01325 0.016
0 0.70825 0.908 0.01 0.024444444444444446
0 0.6985 0.8964444444444445 0.01 0.023555555555555555
0 0.673 0.7933333333333333 0.01325 0.016
0 0.661 0.7324444444444445 0.0145 0.01911111111111111
0 0.6315 0.7204444444444444 0.011 0.024888888888888887
0 0.621 0.7648888888888888 0.0175 0.021333333333333333
0 0.6255 0.6746666666666666 0.00575 0.023555555555555555
0 0.7055 0.7328888888888889 0.011 0.029333333333333333
0 0.7245 0.7502222222222222 0.0095 0.03111111111111111
0 0.78575 0.8231111111111111 0.01125 0.028888888888888888
0 0.7845 0.9146666666666666 0.0125 0.030666666666666665
0 0.82925 0.9262222222222222 0.0135 0.024
0 0.83275 0.8666666666666667 0.01025 0.02711111111111111
0 0.8515 0.848 0.01125 0.03111111111111111
0 0.863 0.8808888888888889 0.01225 0.025777777777777778
0 0.59325 0.4951111111111111 0.011 0.03911111111111111
0 0.611 0.5488888888888889 0.01075 0.028444444444444446
0 0.60025 0.5626666666666666 0.0165 0.020444444444444446
0 0.64125 0.6151111111111112 0.01575 0.017333333333333333
0 0.7325 0.6515555555555556 0.01125 0.03111111111111111
0 0.76725 0.6622222222222223 0.0135 0.029333333333333333
0 0.75475 0.6848888888888889 0.015 0.025777777777777778
0 0.642 0.4471111111111111 0.013 0.02711111111111111
0 0.65175 0.4351111111111111 0.013 0.016888888888888887
0 0.65675 0.42533333333333334 0.0105 0.012444444444444444
0 0.66375 0.43733333333333335 0.0125 0.017333333333333333
0 0.66475 0.42133333333333334 0.01325 0.016888888888888887
0 0.67825 0.43555555555555553 0.007 0.02266666666666667
0 0.675 0.48044444444444445 0.01425 0.015111111111111112
0 0.68375 0.4662222222222222 0.01075 0.016888888888888887
0 0.712 0.39866666666666667 0.01275 0.017777777777777778
0 0.72975 0.4351111111111111 0.01425 0.019555555555555555
0 0.68325 0.41644444444444445 0.01025 0.019555555555555555
0 0.7505 0.49066666666666664 0.01525 0.018222222222222223
0 0.76025 0.43644444444444447 0.006 0.021777777777777778
0 0.7815 0.42444444444444446 0.00775 0.024
0 0.79225 0.42533333333333334 0.007 0.028444444444444446
0 0.76725 0.38622222222222224 0.01325 0.018222222222222223
0 0.739 0.3022222222222222 0.01325 0.020444444444444446
0 0.65075 0.22844444444444445 0.01225 0.02
0 0.65075 0.17333333333333334 0.00925 0.034666666666666665
0 0.61725 0.2826666666666667 0.01175 0.03155555555555556
0 0.63625 0.2911111111111111 0.01025 0.03111111111111111
0 0.71325 0.17822222222222223 0.01475 0.021333333333333333
0 0.00275 0.3635555555555556 0.0055 0.017333333333333333
0 0.7005 0.04577777777777778 0.017 0.021333333333333333
0 0.67425 0.021333333333333333 0.00975 0.018666666666666668
0 0.71075 0.009333333333333334 0.0115 0.018222222222222223
0 0.7665 0.06088888888888889 0.0115 0.021777777777777778
0 0.77125 0.03955555555555555 0.01225 0.025333333333333333
0 0.79175 0.026222222222222223 0.00975 0.020444444444444446
0 0.802 0.028444444444444446 0.01 0.03288888888888889
0 0.72325 0.8044444444444444 0.01175 0.017333333333333333
0 0.8225 0.6213333333333333 0.00975 0.035555555555555556
0 0.82775 0.528 0.01225 0.024
0 0.761 0.24444444444444444 0.01075 0.03288888888888889
0 0.7775 0.2951111111111111 0.01175 0.033777777777777775
0 0.792 0.28044444444444444 0.01025 0.035555555555555556
0 0.83625 0.14666666666666667 0.0205 0.016444444444444446
0 0.84825 0.11822222222222223 0.01425 0.028888888888888888
0 0.8475 0.058666666666666666 0.00875 0.024888888888888887
0 0.857 0.05466666666666667 0.01425 0.034666666666666665
0 0.87025 0.008888888888888889 0.01325 0.017333333333333333
0 0.89925 0.012888888888888889 0.0085 0.025777777777777778
0 0.89875 0.1791111111111111 0.01225 0.03866666666666667
0 0.875 0.2613333333333333 0.01075 0.024
0 0.854 0.36933333333333335 0.018 0.021333333333333333
0 0.87275 0.36088888888888887 0.01325 0.021333333333333333
0 0.89125 0.3457777777777778 0.00925 0.035555555555555556
0 0.8305 0.3426666666666667 0.00975 0.024888888888888887
0 0.88125 0.412 0.01675 0.021333333333333333
0 0.88125 0.47644444444444445 0.00975 0.044444444444444446
0 0.513 0.005333333333333333 0.01225 0.010666666666666666
0 0.8595 0.6986666666666667 0.00925 0.02711111111111111
0 0.88975 0.6702222222222223 0.01425 0.033777777777777775
0 0.88975 0.6253333333333333 0.00925 0.02711111111111111
0 0.8765 0.7706666666666667 0.01475 0.021333333333333333
0 0.88 0.8257777777777778 0.01425 0.021333333333333333
0 0.891 0.8155555555555556 0.01275 0.037333333333333336
0 0.895 0.7897777777777778 0.01475 0.018222222222222223
0 0.90775 0.7666666666666667 0.0175 0.022222222222222223
0 0.97975 0.756 0.01375 0.025777777777777778
0 0.99325 0.7257777777777777 0.00975 0.030666666666666665
0 0.9615 0.7293333333333333 0.0195 0.028888888888888888
0 0.97125 0.7008888888888889 0.01075 0.04533333333333334
0 0.92275 0.6315555555555555 0.01175 0.025777777777777778
0 0.963 0.5937777777777777 0.00975 0.03288888888888889
0 0.976 0.6004444444444444 0.01625 0.017333333333333333
0 0.99875 0.6906666666666667 0.0025 0.03333333333333333
0 0.8725 0.5453333333333333 0.01525 0.016888888888888887
0 0.88125 0.5537777777777778 0.01325 0.016
0 0.93775 0.47733333333333333 0.0075 0.029333333333333333
0 0.9385 0.46355555555555555 0.01075 0.020444444444444446
0 0.9465 0.5315555555555556 0.0075 0.030666666666666665
0 0.9665 0.5591111111111111 0.007 0.017777777777777778
0 0.92775 0.3537777777777778 0.009 0.030666666666666665
0 0.96175 0.29555555555555557 0.01 0.029333333333333333
0 0.97375 0.24222222222222223 0.01225 0.015111111111111112
0 0.96975 0.232 0.01275 0.015555555555555555
0 0.9635 0.26 0.0155 0.016444444444444446
0 0.92725 0.25422222222222224 0.01575 0.02666666666666667
0 0.9225 0.2008888888888889 0.0085 0.024
0 0.9945 0.1728888888888889 0.011 0.029333333333333333
0 0.986 0.15688888888888888 0.00825 0.03111111111111111
0 0.993 0.14844444444444443 0.01225 0.024
0 0.976 0.1302222222222222 0.01675 0.016
0 0.95575 0.08 0.01525 0.018222222222222223
0 0.9975 0.013333333333333334 0.005 0.02666666666666667
0 0.7885 0.1648888888888889 0.01075 0.012888888888888889
0 0.7835 0.19822222222222222 0.00875 0.02311111111111111
0 0.79775 0.6071111111111112 0.0115 0.022222222222222223