0 0.3565 0.1791111111111111 0.01425 0.019555555555555555
0 0.38425 0.192 0.013 0.024
0 0.361 0.2902222222222222 0.011 0.014666666666666666
0 0.369 0.27555555555555555 0.00825 0.018666666666666668
0 0.3785 0.25955555555555554 0.01075 0.02311111111111111
0 0.4005 0.22933333333333333 0.01375 0.016444444444444446
0 0.3845 0.33866666666666667 0.0115 0.018222222222222223
0 0.383 0.30933333333333335 0.00725 0.021777777777777778
0 0.389 0.316 0.01125 0.013333333333333334
0 0.3955 0.3071111111111111 0.00925 0.024444444444444446
0 0.412 0.292 0.01575 0.01911111111111111
0 0.42575 0.31777777777777777 0.00975 0.019555555555555555
0 0.35725 0.33555555555555555 0.0125 0.028888888888888888
0 0.31975 0.31377777777777777 0.011 0.03111111111111111
0 0.33875 0.292 0.00875 0.028888888888888888
0 0.247 0.032 0.01325 0.015111111111111112
0 0.25425 0.044444444444444446 0.012 0.02266666666666667
0 0.2795 0.05288888888888889 0.0095 0.024888888888888887
0 0.299 0.028888888888888888 0.0055 0.028
0 0.2925 0.011555555555555555 0.007 0.014666666666666666
0 0.31075 0.008 0.0055 0.016
0 0.33 0.0057777777777777775 0.0075 0.011555555555555555
0 0.34675 0.014666666666666666 0.01025 0.020888888888888887
0 0.3555 0.021777777777777778 0.01325 0.018666666666666668
0 0.351 0.072 0.0055 0.023555555555555555
0 0.36325 0.05644444444444444 0.00825 0.021777777777777778
0 0.36575 0.036444444444444446 0.01225 0.010666666666666666
0 0.37 0.04 0.01 0.018222222222222223
0 0.3325 0.07155555555555555 0.00975 0.03155555555555556
0 0.29775 0.07288888888888889 0.011 0.024
0 0.2 0.12755555555555556 0.01475 0.019555555555555555
0 0.2235 0.108 0.00925 0.025333333333333333
0 0.232 0.10133333333333333 0.011 0.025333333333333333
0 0.24 0.12533333333333332 0.01225 0.025333333333333333
0 0.26175 0.11066666666666666 0.01275 0.013333333333333334
0 0.2585 0.14 0.013 0.013777777777777778
0 0.22275 0.176 0.01525 0.020888888888888887
0 0.19475 0.17644444444444443 0.01125 0.028888888888888888
0 0.18 0.16444444444444445 0.009 0.02311111111111111
0 0.169 0.19333333333333333 0.015 0.011111111111111112
0 0.179 0.2368888888888889 0.009 0.024888888888888887
0 0.19275 0.2777777777777778 0.0105 0.020888888888888887
0 0.21025 0.3 0.01525 0.030222222222222223
0 0.29625 0.10044444444444445 0.01225 0.014666666666666666
0 0.2745 0.13555555555555557 0.0085 0.028444444444444446
0 0.258 0.164 0.01275 0.016444444444444446
0 0.31025 0.12488888888888888 0.007 0.021777777777777778
0 0.3195 0.11466666666666667 0.01 0.021333333333333333
0 0.29825 0.16844444444444445 0.0125 0.013777777777777778
0 0.296 0.14933333333333335 0.0075 0.024
0 0.29475 0.14222222222222222 0.011 0.020888888888888887
0 0.302 0.1471111111111111 0.00675 0.023555555555555555
0 0.30775 0.14933333333333335 0.00775 0.020888888888888887
0 0.31325 0.1497777777777778 0.00875 0.01911111111111111
0 0.31475 0.13822222222222222 0.01025 0.012444444444444444
0 0.31975 0.14577777777777778 0.00775 0.020444444444444446
0 0.35575 0.16533333333333333 0.01025 0.016
0 0.3625 0.13155555555555556 0.01125 0.021777777777777778
0 0.377 0.07511111111111111 0.0045 0.024
0 0.38275 0.08088888888888889 0.0105 0.012444444444444444
0 0.1195 0.24844444444444444 0.0085 0.024
0 0.14775 0.256 0.008 0.024888888888888887
0 0.117 0.332 0.01275 0.018222222222222223
0 0.13275 0.3302222222222222 0.00625 0.018666666666666668
0 0.142 0.33155555555555555 0.01325 0.011111111111111112
0 0.13875 0.3204444444444444 0.0145 0.012444444444444444
0 0.13975 0.31422222222222224 0.01375 0.012888888888888889
0 0.143 0.2911111111111111 0.00725 0.016444444444444446
0 0.17925 0.34 0.008 0.021333333333333333
0 0.18 0.32755555555555554 0.011 0.013777777777777778
0 0.14375 0.36977777777777776 0.009 0.024
0 0.14675 0.3431111111111111 0.0095 0.015111111111111112
0 0.19225 0.34933333333333333 0.00775 0.020888888888888887
0 0.19175 0.3377777777777778 0.0095 0.014222222222222223
0 0.22425 0.25822222222222224 0.01025 0.012444444444444444
0 0.23225 0.2693333333333333 0.008 0.024888888888888887
0 0.244 0.2551111111111111 0.01175 0.019555555555555555
0 0.24875 0.21555555555555556 0.00775 0.018222222222222223
0 0.26225 0.20044444444444445 0.00625 0.012888888888888889
0 0.26875 0.21244444444444444 0.0065 0.020888888888888887
0 0.2705 0.20177777777777778 0.0095 0.018666666666666668
0 0.275 0.20755555555555555 0.0055 0.017333333333333333
0 0.2795 0.21155555555555555 0.007 0.022222222222222223
0 0.28975 0.24133333333333334 0.00975 0.02666666666666667
0 0.26025 0.24622222222222223 0.0105 0.021333333333333333
0 0.26675 0.2822222222222222 0.01425 0.013777777777777778
0 0.26475 0.2728888888888889 0.00875 0.011111111111111112
0 0.2775 0.2853333333333333 0.0095 0.018666666666666668
0 0.2845 0.2871111111111111 0.00975 0.018222222222222223
0 0.2995 0.21288888888888888 0.0105 0.012888888888888889
0 0.3065 0.216 0.00775 0.018222222222222223
0 0.2185 0.3582222222222222 0.01075 0.02
0 0.2295 0.3497777777777778 0.00775 0.024
0 0.2335 0.33111111111111113 0.01375 0.016888888888888887
0 0.243 0.30977777777777776 0.00725 0.024888888888888887
0 0.207 0.4186666666666667 0.0085 0.024888888888888887
0 0.21175 0.3982222222222222 0.007 0.024444444444444446
0 0.22425 0.37644444444444447 0.0135 0.017333333333333333
0 0.217 0.4151111111111111 0.01075 0.021777777777777778
0 0.189 0.416 0.007 0.024888888888888887
0 0.17525 0.3973333333333333 0.01125 0.017777777777777778
0 0.18675 0.3888888888888889 0.01025 0.021777777777777778
0 0.159 0.3671111111111111 0.01475 0.015555555555555555
0 0.13125 0.3631111111111111 0.012 0.017333333333333333
0 0.13575 0.416 0.0135 0.017333333333333333
0 0.12125 0.42488888888888887 0.00975 0.026222222222222223
0 0.13575 0.4017777777777778 0.00625 0.021777777777777778
0 0.1435 0.40755555555555556 0.00825 0.021777777777777778
0 0.154 0.404 0.0115 0.021333333333333333
0 0.17075 0.43733333333333335 0.0125 0.022222222222222223
0 0.255 0.41733333333333333 0.00975 0.012888888888888889
0 0.267 0.392 0.00825 0.024888888888888887
0 0.275 0.3337777777777778 0.006 0.02266666666666667
0 0.2795 0.3297777777777778 0.00775 0.017333333333333333
0 0.287 0.3506666666666667 0.01 0.015555555555555555
0 0.28575 0.3288888888888889 0.009 0.017777777777777778
0 0.29875 0.3426666666666667 0.00875 0.029333333333333333
0 0.3235 0.252 0.0115 0.017333333333333333
0 0.33475 0.26 0.00825 0.020444444444444446
0 0.34225 0.2688888888888889 0.01025 0.016888888888888887
0 0.3585 0.2742222222222222 0.00825 0.018666666666666668
0 0.37725 0.3048888888888889 0.00425 0.012888888888888889
0 0.41775 0.27066666666666667 0.0115 0.012444444444444444
0 0.427 0.272 0.009 0.022222222222222223
0 0.428 0.24666666666666667 0.0125 0.024444444444444446
0 0.44125 0.2773333333333333 0.0125 0.020888888888888887
0 0.434 0.336 0.00925 0.021777777777777778
0 0.43175 0.3204444444444444 0.01125 0.016444444444444446
0 0.44325 0.29733333333333334 0.008 0.020444444444444446
0 0.45025 0.30666666666666664 0.01225 0.018222222222222223
0 0.46475 0.312 0.0095 0.020888888888888887
0 0.4615 0.2813333333333333 0.00925 0.022222222222222223
0 0.44875 0.224 0.006 0.026222222222222223
0 0.4475 0.2008888888888889 0.009 0.025777777777777778
0 0.4455 0.18622222222222223 0.006 0.018222222222222223
0 0.4515 0.17022222222222222 0.0065 0.026222222222222223
0 0.4615 0.16844444444444445 0.01425 0.019555555555555555
0 0.425 0.16977777777777778 0.01425 0.018222222222222223
0 0.41075 0.13777777777777778 0.0105 0.030666666666666665
0 0.41975 0.15155555555555555 0.01325 0.012444444444444444
0 0.40375 0.12311111111111112 0.01725 0.020888888888888887
0 0.4315 0.09733333333333333 0.01475 0.016444444444444446
0 0.447 0.07377777777777778 0.0105 0.019555555555555555
0 0.462 0.07955555555555556 0.01325 0.02
0 0.4495 0.12577777777777777 0.01325 0.018222222222222223
0 0.481 0.09377777777777778 0.01475 0.016444444444444446
0 0.49525 0.09422222222222222 0.01125 0.022222222222222223
0 0.47725 0.12266666666666666 0.0065 0.017333333333333333
0 0.47825 0.11688888888888889 0.009 0.015555555555555555
0 0.47975 0.11022222222222222 0.011 0.011111111111111112
0 0.504 0.072 0.00725 0.017777777777777778
0 0.494 0.05466666666666667 0.01 0.016888888888888887
0 0.481 0.052444444444444446 0.0065 0.017333333333333333
0 0.48075 0.020444444444444446 0.0155 0.014222222222222223
0 0.496 0.028888888888888888 0.008 0.024444444444444446
0 0.4515 0.011111111111111112 0.01475 0.012444444444444444
0 0.50625 0.03777777777777778 0.00875 0.024888888888888887
0 0.52075 0.03866666666666667 0.00825 0.025333333333333333
0 0.5275 0.022222222222222223 0.0055 0.02
0 0.52125 0.010222222222222223 0.01125 0.016444444444444446
0 0.54275 0.023555555555555555 0.01275 0.017777777777777778
0 0.557 0.03422222222222222 0.012 0.013333333333333334
0 0.568 0.032 0.0105 0.016888888888888887
0 0.56075 0.04933333333333333 0.00775 0.021333333333333333
0 0.54575 0.07066666666666667 0.01225 0.012888888888888889
0 0.52175 0.11333333333333333 0.012 0.016888888888888887
0 0.4915 0.13111111111111112 0.0105 0.01911111111111111
0 0.5095 0.14177777777777778 0.0125 0.012
0 0.49225 0.16444444444444445 0.00925 0.021777777777777778
0 0.48175 0.16666666666666666 0.01025 0.018666666666666668
0 0.5005 0.17866666666666667 0.00825 0.024
0 0.50825 0.19333333333333333 0.012 0.017777777777777778
0 0.5255 0.1728888888888889 0.00775 0.021777777777777778
0 0.53325 0.16977777777777778 0.00925 0.020444444444444446
0 0.5235 0.14577777777777778 0.01075 0.020444444444444446
0 0.52475 0.13466666666666666 0.014 0.011555555555555555
0 0.53025 0.14044444444444446 0.00675 0.021777777777777778
0 0.53875 0.15155555555555555 0.0105 0.013777777777777778
0 0.538 0.14533333333333334 0.012 0.017333333333333333
0 0.54575 0.15555555555555556 0.01025 0.018222222222222223
0 0.553 0.1328888888888889 0.0105 0.016
0 0.55925 0.13155555555555556 0.00675 0.018222222222222223
0 0.56875 0.1368888888888889 0.0075 0.02
0 0.5495 0.09688888888888889 0.01 0.012
0 0.557 0.1 0.0115 0.012888888888888889
0 0.56425 0.10355555555555555 0.00825 0.012888888888888889
0 0.58275 0.11466666666666667 0.011 0.016
0 0.59125 0.10666666666666667 0.011 0.009777777777777778
0 0.6 0.1671111111111111 0.00825 0.024888888888888887
0 0.6015 0.15288888888888888 0.01275 0.010666666666666666
0 0.59975 0.14133333333333334 0.01 0.016888888888888887
0 0.5965 0.18444444444444444 0.00925 0.024
0 0.57925 0.17822222222222223 0.012 0.020444444444444446
0 0.569 0.20044444444444445 0.006 0.019555555555555555
0 0.5845 0.2031111111111111 0.012 0.016888888888888887
0 0.59675 0.21022222222222223 0.0095 0.018666666666666668
0 0.57525 0.21733333333333332 0.0105 0.013333333333333334
0 0.54925 0.21911111111111112 0.0065 0.017333333333333333
0 0.5535 0.208 0.01275 0.011111111111111112
0 0.56225 0.22266666666666668 0.00825 0.017333333333333333
0 0.555 0.2351111111111111 0.01325 0.009333333333333334
0 0.56975 0.24488888888888888 0.012 0.013777777777777778
0 0.5685 0.264 0.01725 0.013333333333333334
0 0.563 0.28355555555555556 0.0125 0.016888888888888887
0 0.55375 0.2782222222222222 0.006 0.016444444444444446
0 0.5455 0.27244444444444443 0.00725 0.023555555555555555
0 0.53675 0.23066666666666666 0.0065 0.020444444444444446
0 0.5215 0.24711111111111111 0.011 0.013777777777777778
0 0.51575 0.228 0.01 0.018666666666666668
0 0.533 0.21555555555555556 0.00675 0.012444444444444444
0 0.49225 0.23644444444444446 0.00875 0.010666666666666666
0 0.49 0.22666666666666666 0.009 0.008888888888888889
0 0.493 0.21777777777777776 0.00875 0.012444444444444444
0 0.506 0.2351111111111111 0.00875 0.012
0 0.496 0.24488888888888888 0.00925 0.016444444444444446
0 0.51275 0.2728888888888889 0.0065 0.021333333333333333
0 0.50475 0.27155555555555555 0.0115 0.012444444444444444
0 0.49925 0.2791111111111111 0.00775 0.013333333333333334
0 0.491 0.2911111111111111 0.00875 0.018666666666666668
0 0.492 0.276 0.011 0.013777777777777778
0 0.47725 0.28044444444444444 0.0075 0.018222222222222223
0 0.48525 0.2991111111111111 0.01075 0.017333333333333333
0 0.48575 0.33111111111111113 0.00775 0.019555555555555555
0 0.50975 0.336 0.0115 0.014666666666666666
0 0.543 0.30844444444444447 0.0145 0.012888888888888889
0 0.54375 0.29555555555555557 0.01275 0.011555555555555555
0 0.539 0.30266666666666664 0.01125 0.013333333333333334
0 0.539 0.3204444444444444 0.012 0.013333333333333334
0 0.5535 0.33111111111111113 0.0155 0.014666666666666666
0 0.5765 0.3208888888888889 0.012 0.016888888888888887
0 0.5815 0.32844444444444443 0.012 0.008888888888888889
0 0.57725 0.3382222222222222 0.0095 0.015111111111111112
0 0.56825 0.3382222222222222 0.01 0.009777777777777778
0 0.55875 0.3511111111111111 0.00825 0.021333333333333333
0 0.5705 0.3635555555555556 0.0145 0.013777777777777778
0 0.5985 0.3048888888888889 0.00875 0.021333333333333333
0 0.60225 0.29244444444444445 0.01375 0.013333333333333334
0 0.60625 0.3293333333333333 0.0075 0.024
0 0.60725 0.10311111111111111 0.00925 0.024
0 0.09575 0.3688888888888889 0.00825 0.019555555555555555
0 0.08075 0.37466666666666665 0.00775 0.016444444444444446
0 0.08975 0.38666666666666666 0.00775 0.024
0 0.087 0.4128888888888889 0.015 0.017333333333333333
0 0.1005 0.46 0.00825 0.025333333333333333
0 0.0895 0.4688888888888889 0.0125 0.013777777777777778
0 0.134 0.5124444444444445 0.0105 0.02
0 0.12175 0.5288888888888889 0.01275 0.024444444444444446
0 0.153 0.5177777777777778 0.00925 0.018666666666666668
0 0.1245 0.5568888888888889 0.01325 0.011555555555555555
0 0.126 0.5497777777777778 0.012 0.012444444444444444
0 0.16 0.5631111111111111 0.01375 0.011555555555555555
0 0.1675 0.564 0.011 0.014666666666666666
0 0.10375 0.5595555555555556 0.00925 0.019555555555555555
0 0.08075 0.5373333333333333 0.00625 0.025333333333333333
0 0.08025 0.5057777777777778 0.0135 0.012
0 0.08275 0.4991111111111111 0.007 0.014666666666666666
0 0.03825 0.4488888888888889 0.00825 0.016444444444444446
0 0.02075 0.49066666666666664 0.006 0.020444444444444446
0 0.03075 0.5035555555555555 0.011 0.017777777777777778
0 0.01825 0.5208888888888888 0.0055 0.022222222222222223
0 0.05475 0.4582222222222222 0.0095 0.020444444444444446
0 0.059 0.4666666666666667 0.00925 0.016
0 0.0455 0.4915555555555556 0.0125 0.017333333333333333
0 0.0555 0.49644444444444447 0.01 0.017333333333333333
0 0.059 0.5337777777777778 0.0125 0.012888888888888889
0 0.061 0.5542222222222222 0.0085 0.024444444444444446
0 0.14175 0.5831111111111111 0.00875 0.02666666666666667
0 0.155 0.5955555555555555 0.0075 0.020444444444444446
0 0.12875 0.5884444444444444 0.01 0.013333333333333334
0 0.15575 0.6137777777777778 0.0125 0.015111111111111112
0 0.1615 0.62 0.00775 0.02666666666666667
0 0.08575 0.6244444444444445 0.0155 0.016444444444444446
0 0.0615 0.6302222222222222 0.00775 0.012
0 0.023 0.5857777777777777 0.01475 0.018222222222222223
0 0.00425 0.632 0.00825 0.013777777777777778
0 0.027 0.6266666666666667 0.0085 0.008444444444444444
0 0.0225 0.644 0.01175 0.023555555555555555
0 0.045 0.6608888888888889 0.0145 0.020888888888888887
0 0.0495 0.6848888888888889 0.016 0.016888888888888887
0 0.08625 0.668 0.00825 0.021777777777777778
0 0.0965 0.6906666666666667 0.0075 0.02266666666666667
0 0.1175 0.6786666666666666 0.012 0.016
0 0.11825 0.6684444444444444 0.01375 0.013777777777777778
0 0.1215 0.6831111111111111 0.01325 0.012444444444444444
0 0.1335 0.6737777777777778 0.0145 0.011111111111111112
0 0.13325 0.6924444444444444 0.01325 0.018222222222222223
0 0.15175 0.7106666666666667 0.0145 0.012444444444444444
0 0.12675 0.72 0.01025 0.015555555555555555
0 0.09475 0.7328888888888889 0.01125 0.015111111111111112
0 0.116 0.7555555555555555 0.0125 0.018222222222222223
0 0.08175 0.7382222222222222 0.0125 0.015111111111111112
0 0.06925 0.7413333333333333 0.0105 0.013333333333333334
0 0.0475 0.752 0.0165 0.013333333333333334
0 0.158 0.7608888888888888 0.01375 0.017777777777777778
0 0.1625 0.7888888888888889 0.0135 0.013777777777777778
0 0.1595 0.8026666666666666 0.01325 0.015555555555555555
0 0.123 0.8146666666666667 0.01225 0.012444444444444444
0 0.1615 0.8328888888888889 0.01425 0.020444444444444446
0 0.1435 0.8604444444444445 0.012 0.01911111111111111
0 0.15025 0.8613333333333333 0.0095 0.010666666666666666
0 0.118 0.8577777777777778 0.0055 0.021777777777777778
0 0.1135 0.8502222222222222 0.01 0.014222222222222223
0 0.10425 0.8533333333333334 0.007 0.024444444444444446
0 0.09625 0.8493333333333334 0.00725 0.018666666666666668
0 0.0955 0.7835555555555556 0.01575 0.013333333333333334
0 0.0495 0.8128888888888889 0.00975 0.027555555555555555
0 0.11225 0.8173333333333334 0.00625 0.014666666666666666
0 0.028 0.8093333333333333 0.0125 0.015555555555555555
0 0.028 0.7746666666666666 0.01275 0.016
0 0.0075 0.7551111111111111 0.009 0.021777777777777778
0 0.032 0.8511111111111112 0.01125 0.010666666666666666
0 0.04225 0.8626666666666667 0.0105 0.009777777777777778
0 0.0345 0.8777777777777778 0.0075 0.016888888888888887
0 0.039 0.8808888888888889 0.00875 0.013777777777777778
0 0.0195 0.9004444444444445 0.0115 0.020444444444444446
0 0.00725 0.8871111111111111 0.00625 0.021777777777777778
0 0.07475 0.9026666666666666 0.007 0.021333333333333333
0 0.06975 0.9124444444444444 0.0135 0.012444444444444444
0 0.11975 0.8804444444444445 0.014 0.011555555555555555
0 0.1245 0.8915555555555555 0.0095 0.016888888888888887
0 0.14275 0.8995555555555556 0.014 0.011111111111111112
0 0.15475 0.9088888888888889 0.00925 0.014666666666666666
0 0.008 0.9355555555555556 0.0095 0.014666666666666666
0 0.01625 0.9391111111111111 0.012 0.012
0 0.0135 0.9284444444444444 0.0055 0.017333333333333333
0 0.00575 0.9915555555555555 0.01025 0.013777777777777778
0 0.031 0.9804444444444445 0.011 0.019555555555555555
0 0.05375 0.9964444444444445 0.00875 0.0071111111111111115
0 0.0395 0.928 0.0115 0.009333333333333334
0 0.0455 0.9355555555555556 0.01125 0.012444444444444444
0 0.05575 0.9382222222222222 0.01025 0.012
0 0.06275 0.9426666666666667 0.0065 0.015555555555555555
0 0.1045 0.9555555555555556 0.01025 0.016
0 0.11675 0.9768888888888889 0.00775 0.024444444444444446
0 0.1355 0.9391111111111111 0.009 0.023555555555555555
0 0.17125 0.9511111111111111 0.013 0.017333333333333333
0 0.15525 0.9955555555555555 0.015 0.008888888888888889
0 0.17875 0.46844444444444444 0.01225 0.018666666666666668
0 0.21625 0.4457777777777778 0.01075 0.017333333333333333
0 0.2555 0.432 0.012 0.014666666666666666
0 0.24675 0.4471111111111111 0.011 0.016
0 0.24125 0.46355555555555555 0.0085 0.012888888888888889
0 0.247 0.48844444444444446 0.017 0.013777777777777778
0 0.301 0.39866666666666667 0.00975 0.025333333333333333
0 0.2915 0.43822222222222224 0.00975 0.017333333333333333
0 0.3105 0.4524444444444444 0.0135 0.013777777777777778
0 0.29125 0.4737777777777778 0.01275 0.02
0 0.20725 0.5288888888888889 0.0075 0.024444444444444446
0 0.225 0.5515555555555556 0.01125 0.02266666666666667
0 0.241 0.5871111111111111 0.00825 0.020444444444444446
0 0.241 0.5697777777777778 0.009 0.013333333333333334
0 0.256 0.5595555555555556 0.0075 0.02666666666666667
0 0.271 0.5515555555555556 0.005 0.026222222222222223
0 0.27875 0.5444444444444444 0.01275 0.013333333333333334
0 0.3095 0.5591111111111111 0.00775 0.021777777777777778
0 0.28625 0.5808888888888889 0.00775 0.017333333333333333
0 0.3055 0.5942222222222222 0.0075 0.020444444444444446
0 0.29125 0.5968888888888889 0.00875 0.02311111111111111
0 0.217 0.5831111111111111 0.00925 0.015555555555555555
0 0.22175 0.5951111111111111 0.0065 0.021777777777777778
0 0.2335 0.6 0.01225 0.010666666666666666
0 0.26525 0.6115555555555555 0.01125 0.016444444444444446
0 0.2105 0.6311111111111111 0.01225 0.014222222222222223
0 0.211 0.6173333333333333 0.01025 0.013333333333333334
0 0.30925 0.6186666666666667 0.0135 0.012
0 0.30075 0.6346666666666667 0.0145 0.013333333333333334
0 0.282 0.6555555555555556 0.01075 0.009777777777777778
0 0.28625 0.6488888888888888 0.007 0.020444444444444446
0 0.288 0.6382222222222222 0.01225 0.015555555555555555
0 0.2725 0.6595555555555556 0.0135 0.02
0 0.24475 0.6431111111111111 0.00925 0.020888888888888887
0 0.208 0.66 0.01425 0.012444444444444444
0 0.19525 0.6724444444444444 0.0115 0.016444444444444446
0 0.211 0.6964444444444444 0.012 0.012444444444444444
0 0.229 0.6853333333333333 0.0145 0.011555555555555555
0 0.22225 0.7044444444444444 0.007 0.020444444444444446
0 0.22725 0.724 0.0105 0.017777777777777778
0 0.20725 0.7124444444444444 0.01275 0.010222222222222223
0 0.18125 0.7102222222222222 0.011 0.011111111111111112
0 0.17475 0.7253333333333334 0.007 0.017777777777777778
0 0.179 0.7431111111111111 0.0135 0.018222222222222223
0 0.194 0.7568888888888889 0.0155 0.011111111111111112
0 0.177 0.7693333333333333 0.00775 0.020888888888888887
0 0.21975 0.7586666666666667 0.01325 0.015555555555555555
0 0.2275 0.7786666666666666 0.01675 0.013333333333333334
0 0.23975 0.7235555555555555 0.009 0.013777777777777778
0 0.197 0.7151111111111111 0.011 0.016444444444444446
0 0.26225 0.7284444444444444 0.01525 0.014666666666666666
0 0.27275 0.7075555555555556 0.01375 0.013333333333333334
0 0.29 0.6973333333333334 0.01025 0.018222222222222223
0 0.29925 0.7093333333333334 0.00875 0.02666666666666667
0 0.31275 0.7084444444444444 0.0125 0.018666666666666668
0 0.31525 0.7186666666666667 0.00775 0.021333333333333333
0 0.2845 0.7182222222222222 0.0105 0.012444444444444444
0 0.32125 0.7382222222222222 0.012 0.012444444444444444
0 0.32375 0.7591111111111111 0.00725 0.02666666666666667
0 0.318 0.7684444444444445 0.00975 0.018222222222222223
0 0.326 0.7844444444444445 0.01 0.016444444444444446
0 0.3275 0.8017777777777778 0.013 0.017777777777777778
0 0.29975 0.7688888888888888 0.01475 0.012444444444444444
0 0.2105 0.8328888888888889 0.01275 0.011555555555555555
0 0.20975 0.8222222222222222 0.013 0.012888888888888889
0 0.193 0.8528888888888889 0.01025 0.018666666666666668
0 0.1975 0.8622222222222222 0.00525 0.020888888888888887
0 0.2035 0.8555555555555555 0.0075 0.016444444444444446
0 0.21125 0.8662222222222222 0.006 0.017777777777777778
0 0.241 0.8613333333333333 0.007 0.019555555555555555
0 0.2685 0.8382222222222222 0.013 0.014666666666666666
0 0.2755 0.8626666666666667 0.00825 0.021333333333333333
0 0.26425 0.8822222222222222 0.0155 0.013333333333333334
0 0.25975 0.876 0.01325 0.010666666666666666
0 0.26075 0.8955555555555555 0.00975 0.012444444444444444
0 0.316 0.844 0.011 0.012444444444444444
0 0.32625 0.8671111111111112 0.00775 0.020444444444444446
0 0.2035 0.8804444444444445 0.007 0.02
0 0.20975 0.8862222222222222 0.01 0.019555555555555555
0 0.19325 0.8942222222222223 0.0115 0.013333333333333334
0 0.21225 0.9182222222222223 0.008 0.020444444444444446
0 0.186 0.9284444444444444 0.0085 0.020444444444444446
0 0.199 0.9462222222222222 0.0145 0.011555555555555555
0 0.195 0.9368888888888889 0.01275 0.012444444444444444
0 0.23425 0.9231111111111111 0.0075 0.024444444444444446
0 0.24175 0.9222222222222223 0.00875 0.022222222222222223
0 0.24875 0.9542222222222222 0.0115 0.017333333333333333
0 0.25775 0.9511111111111111 0.0115 0.013333333333333334
0 0.23 0.9831111111111112 0.013 0.014666666666666666
0 0.238 0.9924444444444445 0.0065 0.015111111111111112
0 0.26 0.9808888888888889 0.0145 0.012444444444444444
0 0.28025 0.9097777777777778 0.01275 0.013777777777777778
0 0.2455 0.9044444444444445 0.0115 0.016444444444444446
0 0.239 0.9008888888888889 0.00975 0.015111111111111112
0 0.30075 0.8995555555555556 0.01275 0.017333333333333333
0 0.296 0.9222222222222223 0.0085 0.024888888888888887
0 0.30825 0.9591111111111111 0.0075 0.025777777777777778
0 0.3365 0.9066666666666666 0.0115 0.013777777777777778
0 0.33075 0.9626666666666667 0.0075 0.025777777777777778
0 0.32875 0.936 0.00875 0.016444444444444446
0 0.358 0.9546666666666667 0.009 0.020444444444444446
0 0.36225 0.9666666666666667 0.0155 0.014222222222222223
0 0.36075 0.9817777777777777 0.0135 0.016888888888888887
0 0.3895 0.9911111111111112 0.01375 0.013777777777777778
0 0.38025 0.9173333333333333 0.0085 0.017333333333333333
0 0.38675 0.9168888888888889 0.00925 0.023555555555555555
0 0.39175 0.9 0.00525 0.018666666666666668
0 0.39725 0.9151111111111111 0.01075 0.018222222222222223
0 0.39825 0.9035555555555556 0.0095 0.024
0 0.40975 0.896 0.0125 0.014222222222222223
0 0.423 0.8991111111111111 0.01275 0.013777777777777778
0 0.43625 0.9013333333333333 0.01225 0.014222222222222223
0 0.456 0.8928888888888888 0.0105 0.009777777777777778
0 0.4505 0.9342222222222222 0.0115 0.016444444444444446
0 0.435 0.9404444444444444 0.00975 0.018222222222222223
0 0.4415 0.9595555555555556 0.01425 0.012888888888888889
0 0.45 0.96 0.0075 0.021333333333333333
0 0.4505 0.992 0.01325 0.013333333333333334
0 0.46625 0.9853333333333333 0.01475 0.014222222222222223
0 0.34275 0.8657777777777778 0.006 0.021333333333333333
0 0.34625 0.8493333333333334 0.01375 0.012
0 0.32975 0.7271111111111112 0.01075 0.009777777777777778
0 0.344 0.808 0.0105 0.012444444444444444
0 0.34675 0.8186666666666667 0.0055 0.020888888888888887
0 0.371 0.8271111111111111 0.013 0.012444444444444444
0 0.376 0.8191111111111111 0.01325 0.008444444444444444
0 0.3885 0.8404444444444444 0.01375 0.013777777777777778
0 0.40275 0.8488888888888889 0.007 0.021777777777777778
0 0.362 0.7866666666666666 0.0065 0.01911111111111111
0 0.37175 0.7457777777777778 0.014 0.012444444444444444
0 0.39175 0.7595555555555555 0.01175 0.014666666666666666
0 0.3735 0.6937777777777778 0.013 0.015555555555555555
0 0.345 0.6808888888888889 0.01325 0.013777777777777778
0 0.32675 0.684 0.006 0.01911111111111111
0 0.33925 0.6644444444444444 0.00575 0.022222222222222223
0 0.3285 0.6435555555555555 0.006 0.012444444444444444
0 0.324 0.6346666666666667 0.006 0.021777777777777778
0 0.3365 0.6 0.0085 0.021333333333333333
0 0.32175 0.5786666666666667 0.0065 0.02311111111111111
0 0.3675 0.6231111111111111 0.01375 0.013777777777777778
0 0.3725 0.64 0.014 0.012888888888888889
0 0.376 0.6666666666666666 0.0085 0.017777777777777778
0 0.4005 0.6804444444444444 0.00775 0.02
0 0.41975 0.6493333333333333 0.014 0.014222222222222223
0 0.43075 0.6422222222222222 0.01425 0.010666666666666666
0 0.4365 0.6293333333333333 0.0055 0.020888888888888887
0 0.43275 0.6506666666666666 0.0075 0.014666666666666666
0 0.432 0.668 0.00725 0.018666666666666668
0 0.44375 0.672 0.0065 0.021777777777777778
0 0.45425 0.6742222222222222 0.01275 0.016444444444444446
0 0.4515 0.6822222222222222 0.01125 0.011555555555555555
0 0.46575 0.6737777777777778 0.0115 0.017333333333333333
0 0.4605 0.6306666666666667 0.0115 0.013333333333333334
0 0.41275 0.6106666666666667 0.0105 0.009777777777777778
0 0.41625 0.6057777777777777 0.01075 0.018666666666666668
0 0.4005 0.6071111111111112 0.0115 0.015111111111111112
0 0.41725 0.5911111111111111 0.0065 0.017333333333333333
0 0.394 0.5835555555555556 0.01675 0.013333333333333334
0 0.38575 0.5764444444444444 0.01275 0.016
0 0.34225 0.5684444444444444 0.01225 0.011555555555555555
0 0.34725 0.5662222222222222 0.00875 0.022222222222222223
0 0.359 0.5302222222222223 0.0105 0.020444444444444446
0 0.3325 0.5031111111111111 0.0115 0.020444444444444446
0 0.35225 0.49466666666666664 0.00875 0.024888888888888887
0 0.3785 0.5217777777777778 0.0145 0.014666666666666666
0 0.38975 0.5088888888888888 0.00925 0.014666666666666666
0 0.3975 0.5488888888888889 0.01325 0.013333333333333334
0 0.4225 0.5168888888888888 0.01 0.013777777777777778
0 0.42875 0.5222222222222223 0.01425 0.009777777777777778
0 0.438 0.516 0.007 0.02266666666666667
0 0.43775 0.5502222222222222 0.0085 0.025333333333333333
0 0.46075 0.5226666666666666 0.01125 0.017333333333333333
0 0.4485 0.49866666666666665 0.0085 0.021333333333333333
0 0.42975 0.5115555555555555 0.0105 0.013333333333333334
0 0.4315 0.5044444444444445 0.01225 0.010666666666666666
0 0.4545 0.5928888888888889 0.01125 0.020444444444444446
0 0.3385 0.4582222222222222 0.00825 0.014666666666666666
0 0.34325 0.4737777777777778 0.006 0.017333333333333333
0 0.35075 0.45644444444444443 0.012 0.018222222222222223
0 0.3595 0.45866666666666667 0.01275 0.015555555555555555
0 0.36575 0.45022222222222225 0.01125 0.020444444444444446
0 0.389 0.4622222222222222 0.01475 0.013333333333333334
0 0.38175 0.4777777777777778 0.012 0.011111111111111112
0 0.37825 0.48533333333333334 0.011 0.016444444444444446
0 0.32375 0.4137777777777778 0.01075 0.012444444444444444
0 0.34975 0.41688888888888886 0.0125 0.013333333333333334
0 0.33275 0.38755555555555554 0.011 0.012444444444444444
0 0.40475 0.4093333333333333 0.01175 0.009777777777777778
0 0.39675 0.42088888888888887 0.00675 0.020444444444444446
0 0.43 0.3973333333333333 0.006 0.03244444444444444
0 0.433 0.37422222222222223 0.0135 0.015555555555555555
0 0.4385 0.42177777777777775 0.0105 0.014666666666666666
0 0.43825 0.4471111111111111 0.01 0.012444444444444444
0 0.436 0.44133333333333336 0.01025 0.013777777777777778
0 0.44675 0.45155555555555554 0.012 0.013777777777777778
0 0.4495 0.4702222222222222 0.00975 0.019555555555555555
0 0.4555 0.4706666666666667 0.0075 0.022222222222222223
0 0.45525 0.4875555555555556 0.01075 0.016444444444444446
0 0.45225 0.536 0.00475 0.018666666666666668
0 0.4565 0.5386666666666666 0.00825 0.008888888888888889
0 0.47625 0.47155555555555556 0.00875 0.013777777777777778
0 0.44875 0.3675555555555556 0.007 0.027555555555555555
0 0.4545 0.3635555555555556 0.00775 0.021777777777777778
0 0.456 0.7004444444444444 0.00875 0.02266666666666667
0 0.4625 0.7022222222222222 0.01125 0.012
0 0.456 0.7297777777777777 0.00875 0.021777777777777778
0 0.462 0.7395555555555555 0.00975 0.012444444444444444
0 0.43525 0.7306666666666667 0.0145 0.010666666666666666
0 0.4265 0.7453333333333333 0.00625 0.024444444444444446
0 0.43625 0.7524444444444445 0.00825 0.020444444444444446
0 0.451 0.7791111111111111 0.01375 0.017333333333333333
0 0.457 0.8071111111111111 0.0115 0.019555555555555555
0 0.456 0.8302222222222222 0.01125 0.018666666666666668
0 0.44475 0.832 0.01125 0.012
0 0.437 0.8346666666666667 0.0125 0.012444444444444444
0 0.47425 0.868 0.01375 0.009777777777777778
0 0.4755 0.8555555555555555 0.00825 0.019555555555555555
0 0.48225 0.852 0.01 0.009333333333333334
0 0.48725 0.8422222222222222 0.012 0.013333333333333334
0 0.48425 0.8253333333333334 0.00825 0.021777777777777778
0 0.4765 0.8835555555555555 0.0075 0.01911111111111111
0 0.48175 0.8942222222222223 0.0105 0.013777777777777778
0 0.4925 0.9084444444444445 0.01425 0.012
0 0.49225 0.896 0.012 0.013777777777777778
0 0.496 0.936 0.0095 0.009777777777777778
0 0.5225 0.916 0.01525 0.012444444444444444
0 0.53425 0.8902222222222222 0.016 0.016444444444444446
0 0.50475 0.9684444444444444 0.01325 0.016444444444444446
0 0.516 0.9631111111111111 0.0105 0.018666666666666668
0 0.52625 0.9551111111111111 0.009 0.021333333333333333
0 0.53075 0.9448888888888889 0.01125 0.013777777777777778
0 0.54125 0.9862222222222222 0.007 0.021333333333333333
0 0.5445 0.9724444444444444 0.007 0.018666666666666668
0 0.5485 0.9888888888888889 0.0135 0.012888888888888889
0 0.48125 0.7946666666666666 0.01075 0.012888888888888889
0 0.4865 0.7608888888888888 0.011 0.018222222222222223
0 0.47975 0.7586666666666667 0.006 0.018222222222222223
0 0.4735 0.7351111111111112 0.01 0.017777777777777778
0 0.48225 0.7026666666666667 0.01275 0.010666666666666666
0 0.49375 0.7253333333333334 0.013 0.017777777777777778
0 0.4925 0.7124444444444444 0.006 0.020444444444444446
0 0.50775 0.7128888888888889 0.0065 0.020444444444444446
0 0.511 0.7257777777777777 0.00925 0.020444444444444446
0 0.50725 0.7408888888888889 0.00875 0.019555555555555555
0 0.47975 0.6866666666666666 0.011 0.013333333333333334
0 0.50175 0.6804444444444444 0.0125 0.013777777777777778
0 0.492 0.6195555555555555 0.01375 0.011555555555555555
0 0.47975 0.6097777777777778 0.012 0.013777777777777778
0 0.4895 0.5862222222222222 0.01475 0.010666666666666666
0 0.4875 0.5546666666666666 0.01425 0.018666666666666668
0 0.48825 0.5311111111111111 0.01225 0.014222222222222223
0 0.53175 0.5591111111111111 0.009 0.024444444444444446
0 0.50175 0.5942222222222222 0.0075 0.02
0 0.518 0.6137777777777778 0.014 0.018666666666666668
0 0.545 0.6177777777777778 0.0065 0.013777777777777778
0 0.54875 0.6315555555555555 0.00925 0.017777777777777778
0 0.53625 0.6991111111111111 0.00775 0.01911111111111111
0 0.5445 0.7088888888888889 0.01075 0.014222222222222223
0 0.5425 0.7004444444444444 0.00875 0.014666666666666666
0 0.53375 0.7764444444444445 0.0125 0.02266666666666667
0 0.54375 0.7991111111111111 0.01625 0.012444444444444444
0 0.53775 0.8217777777777778 0.01225 0.014222222222222223
0 0.58125 0.8088888888888889 0.01175 0.013777777777777778
0 0.59525 0.8182222222222222 0.0145 0.015555555555555555
0 0.56625 0.8328888888888889 0.01425 0.013333333333333334
0 0.5715 0.84 0.01175 0.015555555555555555
0 0.59175 0.8568888888888889 0.0065 0.024444444444444446
0 0.56325 0.8742222222222222 0.014 0.020888888888888887
0 0.55925 0.8608888888888889 0.0115 0.014666666666666666
0 0.55075 0.8537777777777777 0.014 0.011111111111111112
0 0.602 0.8742222222222222 0.01075 0.017777777777777778
0 0.61175 0.8706666666666667 0.0105 0.011555555555555555
0 0.61975 0.8746666666666667 0.015 0.010666666666666666
0 0.57275 0.916 0.01325 0.013333333333333334
0 0.59525 0.92 0.01275 0.016444444444444446
0 0.625 0.9333333333333333 0.0115 0.013333333333333334
0 0.616 0.944 0.01175 0.016888888888888887
0 0.612 0.9697777777777777 0.012 0.021333333333333333
0 0.58025 0.9764444444444444 0.0085 0.018666666666666668
0 0.58225 0.9608888888888889 0.014 0.011555555555555555
0 0.569 0.9835555555555555 0.0135 0.012444444444444444
0 0.59075 0.9906666666666667 0.00975 0.018222222222222223
0 0.64225 0.9373333333333334 0.0145 0.013333333333333334
0 0.638 0.9497777777777778 0.01375 0.018222222222222223
0 0.648 0.9546666666666667 0.00725 0.028444444444444446
0 0.65925 0.9737777777777777 0.0065 0.024888888888888887
0 0.66475 0.9911111111111112 0.006 0.017777777777777778
0 0.66975 0.9804444444444445 0.0045 0.016444444444444446
0 0.677 0.9537777777777777 0.00725 0.021333333333333333
0 0.64075 0.9008888888888889 0.0105 0.021777777777777778
0 0.634 0.8524444444444444 0.0065 0.021333333333333333
0 0.64275 0.8706666666666667 0.00525 0.021777777777777778
0 0.64725 0.8697777777777778 0.00525 0.020444444444444446
0 0.658 0.852 0.00925 0.020444444444444446
0 0.66175 0.8395555555555556 0.00675 0.01911111111111111
0 0.68025 0.8253333333333334 0.008 0.023555555555555555
0 0.65425 0.8102222222222222 0.009 0.017333333333333333
0 0.6355 0.8102222222222222 0.00925 0.021333333333333333
0 0.633 0.7955555555555556 0.01075 0.017333333333333333
0 0.647 0.7982222222222223 0.01475 0.014666666666666666
0 0.642 0.7813333333333333 0.00725 0.019555555555555555
0 0.66525 0.7888888888888889 0.0105 0.018666666666666668
0 0.65025 0.74 0.0145 0.015111111111111112
0 0.60875 0.7733333333333333 0.0105 0.021333333333333333
0 0.5685 0.7706666666666667 0.00975 0.017333333333333333
0 0.5485 0.7528888888888889 0.01175 0.015555555555555555
0 0.58275 0.7644444444444445 0.015 0.009777777777777778
0 0.5705 0.7288888888888889 0.011 0.016888888888888887
0 0.56625 0.7222222222222222 0.011 0.017777777777777778
0 0.5545 0.724 0.01 0.010666666666666666
0 0.554 0.7008888888888889 0.00675 0.019555555555555555
0 0.5865 0.6866666666666666 0.01025 0.021333333333333333
0 0.6025 0.6937777777777778 0.01425 0.015555555555555555
0 0.61275 0.6844444444444444 0.01 0.013777777777777778
0 0.62225 0.6831111111111111 0.00825 0.021333333333333333
0 0.628 0.6808888888888889 0.00975 0.011555555555555555
0 0.5615 0.6604444444444444 0.01075 0.021333333333333333
0 0.56825 0.6706666666666666 0.00875 0.01911111111111111
0 0.5905 0.656 0.00975 0.021777777777777778
0 0.605 0.6586666666666666 0.00975 0.024444444444444446
0 0.6075 0.6768888888888889 0.01325 0.010222222222222223
0 0.622 0.656 0.01425 0.012
0 0.594 0.6351111111111111 0.01375 0.015555555555555555
0 0.578 0.6124444444444445 0.0075 0.015555555555555555
0 0.6155 0.604 0.012 0.013777777777777778
0 0.5645 0.5822222222222222 0.0095 0.018222222222222223
0 0.57075 0.5848888888888889 0.0065 0.024444444444444446
0 0.58 0.5715555555555556 0.01425 0.012888888888888889
0 0.60075 0.5684444444444444 0.01275 0.015111111111111112
0 0.62575 0.5755555555555556 0.00875 0.023555555555555555
0 0.62525 0.6017777777777777 0.00725 0.021333333333333333
0 0.64775 0.5884444444444444 0.012 0.017777777777777778
0 0.64925 0.5746666666666667 0.01225 0.015111111111111112
0 0.64625 0.6595555555555556 0.00725 0.012444444444444444
0 0.639 0.6773333333333333 0.01375 0.014222222222222223
0 0.6515 0.6604444444444444 0.00975 0.023555555555555555
0 0.649 0.7017777777777777 0.0085 0.023555555555555555
0 0.66825 0.6751111111111111 0.01225 0.011555555555555555
0 0.6775 0.6977777777777778 0.013 0.013333333333333334
0 0.485 0.356 0.01125 0.015555555555555555
0 0.4945 0.3622222222222222 0.01325 0.014222222222222223
0 0.49625 0.35155555555555557 0.01475 0.011111111111111112
0 0.4915 0.3768888888888889 0.01525 0.017333333333333333
0 0.474 0.40844444444444444 0.01225 0.014666666666666666
0 0.4845 0.4071111111111111 0.006 0.013333333333333334
0 0.50225 0.3857777777777778 0.01175 0.014666666666666666
0 0.51775 0.37466666666666665 0.01375 0.009333333333333334
0 0.5025 0.424 0.00775 0.02266666666666667
0 0.52075 0.4106666666666667 0.01275 0.019555555555555555
0 0.5245 0.41155555555555556 0.01275 0.006666666666666667
0 0.544 0.41955555555555557 0.0085 0.02666666666666667
0 0.55375 0.4275555555555556 0.016 0.018666666666666668
0 0.5665 0.432 0.015 0.013333333333333334
0 0.56375 0.39511111111111114 0.0145 0.015111111111111112
0 0.5915 0.364 0.01625 0.011555555555555555
0 0.59025 0.3586666666666667 0.0115 0.011555555555555555
0 0.5985 0.37066666666666664 0.0145 0.015555555555555555
0 0.59675 0.3831111111111111 0.01375 0.009333333333333334
0 0.59975 0.39866666666666667 0.015 0.010666666666666666
0 0.60225 0.3893333333333333 0.0095 0.016444444444444446
0 0.59575 0.4128888888888889 0.01425 0.011555555555555555
0 0.59575 0.4275555555555556 0.01225 0.013333333333333334
0 0.589 0.4488888888888889 0.01025 0.021777777777777778
0 0.60375 0.45866666666666667 0.01 0.028
0 0.5135 0.45466666666666666 0.0105 0.018222222222222223
0 0.4965 0.48444444444444446 0.01425 0.011555555555555555
0 0.497 0.47555555555555556 0.01275 0.013333333333333334
0 0.4815 0.492 0.0155 0.010666666666666666
0 0.51725 0.4871111111111111 0.00925 0.019555555555555555
0 0.525 0.49955555555555553 0.0145 0.011555555555555555
0 0.53475 0.492 0.0115 0.008
0 0.532 0.45066666666666666 0.00775 0.02
0 0.525 0.45555555555555555 0.00775 0.027555555555555555
0 0.5495 0.4653333333333333 0.01 0.017333333333333333
0 0.562 0.47733333333333333 0.0085 0.017777777777777778
0 0.58625 0.508 0.00875 0.016
0 0.5945 0.516 0.0105 0.013777777777777778
0 0.6045 0.5142222222222222 0.00875 0.033777777777777775
0 0.61125 0.5391111111111111 0.01225 0.011555555555555555
0 0.54125 0.5364444444444444 0.01625 0.015555555555555555
0 0.621 0.4955555555555556 0.01475 0.016444444444444446
0 0.6355 0.5088888888888888 0.00875 0.024444444444444446
0 0.38625 0.06488888888888888 0.0125 0.030666666666666665
0 0.5955 0.008444444444444444 0.00725 0.016888888888888887
0 0.61775 0.008444444444444444 0.013 0.016888888888888887
0 0.644 0.011555555555555555 0.01 0.019555555555555555
0 0.61675 0.06355555555555556 0.0115 0.015555555555555555
0 0.6195 0.04711111111111111 0.01175 0.022222222222222223
0 0.6345 0.07022222222222223 0.012 0.023555555555555555
0 0.63325 0.09111111111111111 0.0135 0.012444444444444444
0 0.6195 0.09644444444444444 0.01325 0.018666666666666668
0 0.6215 0.13244444444444445 0.00875 0.022222222222222223
0 0.6425 0.108 0.00925 0.01911111111111111
0 0.67575 0.05377777777777778 0.015 0.014666666666666666
0 0.69 0.024888888888888887 0.01675 0.015555555555555555
0 0.70425 0.02266666666666667 0.01625 0.01911111111111111
0 0.68525 0.004888888888888889 0.01125 0.009333333333333334
0 0.66375 0.0071111111111111115 0.0095 0.014222222222222223
0 0.71975 0.008 0.00675 0.015555555555555555
0 0.72325 0.037333333333333336 0.00825 0.017333333333333333
0 0.737 0.04844444444444444 0.013 0.017333333333333333
0 0.6915 0.064 0.00525 0.024444444444444446
0 0.69325 0.057777777777777775 0.01225 0.01911111111111111
0 0.68675 0.12266666666666666 0.0135 0.014222222222222223
0 0.68625 0.11155555555555556 0.01325 0.010666666666666666
0 0.69 0.09955555555555555 0.00825 0.01911111111111111
0 0.69775 0.10222222222222223 0.0135 0.017777777777777778
0 0.664 0.13377777777777777 0.01175 0.012888888888888889
0 0.6605 0.11911111111111111 0.009 0.016888888888888887
0 0.7005 0.1497777777777778 0.014 0.015111111111111112
0 0.65975 0.17155555555555554 0.0185 0.012888888888888889
0 0.61825 0.23422222222222222 0.0075 0.02666666666666667
0 0.62675 0.212 0.013 0.020888888888888887
0 0.6515 0.19955555555555557 0.0125 0.017777777777777778
0 0.684 0.20177777777777778 0.01675 0.016
0 0.68025 0.18622222222222223 0.01125 0.016
0 0.6775 0.2288888888888889 0.01 0.02
0 0.656 0.23155555555555554 0.016 0.017333333333333333
0 0.6625 0.24488888888888888 0.01275 0.012444444444444444
0 0.626 0.28444444444444444 0.008 0.022222222222222223
0 0.649 0.2942222222222222 0.00975 0.028444444444444446
0 0.6515 0.2728888888888889 0.01225 0.015555555555555555
0 0.644 0.32 0.01125 0.016444444444444446
0 0.66025 0.2995555555555556 0.01375 0.024
0 0.68125 0.31777777777777777 0.00975 0.018666666666666668
0 0.6795 0.30044444444444446 0.01025 0.026222222222222223
0 0.7005 0.24844444444444444 0.00875 0.014666666666666666
0 0.7095 0.2457777777777778 0.013 0.011555555555555555
0 0.69375 0.2942222222222222 0.013 0.014222222222222223
0 0.692 0.2871111111111111 0.01375 0.0071111111111111115
0 0.69275 0.2786666666666667 0.01225 0.009777777777777778
0 0.703 0.2786666666666667 0.01025 0.012888888888888889
0 0.72025 0.2942222222222222 0.008 0.024
0 0.73825 0.2604444444444444 0.01175 0.01911111111111111
0 0.74525 0.2817777777777778 0.01225 0.016888888888888887
0 0.718 0.31377777777777777 0.01475 0.012
0 0.729 0.3662222222222222 0.01175 0.020888888888888887
0 0.733 0.3426666666666667 0.0095 0.016444444444444446
0 0.7405 0.3231111111111111 0.01 0.015111111111111112
0 0.6665 0.32755555555555554 0.00975 0.019555555555555555
0 0.692 0.3288888888888889 0.01425 0.014666666666666666
0 0.708 0.21644444444444444 0.014 0.013333333333333334
0 0.707 0.20577777777777778 0.013 0.013333333333333334
0 0.722 0.21155555555555555 0.01525 0.015555555555555555
0 0.71175 0.184 0.014 0.017333333333333333
0 0.70975 0.16 0.0085 0.024888888888888887
0 0.7245 0.16266666666666665 0.01425 0.015555555555555555
0 0.72425 0.09733333333333333 0.00875 0.028444444444444446
0 0.724 0.06577777777777778 0.01025 0.010666666666666666
0 0.75525 0.03422222222222222 0.01525 0.013333333333333334
0 0.7685 0.015555555555555555 0.01375 0.018666666666666668
0 0.76925 0.043555555555555556 0.0075 0.022222222222222223
0 0.77425 0.024444444444444446 0.01175 0.015111111111111112
0 0.7975 0.04088888888888889 0.01375 0.022222222222222223
0 0.8185 0.02666666666666667 0.01075 0.015111111111111112
0 0.8275 0.020888888888888887 0.0095 0.03155555555555556
0 0.83875 0.034666666666666665 0.011 0.022222222222222223
0 0.7365 0.212 0.01225 0.028444444444444446
0 0.73375 0.19333333333333333 0.01175 0.016
0 0.7405 0.1831111111111111 0.0085 0.026222222222222223
0 0.74875 0.17333333333333334 0.015 0.012888888888888889
0 0.752 0.18888888888888888 0.01 0.025333333333333333
0 0.76125 0.20444444444444446 0.01425 0.010666666666666666
0 0.76025 0.19333333333333333 0.009 0.015111111111111112
0 0.76825 0.19377777777777777 0.00875 0.010222222222222223
0 0.7665 0.22533333333333333 0.012 0.013777777777777778
0 0.7455 0.21955555555555556 0.01625 0.014222222222222223
0 0.7825 0.24 0.01 0.013333333333333334
0 0.78675 0.23733333333333334 0.00375 0.021777777777777778
0 0.791 0.22355555555555556 0.017 0.010666666666666666
0 0.79175 0.2048888888888889 0.01475 0.012
0 0.8015 0.2408888888888889 0.01425 0.014222222222222223
0 0.76625 0.28444444444444444 0.014 0.013333333333333334
0 0.7625 0.27244444444444443 0.013 0.012888888888888889
0 0.7815 0.2862222222222222 0.01475 0.019555555555555555
0 0.795 0.28933333333333333 0.011 0.010666666666666666
0 0.791 0.28 0.00725 0.024
0 0.80725 0.2951111111111111 0.01 0.021333333333333333
0 0.81675 0.2906666666666667 0.015 0.016
0 0.81725 0.2644444444444444 0.00975 0.021777777777777778
0 0.771 0.32622222222222225 0.007 0.028888888888888888
0 0.77475 0.3128888888888889 0.005 0.026222222222222223
0 0.756 0.29688888888888887 0.011 0.019555555555555555
0 0.74175 0.3471111111111111 0.006 0.022222222222222223
0 0.74875 0.35333333333333333 0.00925 0.013777777777777778
0 0.75975 0.3537777777777778 0.01275 0.009777777777777778
0 0.76325 0.3626666666666667 0.01175 0.012888888888888889
0 0.70525 0.35688888888888887 0.01425 0.017777777777777778
0 0.687 0.3582222222222222 0.01225 0.020444444444444446
0 0.67175 0.3586666666666667 0.01025 0.020888888888888887
0 0.65025 0.36977777777777776 0.00975 0.016
0 0.63025 0.3942222222222222 0.01225 0.026222222222222223
0 0.6375 0.3933333333333333 0.01 0.015111111111111112
0 0.64975 0.39911111111111114 0.01025 0.010222222222222223
0 0.651 0.39155555555555555 0.00925 0.013777777777777778
0 0.658 0.3888888888888889 0.006 0.02266666666666667
0 0.6595 0.40755555555555556 0.01175 0.009333333333333334
0 0.6495 0.44133333333333336 0.013 0.009777777777777778
0 0.64725 0.42577777777777776 0.01525 0.016
0 0.62375 0.4368888888888889 0.008 0.023555555555555555
0 0.63025 0.4275555555555556 0.00925 0.02
0 0.63675 0.47733333333333333 0.0125 0.009777777777777778
0 0.63175 0.468 0.00725 0.009333333333333334
0 0.6305 0.45466666666666666 0.012 0.009777777777777778
0 0.6615 0.4408888888888889 0.012 0.012444444444444444
0 0.679 0.45022222222222225 0.013 0.013777777777777778
0 0.6765 0.39911111111111114 0.006 0.021333333333333333
0 0.68175 0.39955555555555555 0.007 0.021333333333333333
0 0.68825 0.396 0.00825 0.012444444444444444
0 0.7015 0.3857777777777778 0.00875 0.016444444444444446
0 0.693 0.4088888888888889 0.011 0.016888888888888887
0 0.7055 0.4057777777777778 0.01275 0.012888888888888889
0 0.70825 0.39466666666666667 0.012 0.010222222222222223
0 0.71775 0.392 0.01375 0.011555555555555555
0 0.73975 0.39466666666666667 0.0085 0.024888888888888887
0 0.73525 0.43555555555555553 0.01325 0.017777777777777778
0 0.7295 0.45911111111111114 0.01075 0.018666666666666668
0 0.6915 0.4862222222222222 0.007 0.018666666666666668
0 0.6895 0.4671111111111111 0.00675 0.017777777777777778
0 0.6485 0.48444444444444446 0.01 0.016
0 0.65625 0.48933333333333334 0.01075 0.016888888888888887
0 0.65975 0.4831111111111111 0.01075 0.012444444444444444
0 0.66575 0.48088888888888887 0.0095 0.014222222222222223
0 0.67525 0.484 0.01025 0.014666666666666666
0 0.6585 0.5093333333333333 0.01475 0.013333333333333334
0 0.6605 0.5333333333333333 0.01475 0.017333333333333333
0 0.6835 0.5062222222222222 0.0135 0.019555555555555555
0 0.7135 0.49822222222222223 0.01625 0.010666666666666666
0 0.738 0.4902222222222222 0.0185 0.011555555555555555
0 0.738 0.48088888888888887 0.01175 0.014666666666666666
0 0.7585 0.4533333333333333 0.01 0.02311111111111111
0 0.76325 0.5026666666666667 0.01 0.020888888888888887
0 0.73 0.512 0.009 0.015555555555555555
0 0.7045 0.5328888888888889 0.00675 0.027555555555555555
0 0.71275 0.532 0.00775 0.02
0 0.69025 0.5497777777777778 0.01025 0.022222222222222223
0 0.67275 0.5871111111111111 0.00825 0.025333333333333333
0 0.67575 0.5737777777777778 0.01175 0.012444444444444444
0 0.6775 0.5595555555555556 0.01425 0.017333333333333333
0 0.68225 0.5826666666666667 0.0135 0.012444444444444444
0 0.69875 0.6035555555555555 0.013 0.026222222222222223
0 0.7015 0.58 0.00675 0.024
0 0.708 0.5671111111111111 0.01 0.014222222222222223
0 0.72075 0.5902222222222222 0.01625 0.022222222222222223
0 0.7255 0.5764444444444444 0.014 0.015111111111111112
0 0.733 0.5626666666666666 0.00975 0.016444444444444446
0 0.7345 0.5911111111111111 0.00925 0.027555555555555555
0 0.744 0.584 0.01075 0.020444444444444446
0 0.75275 0.5404444444444444 0.00825 0.028444444444444446
0 0.74125 0.5284444444444445 0.012 0.016
0 0.76 0.5604444444444444 0.01325 0.012888888888888889
0 0.7705 0.5528888888888889 0.009 0.019555555555555555
0 0.7785 0.5235555555555556 0.01475 0.016
0 0.7885 0.556 0.01025 0.01911111111111111
0 0.71125 0.636 0.0135 0.016
0 0.70425 0.6604444444444444 0.01575 0.017777777777777778
0 0.71175 0.6942222222222222 0.012 0.021333333333333333
0 0.7495 0.7097777777777777 0.01375 0.017777777777777778
0 0.7465 0.7466666666666667 0.01075 0.016888888888888887
0 0.699 0.7671111111111111 0.013 0.015111111111111112
0 0.7045 0.7577777777777778 0.0095 0.020444444444444446
0 0.70975 0.7373333333333333 0.00925 0.013777777777777778
0 0.6885 0.7813333333333333 0.01275 0.019555555555555555
0 0.71575 0.78 0.0135 0.019555555555555555
0 0.707 0.8457777777777777 0.01025 0.020444444444444446
0 0.71725 0.8248888888888889 0.007 0.025333333333333333
0 0.721 0.8137777777777778 0.012 0.012444444444444444
0 0.71975 0.8048888888888889 0.01975 0.009333333333333334
0 0.72375 0.8395555555555556 0.0075 0.02
0 0.7325 0.8444444444444444 0.01 0.026222222222222223
0 0.7305 0.8262222222222222 0.01325 0.014666666666666666
0 0.757 0.7835555555555556 0.00725 0.024
0 0.74925 0.8462222222222222 0.00775 0.02666666666666667
0 0.689 0.8773333333333333 0.01225 0.013333333333333334
0 0.70725 0.8688888888888889 0.00775 0.020888888888888887
0 0.70825 0.8933333333333333 0.0155 0.013333333333333334
0 0.7155 0.8808888888888889 0.015 0.012444444444444444
0 0.712 0.9644444444444444 0.012 0.016444444444444446
0 0.71125 0.9342222222222222 0.01625 0.022222222222222223
0 0.69375 0.9457777777777778 0.0125 0.013333333333333334
0 0.7385 0.9293333333333333 0.0175 0.015555555555555555
0 0.73975 0.9124444444444444 0.01 0.02266666666666667
0 0.74425 0.8906666666666667 0.015 0.012
0 0.734 0.9004444444444445 0.01175 0.011555555555555555
0 0.74425 0.9728888888888889 0.00725 0.030666666666666665
0 0.74325 0.96 0.0115 0.020444444444444446
0 0.76375 0.9226666666666666 0.0095 0.029777777777777778
0 0.74875 0.8728888888888889 0.00825 0.025333333333333333
0 0.7555 0.872 0.00775 0.024
0 0.76325 0.8777777777777778 0.01025 0.014666666666666666
0 0.764 0.8591111111111112 0.0085 0.020444444444444446
0 0.7835 0.9008888888888889 0.0135 0.02266666666666667
0 0.75775 0.9928888888888889 0.01225 0.014222222222222223
0 0.79325 0.9866666666666667 0.011 0.022222222222222223
0 0.794 0.9715555555555555 0.011 0.022222222222222223
0 0.825 0.9315555555555556 0.013 0.014666666666666666
0 0.83 0.9426666666666667 0.01175 0.016
0 0.8265 0.9853333333333333 0.01375 0.016444444444444446
0 0.8 0.896 0.00725 0.023555555555555555
0 0.80725 0.8586666666666667 0.009 0.024
0 0.769 0.8502222222222222 0.0115 0.010222222222222223
0 0.771 0.8235555555555556 0.0185 0.013777777777777778
0 0.7685 0.8106666666666666 0.0065 0.024
0 0.7735 0.8102222222222222 0.0045 0.02
0 0.77775 0.8102222222222222 0.00525 0.022222222222222223
0 0.7875 0.784 0.013 0.017777777777777778
0 0.773 0.7613333333333333 0.01325 0.016
0 0.7975 0.8244444444444444 0.01475 0.015555555555555555
0 0.8325 0.8235555555555556 0.01525 0.017333333333333333
0 0.8415 0.8426666666666667 0.0055 0.019555555555555555
0 0.815 0.8737777777777778 0.006 0.014666666666666666
0 0.824 0.8711111111111111 0.01225 0.017333333333333333
0 0.854 0.9524444444444444 0.01125 0.024888888888888887
0 0.8485 0.9946666666666667 0.00775 0.010222222222222223
0 0.86225 0.9893333333333333 0.00925 0.021333333333333333
0 0.867 0.9711111111111111 0.009 0.014222222222222223
0 0.8745 0.9671111111111111 0.01125 0.030666666666666665
0 0.9055 0.9568888888888889 0.016 0.021777777777777778
0 0.8525 0.8764444444444445 0.012 0.020888888888888887
0 0.91075 0.8893333333333333 0.00875 0.024444444444444446
0 0.9235 0.8773333333333333 0.01075 0.017333333333333333
0 0.933 0.8773333333333333 0.01025 0.016444444444444446
0 0.94325 0.8568888888888889 0.0155 0.012888888888888889
0 0.93125 0.9124444444444444 0.01225 0.021333333333333333
0 0.9585 0.9115555555555556 0.01425 0.014222222222222223
0 0.96275 0.9306666666666666 0.0075 0.025333333333333333
0 0.97825 0.8946666666666667 0.008 0.028444444444444446
0 0.9965 0.876 0.007 0.024
0 0.99175 0.9364444444444444 0.00875 0.015111111111111112
0 0.93725 0.9951111111111111 0.0115 0.009333333333333334
0 0.9765 0.8217777777777778 0.01325 0.012444444444444444
0 0.9695 0.8035555555555556 0.00975 0.01911111111111111
0 0.977 0.8062222222222222 0.0065 0.014666666666666666
0 0.97475 0.7844444444444445 0.01125 0.021777777777777778
0 0.996 0.828 0.008 0.013333333333333334
0 0.89675 0.8324444444444444 0.00875 0.022222222222222223
0 0.904 0.8324444444444444 0.0085 0.022222222222222223
0 0.91425 0.8177777777777778 0.012 0.02711111111111111
0 0.915 0.7853333333333333 0.01125 0.029777777777777778
0 0.93225 0.7471111111111111 0.01175 0.015111111111111112
0 0.942 0.7564444444444445 0.00925 0.012888888888888889
0 0.94925 0.7466666666666667 0.012 0.014222222222222223
0 0.95925 0.7471111111111111 0.015 0.018666666666666668
0 0.89775 0.82 0.008 0.021333333333333333
0 0.89775 0.7951111111111111 0.00875 0.026222222222222223
0 0.885 0.8186666666666667 0.0095 0.028
0 0.86375 0.8013333333333333 0.00575 0.010666666666666666
0 0.8755 0.8013333333333333 0.00725 0.010222222222222223
0 0.87 0.7906666666666666 0.01175 0.014666666666666666
0 0.859 0.7888888888888889 0.01125 0.017333333333333333
0 0.78475 0.076 0.01 0.016444444444444446
0 0.78975 0.09555555555555556 0.0115 0.02
0 0.781 0.09066666666666667 0.0135 0.008444444444444444
0 0.744 0.07866666666666666 0.0115 0.016444444444444446
0 0.74025 0.09288888888888888 0.0115 0.016444444444444446
0 0.7515 0.07022222222222223 0.0105 0.013333333333333334
0 0.7565 0.10977777777777778 0.0055 0.025777777777777778
0 0.76 0.09066666666666667 0.01475 0.0071111111111111115
0 0.76075 0.08 0.0165 0.008888888888888889
0 0.7605 0.1111111111111111 0.007 0.028
0 0.7505 0.12266666666666666 0.01075 0.008888888888888889
0 0.76575 0.11155555555555556 0.00725 0.024444444444444446
0 0.77075 0.11377777777777778 0.006 0.018222222222222223
0 0.781 0.11866666666666667 0.0135 0.012888888888888889
0 0.7715 0.14355555555555555 0.00825 0.012888888888888889
0 0.78625 0.13822222222222222 0.0085 0.008444444444444444
0 0.79875 0.13333333333333333 0.0115 0.009333333333333334
0 0.789 0.14666666666666667 0.00625 0.013777777777777778
0 0.794 0.168 0.01025 0.01911111111111111
0 0.8355 0.15955555555555556 0.00775 0.022222222222222223
0 0.83175 0.12266666666666666 0.0175 0.014666666666666666
0 0.8135 0.09022222222222222 0.013 0.015555555555555555
0 0.8305 0.06133333333333333 0.00875 0.020444444444444446
0 0.8555 0.014666666666666666 0.01225 0.008888888888888889
0 0.864 0.012888888888888889 0.00775 0.016444444444444446
0 0.868 0.043111111111111114 0.0085 0.021777777777777778
0 0.8545 0.04533333333333334 0.006 0.017777777777777778
0 0.85925 0.043555555555555556 0.00975 0.013333333333333334
0 0.8875 0.05466666666666667 0.00925 0.024
0 0.89725 0.04622222222222222 0.01225 0.012
0 0.9125 0.08133333333333333 0.0095 0.018666666666666668
0 0.9205 0.07777777777777778 0.007 0.022222222222222223
0 0.90925 0.10133333333333333 0.0095 0.019555555555555555
0 0.91125 0.13422222222222221 0.0105 0.023555555555555555
0 0.8715 0.0057777777777777775 0.00875 0.011555555555555555
0 0.91375 0.06177777777777778 0.00875 0.016
0 0.92575 0.05422222222222222 0.00675 0.010666666666666666
0 0.93475 0.08044444444444444 0.0055 0.022222222222222223
0 0.93875 0.092 0.01025 0.013777777777777778
0 0.95175 0.10622222222222222 0.0135 0.015111111111111112
0 0.92575 0.13111111111111112 0.013 0.012444444444444444
0 0.9175 0.16755555555555557 0.01075 0.02711111111111111
0 0.86925 0.14666666666666667 0.00825 0.020888888888888887
0 0.86225 0.13777777777777778 0.01275 0.008888888888888889
0 0.84975 0.12933333333333333 0.00775 0.024444444444444446
0 0.85675 0.11288888888888889 0.013 0.014222222222222223
0 0.858 0.12177777777777778 0.00525 0.016444444444444446
0 0.85825 0.08933333333333333 0.01475 0.016888888888888887
0 0.8815 0.18666666666666668 0.01225 0.016
0 0.8685 0.20533333333333334 0.0105 0.02266666666666667
0 0.8635 0.22177777777777777 0.01525 0.012
0 0.85525 0.20266666666666666 0.00925 0.012444444444444444
0 0.83375 0.21422222222222223 0.01475 0.01911111111111111
0 0.85475 0.25422222222222224 0.00725 0.029777777777777778
0 0.847 0.26622222222222225 0.00725 0.025333333333333333
0 0.8655 0.268 0.01275 0.014666666666666666
0 0.889 0.25555555555555554 0.0125 0.014666666666666666
0 0.898 0.2564444444444444 0.00625 0.020444444444444446
0 0.8865 0.27066666666666667 0.0145 0.008444444444444444
0 0.88075 0.30266666666666664 0.01225 0.023555555555555555
0 0.885 0.3035555555555556 0.01 0.014222222222222223
0 0.8775 0.32355555555555554 0.01475 0.015555555555555555
0 0.8695 0.3164444444444444 0.01525 0.013777777777777778
0 0.85925 0.3164444444444444 0.00875 0.02266666666666667
0 0.853 0.30577777777777776 0.01175 0.013333333333333334
0 0.812 0.33066666666666666 0.00825 0.017333333333333333
0 0.80125 0.3048888888888889 0.006 0.024888888888888887
0 0.9325 0.19155555555555556 0.0125 0.012888888888888889
0 0.94125 0.192 0.01025 0.015555555555555555
0 0.95375 0.1791111111111111 0.00925 0.025333333333333333
0 0.98075 0.1942222222222222 0.0165 0.012888888888888889
0 0.97025 0.13244444444444445 0.0085 0.028444444444444446
0 0.98775 0.14355555555555555 0.0125 0.018666666666666668
0 0.98725 0.12044444444444445 0.0075 0.023555555555555555
0 0.9945 0.12266666666666666 0.011 0.016
0 0.991 0.108 0.013 0.010666666666666666
0 0.9775 0.10044444444444445 0.01325 0.012
0 0.96325 0.059555555555555556 0.01 0.010222222222222223
0 0.97775 0.041777777777777775 0.0075 0.02311111111111111
0 0.9885 0.043555555555555556 0.008 0.024444444444444446
0 0.98725 0.06977777777777777 0.0065 0.01911111111111111
0 0.9865 0.08533333333333333 0.014 0.014666666666666666
0 0.95025 0.020888888888888887 0.005 0.020444444444444446
0 0.943 0.017777777777777778 0.00925 0.016
0 0.95425 0.008 0.0055 0.016
0 0.97175 0.028888888888888888 0.00875 0.021333333333333333
0 0.972 0.009333333333333334 0.011 0.018666666666666668
0 0.968 0.0057777777777777775 0.00925 0.011555555555555555
0 0.92325 0.22755555555555557 0.01325 0.020444444444444446
0 0.92025 0.25866666666666666 0.01175 0.01911111111111111
0 0.9375 0.25955555555555554 0.01 0.011111111111111112
0 0.93 0.26844444444444443 0.00625 0.02666666666666667
0 0.95425 0.2906666666666667 0.00875 0.022222222222222223
0 0.95525 0.27466666666666667 0.015 0.015111111111111112
0 0.977 0.2768888888888889 0.009 0.02711111111111111
0 0.97275 0.3 0.01075 0.017777777777777778
0 0.9945 0.2942222222222222 0.011 0.014222222222222223
0 0.9515 0.3413333333333333 0.01 0.024444444444444446
0 0.975 0.3622222222222222 0.00575 0.021333333333333333
0 0.95775 0.36844444444444446 0.01575 0.012888888888888889
0 0.9435 0.38711111111111113 0.01275 0.016
0 0.94125 0.372 0.00575 0.018222222222222223
0 0.9315 0.3662222222222222 0.01425 0.017333333333333333
0 0.9055 0.3728888888888889 0.01 0.021333333333333333
0 0.91025 0.3648888888888889 0.005 0.019555555555555555
0 0.91625 0.3 0.01075 0.013777777777777778
0 0.92625 0.3022222222222222 0.01175 0.016444444444444446
0 0.938 0.3008888888888889 0.01275 0.02266666666666667
0 0.96 0.4053333333333333 0.00675 0.021777777777777778
0 0.95175 0.4137777777777778 0.00575 0.022222222222222223
0 0.9565 0.42977777777777776 0.01025 0.01911111111111111
0 0.9435 0.42 0.0085 0.014222222222222223
0 0.91575 0.4631111111111111 0.0165 0.015111111111111112
0 0.96925 0.4577777777777778 0.01025 0.016888888888888887
0 0.97725 0.4671111111111111 0.0085 0.017777777777777778
0 0.98325 0.45955555555555555 0.0055 0.01911111111111111
0 0.996 0.4688888888888889 0.008 0.018666666666666668
0 0.97475 0.48977777777777776 0.0125 0.012
0 0.982 0.492 0.01175 0.011111111111111112
0 0.98175 0.5097777777777778 0.01175 0.012
0 0.98525 0.5253333333333333 0.0075 0.021777777777777778
0 0.97075 0.5293333333333333 0.0135 0.014222222222222223
0 0.967 0.5226666666666666 0.009 0.013333333333333334
0 0.9655 0.5413333333333333 0.00975 0.016444444444444446
0 0.99 0.5422222222222223 0.007 0.024
0 0.98875 0.5613333333333334 0.0105 0.02
0 0.99025 0.5804444444444444 0.01275 0.011111111111111112
0 0.98125 0.5746666666666667 0.00925 0.016
0 0.97575 0.5875555555555556 0.0125 0.012888888888888889
0 0.96675 0.564 0.00525 0.021333333333333333
0 0.9555 0.5862222222222222 0.01525 0.015555555555555555
0 0.95825 0.5724444444444444 0.01475 0.013777777777777778
0 0.94275 0.5808888888888889 0.00675 0.016444444444444446
0 0.93475 0.5702222222222222 0.0065 0.021333333333333333
0 0.949 0.5515555555555556 0.01125 0.014222222222222223
0 0.9475 0.5413333333333333 0.008 0.018666666666666668
0 0.89925 0.41733333333333333 0.0065 0.020444444444444446
0 0.8885 0.4266666666666667 0.01225 0.013777777777777778
0 0.8815 0.4093333333333333 0.0065 0.024888888888888887
0 0.877 0.37333333333333335 0.011 0.017777777777777778
0 0.86875 0.4057777777777778 0.01425 0.015111111111111112
0 0.85825 0.4226666666666667 0.01125 0.012444444444444444
0 0.8515 0.428 0.01025 0.019555555555555555
0 0.8365 0.44666666666666666 0.01525 0.014222222222222223
0 0.84025 0.4368888888888889 0.011 0.011111111111111112
0 0.8255 0.4088888888888889 0.00875 0.02666666666666667
0 0.84225 0.3728888888888889 0.0125 0.016444444444444446
0 0.826 0.38133333333333336 0.01 0.018222222222222223
0 0.816 0.392 0.0065 0.024
0 0.768 0.3928888888888889 0.00625 0.025777777777777778
0 0.78575 0.3648888888888889 0.011 0.018222222222222223
0 0.79275 0.35555555555555557 0.014 0.014666666666666666
0 0.809 0.3595555555555556 0.017 0.011555555555555555
0 0.80475 0.39244444444444443 0.00975 0.025333333333333333
0 0.81175 0.43244444444444446 0.0135 0.016444444444444446
0 0.791 0.4186666666666667 0.00975 0.02311111111111111
0 0.777 0.44533333333333336 0.007 0.024444444444444446
0 0.78875 0.45511111111111113 0.016 0.011555555555555555
0 0.79075 0.4817777777777778 0.01225 0.018666666666666668
0 0.78775 0.4746666666666667 0.01275 0.017333333333333333
0 0.86325 0.4666666666666667 0.01225 0.016888888888888887
0 0.86 0.45866666666666667 0.00675 0.018666666666666668
0 0.877 0.44355555555555554 0.00775 0.016888888888888887
0 0.89025 0.4671111111111111 0.0115 0.017777777777777778
0 0.8895 0.45466666666666666 0.01475 0.010666666666666666
0 0.8955 0.45911111111111114 0.0065 0.016444444444444446
0 0.87475 0.48488888888888887 0.01425 0.016
0 0.87275 0.4737777777777778 0.01025 0.02266666666666667
0 0.86175 0.4817777777777778 0.0065 0.01911111111111111
0 0.845 0.496 0.00875 0.01911111111111111
0 0.801 0.5342222222222223 0.01025 0.016444444444444446
0 0.80575 0.5573333333333333 0.00575 0.02266666666666667
0 0.83475 0.5324444444444445 0.01375 0.012888888888888889
0 0.843 0.544 0.014 0.018222222222222223
0 0.82425 0.5711111111111111 0.008 0.024888888888888887
0 0.867 0.524 0.006 0.02311111111111111
0 0.8715 0.5124444444444445 0.01025 0.018666666666666668
0 0.85975 0.512 0.00975 0.018222222222222223
0 0.8665 0.548 0.00725 0.02666666666666667
0 0.852 0.5448888888888889 0.00725 0.017333333333333333
0 0.86 0.5635555555555556 0.01725 0.013333333333333334
0 0.85925 0.5555555555555556 0.011 0.009333333333333334
0 0.85175 0.588 0.01175 0.017777777777777778
0 0.84875 0.5768888888888889 0.0125 0.013333333333333334
0 0.90475 0.5728888888888889 0.0165 0.013777777777777778
0 0.775 0.6391111111111111 0.00775 0.021777777777777778
0 0.79125 0.6173333333333333 0.01425 0.017333333333333333
0 0.80225 0.6137777777777778 0.01025 0.019555555555555555
0 0.868 0.6182222222222222 0.01175 0.012444444444444444
0 0.889 0.6057777777777777 0.01325 0.014666666666666666
0 0.89925 0.6133333333333333 0.01175 0.016888888888888887
0 0.91025 0.6351111111111111 0.0125 0.018222222222222223
0 0.89225 0.644 0.009 0.02
0 0.8725 0.632 0.00975 0.017333333333333333
0 0.816 0.6502222222222223 0.00725 0.021333333333333333
0 0.82275 0.6582222222222223 0.011 0.019555555555555555
0 0.845 0.6724444444444444 0.0165 0.016444444444444446
0 0.8025 0.6786666666666666 0.0095 0.019555555555555555
0 0.79175 0.6822222222222222 0.014 0.019555555555555555
0 0.8875 0.6946666666666667 0.013 0.017333333333333333
0 0.86675 0.7297777777777777 0.01375 0.024
0 0.8445 0.7226666666666667 0.014 0.023555555555555555
0 0.83475 0.7395555555555555 0.01 0.014666666666666666
0 0.83 0.7382222222222222 0.01125 0.014222222222222223
0 0.7905 0.7306666666666667 0.0135 0.014666666666666666
0 0.8825 0.7333333333333333 0.008 0.025333333333333333
0 0.8485 0.7506666666666667 0.0095 0.019555555555555555
0 0.8535 0.7533333333333333 0.00975 0.012
0 0.8885 0.7524444444444445 0.00625 0.02666666666666667
0 0.8945 0.7524444444444445 0.009 0.014222222222222223
0 0.902 0.7595555555555555 0.0105 0.028444444444444446
0 0.9405 0.6764444444444444 0.011 0.020888888888888887
0 0.95175 0.7244444444444444 0.0075 0.025777777777777778
0 0.985 0.6977777777777778 0.01525 0.013333333333333334
0 0.9815 0.6822222222222222 0.008 0.012888888888888889
0 0.97525 0.7182222222222222 0.0095 0.022222222222222223
0 0.94625 0.6506666666666666 0.00725 0.021333333333333333
0 0.934 0.6475555555555556 0.00775 0.02
0 0.92275 0.6417777777777778 0.00775 0.024
0 0.929 0.624 0.01725 0.013333333333333334
0 0.95275 0.6297777777777778 0.0095 0.016888888888888887
0 0.9595 0.6288888888888889 0.00975 0.03244444444444444
0 0.9695 0.6235555555555555 0.01025 0.017777777777777778
0 0.9565 0.6711111111111111 0.00625 0.008
0 0.866 0.9084444444444445 0.0075 0.012888888888888889
0 0.83425 0.8 0.014 0.015111111111111112
0 0.8175 0.7902222222222223 0.0075 0.024
0 0.8225 0.7866666666666666 0.01025 0.008888888888888889
0 0.87075 0.9244444444444444 0.00675 0.018222222222222223
0 0.32 0.009333333333333334 0.00925 0.018666666666666668
0 0.1225 0.5853333333333334 0.00825 0.020444444444444446
0 0.5815 0.5266666666666666 0.0115 0.011555555555555555
0 0.281 0.7728888888888888 0.0115 0.019555555555555555
0 0.011 0.524 0.0055 0.014666666666666666
0 0.99525 0.3217777777777778 0.0095 0.01911111111111111
0 0.9965 0.25733333333333336 0.007 0.013333333333333334
0 0.995 0.42577777777777776 0.01 0.015555555555555555
0 0.97225 0.3293333333333333 0.017 0.014666666666666666