0 0.06325 0.45911111111111114 0.015 0.017777777777777778
0 0.864 0.042666666666666665 0.012 0.016888888888888887
0 0.1735 0.9293333333333333 0.0115 0.017777777777777778
0 0.88625 0.2311111111111111 0.017 0.012444444444444444
0 0.913 0.03333333333333333 0.0155 0.016888888888888887
0 0.3965 0.7124444444444444 0.0135 0.016
0 0.9575 0.5306666666666666 0.012 0.017777777777777778
0 0.05775 0.36044444444444446 0.013 0.021333333333333333
0 0.223 0.1328888888888889 0.015 0.017777777777777778
0 0.9585 0.9537777777777777 0.014 0.016
0 0.4245 0.2653333333333333 0.018 0.016888888888888887
0 0.64125 0.8546666666666667 0.011 0.016888888888888887
0 0.71075 0.4431111111111111 0.013 0.017777777777777778
0 0.01625 0.6893333333333334 0.016 0.016
0 0.884 0.8773333333333333 0.014 0.016888888888888887
0 0.732 0.9786666666666667 0.015 0.016
0 0.67975 0.8697777777777778 0.0155 0.017777777777777778
0 0.926 0.3688888888888889 0.015 0.018666666666666668
0 0.26575 0.9528888888888889 0.0105 0.021333333333333333
0 0.59925 0.9417777777777778 0.018 0.016
0 0.93525 0.22133333333333333 0.015 0.019555555555555555
0 0.45725 0.40755555555555556 0.016 0.019555555555555555
0 0.45525 0.532 0.011 0.021333333333333333
0 0.798 0.7435555555555555 0.013 0.019555555555555555
0 0.42425 0.9573333333333334 0.014 0.019555555555555555
0 0.92925 0.7853333333333333 0.0115 0.021333333333333333
0 0.93525 0.43333333333333335 0.0105 0.021333333333333333
0 0.07525 0.3128888888888889 0.0155 0.017777777777777778
0 0.64775 0.5137777777777778 0.0155 0.014222222222222223
0 0.22525 0.5355555555555556 0.009 0.017777777777777778
0 0.5095 0.9266666666666666 0.011 0.022222222222222223
0 0.84875 0.7475555555555555 0.0085 0.021333333333333333
0 0.7955 0.3382222222222222 0.013 0.018666666666666668
0 0.384 0.5786666666666667 0.0095 0.019555555555555555
0 0.28725 0.2568888888888889 0.0105 0.021333333333333333
0 0.5255 0.8346666666666667 0.0135 0.016
0 0.76225 0.8386666666666667 0.0165 0.013333333333333334
0 0.19175 0.9937777777777778 0.015 0.012444444444444444
0 0.7205 0.46044444444444443 0.013 0.016
0 0.25775 0.014666666666666666 0.018 0.017777777777777778
0 0.8755 0.8164444444444444 0.012 0.014222222222222223
0 0.244 0.31466666666666665 0.0165 0.016888888888888887
0 0.369 0.4608888888888889 0.011 0.021333333333333333
0 0.35625 0.23866666666666667 0.0105 0.019555555555555555
0 0.3205 0.736 0.0085 0.021333333333333333
0 0.455 0.11422222222222222 0.0145 0.020444444444444446
0 0.89675 0.29688888888888887 0.0115 0.016
0 0.7035 0.9506666666666667 0.013 0.017777777777777778
0 0.3705 0.7951111111111111 0.017 0.016
0 0.12975 0.8386666666666667 0.0145 0.020444444444444446
0 0.95775 0.5906666666666667 0.009 0.018666666666666668
0 0.7825 0.516 0.0155 0.013333333333333334
0 0.19 0.5764444444444444 0.014 0.016
0 0.47125 0.32666666666666666 0.014 0.021333333333333333
0 0.8355 0.18844444444444444 0.014 0.014222222222222223
0 0.01875 0.9497777777777778 0.0095 0.022222222222222223
0 0.51125 0.144 0.018 0.021333333333333333
0 0.2235 0.05333333333333334 0.014 0.019555555555555555
0 0.29525 0.15155555555555555 0.011 0.022222222222222223
0 0.344 0.9435555555555556 0.014 0.016888888888888887
0 0.644 0.3688888888888889 0.0085 0.017777777777777778
0 0.43775 0.8875555555555555 0.0125 0.02311111111111111
0 0.7835 0.18222222222222223 0.0105 0.022222222222222223
0 0.44875 0.5928888888888889 0.0125 0.019555555555555555
0 0.72025 0.5626666666666666 0.0135 0.019555555555555555
0 0.381 0.9017777777777778 0.013 0.016
0 0.53875 0.5933333333333334 0.0125 0.015111111111111112
0 0.6335 0.008 0.015 0.016
0 0.7495 0.8515555555555555 0.015 0.015111111111111112
0 0.2575 0.6044444444444445 0.0175 0.017777777777777778
0 0.04875 0.9622222222222222 0.0105 0.028444444444444446
0 0.54975 0.5591111111111111 0.011 0.019555555555555555
0 0.53525 0.18933333333333333 0.016 0.015111111111111112
0 0.70075 0.5306666666666666 0.009 0.019555555555555555
0 0.98425 0.26222222222222225 0.012 0.016
0 0.2345 0.6755555555555556 0.0165 0.017777777777777778
0 0.9155 0.9262222222222222 0.009 0.020444444444444446
0 0.3535 0.3977777777777778 0.012 0.02311111111111111
0 0.2905 0.7324444444444445 0.017 0.019555555555555555
0 0.323 0.28444444444444444 0.01 0.021333333333333333
0 0.957 0.8928888888888888 0.011 0.02311111111111111
0 0.486 0.5635555555555556 0.013 0.016888888888888887
0 0.68525 0.037333333333333336 0.0115 0.027555555555555555
0 0.29775 0.19155555555555556 0.016 0.016
0 0.753 0.42088888888888887 0.015 0.02311111111111111
0 0.67925 0.2511111111111111 0.0095 0.025777777777777778
0 0.741 0.6364444444444445 0.0095 0.024888888888888887
0 0.1505 0.9151111111111111 0.01 0.018666666666666668
0 0.38025 0.1751111111111111 0.011 0.022222222222222223
0 0.7745 0.04755555555555555 0.014 0.016888888888888887
0 0.93025 0.6871111111111111 0.01 0.02311111111111111
0 0.88175 0.42177777777777775 0.008 0.020444444444444446
0 0.59875 0.7786666666666666 0.012 0.019555555555555555
0 0.05175 0.8391111111111111 0.017 0.017777777777777778
0 0.18925 0.043111111111111114 0.013 0.021333333333333333
0 0.92775 0.39866666666666667 0.0185 0.015111111111111112
0 0.57625 0.47555555555555556 0.008 0.021333333333333333
0 0.865 0.09466666666666666 0.011 0.019555555555555555
0 0.29325 0.9897777777777778 0.0095 0.020444444444444446
0 0.80225 0.2768888888888889 0.009 0.02311111111111111
0 0.302 0.019555555555555555 0.017 0.022222222222222223
0 0.84825 0.8808888888888889 0.01 0.02311111111111111
0 0.427 0.04133333333333333 0.01 0.019555555555555555
0 0.48775 0.8831111111111111 0.011 0.012444444444444444
0 0.59 0.42177777777777775 0.014 0.015111111111111112
0 0.90175 0.09955555555555555 0.0105 0.02311111111111111
0 0.921 0.6168888888888889 0.0095 0.021333333333333333
0 0.6115 0.2688888888888889 0.0145 0.021333333333333333
0 0.54375 0.6404444444444445 0.009 0.02311111111111111
0 0.57975 0.356 0.009 0.028444444444444446
0 0.633 0.184 0.008 0.028444444444444446
0 0.80975 0.824 0.008 0.019555555555555555
0 0.19225 0.10755555555555556 0.018 0.016
0 0.03275 0.15333333333333332 0.0145 0.017777777777777778
0 0.13975 0.27155555555555555 0.008 0.028444444444444446
0 0.58575 0.06 0.012 0.018666666666666668
0 0.1745 0.7302222222222222 0.0185 0.016
0 0.0645 0.7488888888888889 0.0125 0.016
0 0.384 0.8653333333333333 0.01 0.017777777777777778
0 0.209 0.7195555555555555 0.0125 0.020444444444444446
0 0.08225 0.9817777777777777 0.013 0.02311111111111111
0 0.28975 0.94 0.008 0.027555555555555555
0 0.20425 0.416 0.014 0.02311111111111111
0 0.0445 0.9724444444444444 0.011 0.02311111111111111
0 0.364 0.3168888888888889 0.012 0.02311111111111111
0 0.63475 0.9408888888888889 0.012 0.016
0 0.13975 0.8768888888888889 0.018 0.016
0 0.34975 0.7155555555555555 0.0095 0.024888888888888887
0 0.11475 0.5506666666666666 0.011 0.02311111111111111
0 0.45625 0.6293333333333333 0.013 0.014222222222222223
0 0.94425 0.2391111111111111 0.0095 0.022222222222222223
0 0.58475 0.8693333333333333 0.011 0.022222222222222223
0 0.25475 0.38266666666666665 0.015 0.022222222222222223
0 0.10375 0.7995555555555556 0.01 0.024888888888888887
0 0.5025 0.38622222222222224 0.014 0.013333333333333334
0 0.2355 0.7057777777777777 0.009 0.022222222222222223
0 0.31325 0.6355555555555555 0.012 0.02311111111111111
0 0.7825 0.2648888888888889 0.01 0.024
0 0.19225 0.9795555555555555 0.014 0.017777777777777778
0 0.90725 0.10088888888888889 0.011 0.028444444444444446
0 0.208 0.17955555555555555 0.017 0.016
0 0.50575 0.5475555555555556 0.0095 0.021333333333333333
0 0.693 0.16355555555555557 0.0145 0.02311111111111111
0 0.66575 0.41688888888888886 0.014 0.016
0 0.41475 0.9951111111111111 0.0165 0.009777777777777778
0 0.04175 0.6528888888888889 0.013 0.014222222222222223
0 0.12275 0.8088888888888889 0.0115 0.021333333333333333
0 0.70425 0.08933333333333333 0.017 0.016
0 0.027 0.7573333333333333 0.0145 0.017777777777777778
0 0.4755 0.18666666666666668 0.01 0.028444444444444446
0 0.645 0.41955555555555557 0.009 0.028444444444444446
0 0.50075 0.7964444444444444 0.013 0.02311111111111111
0 0.77925 0.488 0.009 0.020444444444444446
0 0.048 0.18355555555555556 0.0125 0.017777777777777778
0 0.37175 0.5026666666666667 0.0095 0.02311111111111111
0 0.19325 0.27644444444444444 0.009 0.032
0 0.06025 0.11866666666666667 0.009 0.017777777777777778
0 0.88525 0.4697777777777778 0.009 0.02311111111111111
0 0.672 0.8182222222222222 0.0125 0.012444444444444444
0 0.75 0.8066666666666666 0.01 0.02311111111111111
0 0.7595 0.6835555555555556 0.01 0.021333333333333333
0 0.0625 0.7413333333333333 0.013 0.021333333333333333
0 0.41775 0.752 0.01 0.025777777777777778
0 0.78375 0.5017777777777778 0.014 0.014222222222222223
0 0.1945 0.09022222222222222 0.016 0.016
0 0.4985 0.8782222222222222 0.011 0.02311111111111111
0 0.21975 0.2248888888888889 0.018 0.017777777777777778
0 0.244 0.6466666666666666 0.009 0.021333333333333333
0 0.90125 0.3022222222222222 0.013 0.028444444444444446
0 0.34425 0.8822222222222222 0.0125 0.02311111111111111
0 0.536 0.8724444444444445 0.007 0.02311111111111111
0 0.41 0.4822222222222222 0.0165 0.016
0 0.03225 0.6511111111111111 0.013 0.015111111111111112
0 0.5405 0.856 0.016 0.019555555555555555
0 0.32425 0.1648888888888889 0.0125 0.020444444444444446
0 0.76775 0.46044444444444443 0.0105 0.027555555555555555
0 0.79025 0.4871111111111111 0.01 0.018666666666666668
0 0.84075 0.7608888888888888 0.011 0.012444444444444444
0 0.774 0.7648888888888888 0.01 0.024888888888888887
0 0.7535 0.5817777777777777 0.01 0.02666666666666667
0 0.03575 0.39911111111111114 0.009 0.022222222222222223
0 0.5865 0.04933333333333333 0.009 0.021333333333333333
0 0.2795 0.9835555555555555 0.01 0.021333333333333333
0 0.559 0.30622222222222223 0.013 0.019555555555555555
0 0.8685 0.9395555555555556 0.0145 0.017777777777777778
0 0.35825 0.34 0.01 0.02666666666666667
0 0.30225 0.03822222222222222 0.01 0.021333333333333333
0 0.87875 0.014222222222222223 0.0105 0.02311111111111111
0 0.44925 0.6128888888888889 0.007 0.019555555555555555
0 0.9795 0.8346666666666667 0.0105 0.016
0 0.97825 0.8017777777777778 0.009 0.024888888888888887
0 0.85225 0.7524444444444445 0.008 0.021333333333333333
0 0.7835 0.7911111111111111 0.009 0.028444444444444446
0 0.8235 0.8595555555555555 0.0105 0.024
0 0.8155 0.7146666666666667 0.0065 0.028444444444444446
0 0.7015 0.9631111111111111 0.0095 0.019555555555555555
0 0.673 0.9351111111111111 0.008 0.02666666666666667
0 0.6665 0.9306666666666666 0.007 0.020444444444444446
0 0.68 0.8124444444444444 0.008 0.02311111111111111
0 0.67725 0.7897777777777778 0.008 0.021333333333333333
0 0.6665 0.8057777777777778 0.0095 0.019555555555555555
0 0.65425 0.8795555555555555 0.0065 0.024888888888888887
0 0.65 0.9057777777777778 0.006 0.028444444444444446
0 0.611 0.8937777777777778 0.0125 0.024888888888888887
0 0.60625 0.8773333333333333 0.007 0.02666666666666667
0 0.58525 0.8982222222222223 0.008 0.028444444444444446
0 0.6275 0.8395555555555556 0.0065 0.024
0 0.591 0.852 0.0125 0.013333333333333334
0 0.5855 0.8426666666666667 0.008 0.025777777777777778
0 0.57925 0.7182222222222222 0.0115 0.030222222222222223
0 0.5075 0.7088888888888889 0.0085 0.028444444444444446
0 0.508 0.6831111111111111 0.009 0.017777777777777778
0 0.65 0.7577777777777778 0.007 0.016888888888888887
0 0.81725 0.6591111111111111 0.01 0.017777777777777778
0 0.7695 0.6248888888888889 0.008 0.028444444444444446
0 0.66825 0.6235555555555555 0.013 0.017777777777777778
0 0.757 0.5373333333333333 0.0115 0.024
0 0.731 0.5173333333333333 0.009 0.024888888888888887
0 0.78775 0.42533333333333334 0.008 0.02666666666666667
0 0.822 0.4955555555555556 0.008 0.024
0 0.96225 0.4782222222222222 0.007 0.027555555555555555
0 0.91775 0.4488888888888889 0.012 0.024888888888888887
0 0.91 0.39555555555555555 0.007 0.03111111111111111
0 0.9795 0.35244444444444445 0.0075 0.02666666666666667
0 0.59275 0.5728888888888889 0.009 0.019555555555555555
0 0.5135 0.37155555555555553 0.01 0.02666666666666667
0 0.4935 0.432 0.012 0.024888888888888887
0 0.6895 0.328 0.0115 0.033777777777777775
0 0.6495 0.3022222222222222 0.008 0.030222222222222223
0 0.6045 0.2648888888888889 0.008 0.02311111111111111
0 0.5705 0.16266666666666665 0.0105 0.024888888888888887
0 0.60875 0.30533333333333335 0.009 0.018666666666666668
0 0.60225 0.31066666666666665 0.0125 0.016
0 0.54975 0.308 0.009 0.028444444444444446
0 0.66825 0.22355555555555556 0.0085 0.02311111111111111
0 0.75425 0.1817777777777778 0.009 0.030222222222222223
0 0.751 0.1448888888888889 0.0085 0.035555555555555556
0 0.70475 0.152 0.016 0.021333333333333333
0 0.80175 0.13822222222222222 0.009 0.02666666666666667
0 0.94825 0.256 0.014 0.012444444444444444
0 0.9735 0.2911111111111111 0.0065 0.02666666666666667
0 0.9945 0.11688888888888889 0.011 0.021333333333333333
0 0.9965 0.088 0.007 0.028444444444444446
0 0.9915 0.0768888888888889 0.006 0.028444444444444446
0 0.98175 0.08622222222222223 0.013 0.011555555555555555
0 0.94 0.0044444444444444444 0.013 0.008888888888888889
0 0.8245 0.08222222222222222 0.008 0.022222222222222223
0 0.815 0.084 0.007 0.024888888888888887
0 0.7845 0.048 0.006 0.021333333333333333
0 0.7205 0.015111111111111112 0.008 0.017777777777777778
0 0.758 0.06755555555555555 0.0115 0.011555555555555555
0 0.61275 0.04044444444444444 0.007 0.028444444444444446
0 0.53825 0.04844444444444444 0.009 0.028444444444444446
0 0.507 0.04622222222222222 0.011 0.021333333333333333
0 0.004 0.23777777777777778 0.008 0.020444444444444446
0 0.09875 0.19155555555555556 0.0125 0.027555555555555555
0 0.072 0.19333333333333333 0.009 0.024888888888888887
0 0.0675 0.17822222222222223 0.014 0.017777777777777778
0 0.05575 0.148 0.01 0.021333333333333333
0 0.04825 0.13555555555555557 0.0105 0.017777777777777778
0 0.086 0.09822222222222222 0.0105 0.030222222222222223
0 0.1615 0.050222222222222224 0.009 0.02666666666666667
0 0.1735 0.11911111111111111 0.008 0.028444444444444446
0 0.1935 0.012 0.008 0.02311111111111111
0 0.26 0.043555555555555556 0.014 0.014222222222222223
0 0.2875 0.033777777777777775 0.009 0.02311111111111111
0 0.21625 0.04755555555555555 0.014 0.013333333333333334
0 0.19175 0.20533333333333334 0.0095 0.024
0 0.2115 0.24 0.008 0.02311111111111111
0 0.25975 0.256 0.0105 0.029333333333333333
0 0.44225 0.12266666666666666 0.01 0.027555555555555555
0 0.45225 0.2608888888888889 0.008 0.028444444444444446
0 0.323 0.3631111111111111 0.01 0.024
0 0.29325 0.37377777777777776 0.01 0.027555555555555555
0 0.2745 0.42977777777777776 0.008 0.03111111111111111
0 0.2185 0.34933333333333333 0.008 0.02666666666666667
0 0.1945 0.44177777777777777 0.007 0.028444444444444446
0 0.055 0.3937777777777778 0.008 0.027555555555555555
0 0.02875 0.39511111111111114 0.0065 0.032
0 0.00325 0.3831111111111111 0.0065 0.024888888888888887
0 0.04625 0.46044444444444443 0.009 0.024888888888888887
0 0.1655 0.54 0.01 0.03111111111111111
0 0.34575 0.4142222222222222 0.0105 0.030222222222222223
0 0.3355 0.4577777777777778 0.009 0.02666666666666667
0 0.33125 0.4822222222222222 0.013 0.016
0 0.312 0.5071111111111111 0.0155 0.012444444444444444
0 0.277 0.49466666666666664 0.008 0.032
0 0.3085 0.488 0.007 0.024
0 0.4195 0.4693333333333333 0.01 0.028444444444444446
0 0.4225 0.428 0.007 0.03111111111111111
0 0.47725 0.48355555555555557 0.008 0.019555555555555555
0 0.45225 0.6435555555555555 0.0105 0.019555555555555555
0 0.43825 0.624 0.016 0.017777777777777778
0 0.44075 0.6653333333333333 0.008 0.030222222222222223
0 0.4125 0.6408888888888888 0.008 0.02311111111111111
0 0.37775 0.6568888888888889 0.008 0.034666666666666665
0 0.26525 0.6337777777777778 0.0055 0.025777777777777778
0 0.2385 0.6355555555555555 0.006 0.021333333333333333
0 0.17775 0.5817777777777777 0.01 0.030222222222222223
0 0.14325 0.6004444444444444 0.017 0.011555555555555555
0 0.141 0.5884444444444444 0.013 0.017777777777777778
0 0.04475 0.6124444444444445 0.008 0.03111111111111111
0 0.032 0.6284444444444445 0.007 0.02666666666666667
0 0.02975 0.592 0.008 0.024888888888888887
0 0.0025 0.5991111111111111 0.005 0.02666666666666667
0 0.08525 0.7044444444444444 0.007 0.028444444444444446
0 0.109 0.6755555555555556 0.0115 0.014222222222222223
0 0.02175 0.7506666666666667 0.006 0.020444444444444446
0 0.0385 0.6702222222222223 0.009 0.024888888888888887
0 0.4765 0.8408888888888889 0.0075 0.02666666666666667
0 0.40225 0.8408888888888889 0.008 0.027555555555555555
0 0.396 0.8702222222222222 0.009 0.010666666666666666
0 0.39125 0.88 0.014 0.009777777777777778
0 0.1135 0.8266666666666667 0.013 0.020444444444444446
0 0.08925 0.8115555555555556 0.0085 0.02666666666666667
0 0.02475 0.8982222222222223 0.0105 0.02311111111111111
0 0.12675 0.9293333333333333 0.007 0.024
0 0.30775 0.9488888888888889 0.0065 0.033777777777777775
0 0.46725 0.9751111111111112 0.0075 0.024888888888888887