0 0.01 0.018222222222222223 0.01 0.029333333333333333
0 0.027 0.13111111111111112 0.01375 0.021777777777777778
0 0.04575 0.12266666666666666 0.00825 0.030666666666666665
0 0.07225 0.13644444444444445 0.0055 0.017777777777777778
0 0.07925 0.12977777777777777 0.00825 0.021777777777777778
0 0.12225 0.09955555555555555 0.01425 0.015555555555555555
0 0.12625 0.08577777777777777 0.01 0.02
0 0.16125 0.08666666666666667 0.013 0.025777777777777778
0 0.135 0.1928888888888889 0.0105 0.021777777777777778
0 0.104 0.236 0.0135 0.025333333333333333
0 0.0795 0.20577777777777778 0.00675 0.024888888888888887
0 0.05275 0.20577777777777778 0.012 0.014666666666666666
0 0.03625 0.2111111111111111 0.01575 0.016444444444444446
0 0.05675 0.25955555555555554 0.01175 0.01911111111111111
0 0.09175 0.27066666666666667 0.0085 0.02311111111111111
0 0.0735 0.3377777777777778 0.00875 0.030666666666666665
0 0.073 0.3671111111111111 0.015 0.02311111111111111
0 0.03575 0.3511111111111111 0.0105 0.018222222222222223
0 0.175 0.18844444444444444 0.0085 0.025777777777777778
0 0.204 0.2826666666666667 0.01 0.021777777777777778
0 0.2175 0.21688888888888888 0.00775 0.024888888888888887
0 0.22725 0.2048888888888889 0.01175 0.028444444444444446
0 0.248 0.15644444444444444 0.01575 0.016444444444444446
0 0.262 0.1968888888888889 0.00625 0.024888888888888887
0 0.2145 0.09066666666666667 0.01225 0.02266666666666667
0 0.214 0.006222222222222222 0.008 0.012444444444444444
0 0.26225 0.07333333333333333 0.01 0.027555555555555555
0 0.23025 0.06622222222222222 0.01025 0.02
0 0.23475 0.28888888888888886 0.0135 0.02
0 0.189 0.32355555555555554 0.0085 0.030222222222222223
0 0.17625 0.3302222222222222 0.0115 0.021333333333333333
0 0.13375 0.3382222222222222 0.00575 0.022222222222222223
0 0.163 0.4066666666666667 0.009 0.030666666666666665
0 0.09275 0.41644444444444445 0.007 0.022222222222222223
0 0.07175 0.44177777777777777 0.008 0.024888888888888887
0 0.0495 0.4608888888888889 0.009 0.030666666666666665
0 0.009 0.4222222222222222 0.014 0.015555555555555555
0 0.0205 0.49955555555555553 0.013 0.01911111111111111
0 0.05425 0.5968888888888889 0.0085 0.03688888888888889
0 0.12025 0.6115555555555555 0.00825 0.028444444444444446
0 0.1215 0.5853333333333334 0.01525 0.016888888888888887
0 0.10125 0.6386666666666667 0.008 0.018666666666666668
0 0.107 0.6284444444444445 0.01125 0.015555555555555555
0 0.08675 0.624 0.00775 0.034666666666666665
0 0.0375 0.6328888888888888 0.009 0.027555555555555555
0 0.04675 0.6266666666666667 0.0135 0.016444444444444446
0 0.06 0.6484444444444445 0.0115 0.016444444444444446
0 0.04175 0.6546666666666666 0.01325 0.015555555555555555
0 0.00325 0.6422222222222222 0.0065 0.022222222222222223
0 0.0135 0.6355555555555555 0.01275 0.016444444444444446
0 0.0055 0.6235555555555555 0.011 0.013777777777777778
0 0.0185 0.7026666666666667 0.00975 0.03155555555555556
0 0.029 0.7275555555555555 0.01375 0.01911111111111111
0 0.04375 0.7173333333333334 0.01275 0.025333333333333333
0 0.02775 0.7533333333333333 0.0115 0.016
0 0.0335 0.7426666666666667 0.00625 0.011555555555555555
0 0.04275 0.7413333333333333 0.01175 0.019555555555555555
0 0.07075 0.6951111111111111 0.01375 0.02311111111111111
0 0.064 0.7693333333333333 0.012 0.016
0 0.073 0.8177777777777778 0.01 0.027555555555555555
0 0.07275 0.7942222222222223 0.01125 0.021777777777777778
0 0.0245 0.84 0.01225 0.026222222222222223
0 0.0085 0.8786666666666667 0.0065 0.02711111111111111
0 0.01725 0.8982222222222223 0.01175 0.016888888888888887
0 0.0295 0.9128888888888889 0.01175 0.012888888888888889
0 0.1005 0.8453333333333334 0.01475 0.02266666666666667
0 0.13925 0.7657777777777778 0.0085 0.020888888888888887
0 0.01425 0.9671111111111111 0.0095 0.016
0 0.02425 0.9586666666666667 0.0145 0.013333333333333334
0 0.06025 0.9417777777777778 0.0105 0.021333333333333333
0 0.05675 0.9977777777777778 0.0085 0.0044444444444444444
0 0.01325 0.9977777777777778 0.0075 0.0044444444444444444
0 0.13025 0.9506666666666667 0.0115 0.021777777777777778
0 0.11875 0.9862222222222222 0.01425 0.017777777777777778
0 0.12775 0.9924444444444445 0.009 0.014666666666666666
0 0.162 0.9906666666666667 0.00675 0.018666666666666668
0 0.17625 0.9702222222222222 0.01275 0.021777777777777778
0 0.18325 0.9653333333333334 0.00725 0.024444444444444446
0 0.1795 0.9244444444444444 0.007 0.02266666666666667
0 0.18425 0.9431111111111111 0.00725 0.024
0 0.2015 0.9791111111111112 0.00825 0.021333333333333333
0 0.21025 0.8835555555555555 0.00725 0.02266666666666667
0 0.17475 0.8675555555555555 0.01675 0.024
0 0.242 0.9422222222222222 0.01 0.02711111111111111
0 0.241 0.9173333333333333 0.00925 0.017777777777777778
0 0.25325 0.9422222222222222 0.00875 0.024444444444444446
0 0.242 0.9782222222222222 0.009 0.02266666666666667
0 0.272 0.9946666666666667 0.01375 0.010666666666666666
0 0.2535 0.8284444444444444 0.007 0.021333333333333333
0 0.24525 0.808 0.009 0.025333333333333333
0 0.17925 0.7311111111111112 0.01475 0.021777777777777778
0 0.198 0.7142222222222222 0.00825 0.028
0 0.21275 0.6675555555555556 0.01775 0.01911111111111111
0 0.219 0.6511111111111111 0.0065 0.032
0 0.235 0.6973333333333334 0.0135 0.011555555555555555
0 0.2675 0.7035555555555556 0.01225 0.018666666666666668
0 0.2675 0.6897777777777778 0.01025 0.021777777777777778
0 0.27325 0.7373333333333333 0.01175 0.012444444444444444
0 0.274 0.7257777777777777 0.01275 0.017777777777777778
0 0.2865 0.7297777777777777 0.0145 0.016
0 0.29525 0.7244444444444444 0.009 0.01911111111111111
0 0.29725 0.7586666666666667 0.00975 0.02311111111111111
0 0.2635 0.7791111111111111 0.01175 0.029333333333333333
0 0.30875 0.6346666666666667 0.01225 0.021777777777777778
0 0.24075 0.5377777777777778 0.00725 0.028888888888888888
0 0.22675 0.532 0.0065 0.024444444444444446
0 0.2035 0.5013333333333333 0.009 0.026222222222222223
0 0.20175 0.588 0.0135 0.017777777777777778
0 0.2095 0.45111111111111113 0.01275 0.015555555555555555
0 0.212 0.4182222222222222 0.01375 0.029333333333333333
0 0.18375 0.42088888888888887 0.01425 0.010222222222222223
0 0.217 0.3893333333333333 0.0105 0.019555555555555555
0 0.23425 0.4137777777777778 0.01275 0.017777777777777778
0 0.2115 0.35244444444444445 0.011 0.015111111111111112
0 0.2205 0.352 0.00875 0.033777777777777775
0 0.20375 0.344 0.0105 0.016
0 0.2655 0.010666666666666666 0.00625 0.020888888888888887
0 0.3355 0.033777777777777775 0.01475 0.018666666666666668
0 0.32375 0.1902222222222222 0.00825 0.024
0 0.33175 0.28888888888888886 0.01325 0.016888888888888887
0 0.3245 0.2613333333333333 0.00725 0.022222222222222223
0 0.30025 0.41644444444444445 0.013 0.018222222222222223
0 0.31275 0.4186666666666667 0.01175 0.025777777777777778
0 0.34925 0.4066666666666667 0.009 0.03333333333333333
0 0.3965 0.42 0.00875 0.02311111111111111
0 0.3235 0.4782222222222222 0.01275 0.017777777777777778
0 0.3195 0.4653333333333333 0.01175 0.009777777777777778
0 0.3165 0.5102222222222222 0.0155 0.024
0 0.30325 0.5293333333333333 0.0145 0.019555555555555555
0 0.33725 0.5417777777777778 0.00775 0.015111111111111112
0 0.345 0.5466666666666666 0.011 0.015111111111111112
0 0.34475 0.52 0.01325 0.01911111111111111
0 0.35475 0.48488888888888887 0.012 0.026222222222222223
0 0.361 0.504 0.01425 0.018222222222222223
0 0.37675 0.5355555555555556 0.0145 0.020888888888888887
0 0.38775 0.5417777777777778 0.008 0.024888888888888887
0 0.31925 0.5715555555555556 0.01 0.024888888888888887
0 0.36225 0.6231111111111111 0.01225 0.024
0 0.373 0.6515555555555556 0.01 0.021777777777777778
0 0.3855 0.6515555555555556 0.01275 0.016444444444444446
0 0.3725 0.6968888888888889 0.014 0.012444444444444444
0 0.3595 0.7222222222222222 0.00975 0.021777777777777778
0 0.363 0.724 0.009 0.016444444444444446
0 0.37025 0.7568888888888889 0.0135 0.02
0 0.389 0.7631111111111111 0.01325 0.016
0 0.40475 0.7111111111111111 0.015 0.028888888888888888
0 0.392 0.7946666666666666 0.01475 0.017777777777777778
0 0.36975 0.8142222222222222 0.01225 0.01911111111111111
0 0.32575 0.8337777777777777 0.015 0.018666666666666668
0 0.3765 0.86 0.01475 0.016444444444444446
0 0.35875 0.8755555555555555 0.012 0.01911111111111111
0 0.30725 0.9173333333333333 0.0095 0.024
0 0.32425 0.9195555555555556 0.007 0.02711111111111111
0 0.32725 0.9884444444444445 0.008 0.02311111111111111
0 0.359 0.9915555555555555 0.01075 0.016888888888888887
0 0.35675 0.9804444444444445 0.014 0.012
0 0.375 0.9844444444444445 0.011 0.013333333333333334
0 0.42025 0.964 0.01775 0.015111111111111112
0 0.4315 0.948 0.01375 0.016888888888888887
0 0.439 0.9573333333333334 0.00675 0.030222222222222223
0 0.44025 0.9342222222222222 0.0085 0.02266666666666667
0 0.407 0.8937777777777778 0.01525 0.01911111111111111
0 0.41 0.8502222222222222 0.01225 0.018666666666666668
0 0.43325 0.8248888888888889 0.01125 0.018222222222222223
0 0.43275 0.8573333333333333 0.0065 0.028888888888888888
0 0.43725 0.848 0.01075 0.016888888888888887
0 0.48275 0.8977777777777778 0.007 0.03155555555555556
0 0.46375 0.9386666666666666 0.01525 0.03155555555555556
0 0.52625 0.9866666666666667 0.01375 0.026222222222222223
0 0.513 0.9502222222222222 0.01325 0.016888888888888887
0 0.504 0.9262222222222222 0.01125 0.017777777777777778
0 0.495 0.9053333333333333 0.0065 0.028
0 0.5055 0.9142222222222223 0.013 0.014666666666666666
0 0.50075 0.8866666666666667 0.0055 0.024444444444444446
0 0.50725 0.8706666666666667 0.00825 0.02266666666666667
0 0.51625 0.8902222222222222 0.0095 0.02266666666666667
0 0.5215 0.8426666666666667 0.00975 0.015111111111111112
0 0.52725 0.8351111111111111 0.00675 0.03333333333333333
0 0.484 0.848 0.01425 0.016888888888888887
0 0.5015 0.7786666666666666 0.01 0.015555555555555555
0 0.4745 0.7995555555555556 0.008 0.025777777777777778
0 0.45075 0.7511111111111111 0.0095 0.021777777777777778
0 0.515 0.7173333333333334 0.01275 0.016
0 0.4895 0.7675555555555555 0.01125 0.012444444444444444
0 0.55275 0.7902222222222223 0.01575 0.016888888888888887
0 0.55975 0.7822222222222223 0.00925 0.021333333333333333
0 0.5575 0.9151111111111111 0.009 0.030222222222222223
0 0.54025 0.9742222222222222 0.013 0.021333333333333333
0 0.57675 0.9586666666666667 0.014 0.016
0 0.4985 0.6031111111111112 0.01525 0.021333333333333333
0 0.43875 0.6231111111111111 0.00875 0.025777777777777778
0 0.5185 0.6235555555555555 0.011 0.021777777777777778
0 0.52025 0.5213333333333333 0.01 0.024
0 0.4805 0.5 0.012 0.024444444444444446
0 0.437 0.4573333333333333 0.0155 0.018666666666666668
0 0.4535 0.404 0.0105 0.026222222222222223
0 0.4995 0.42177777777777775 0.01025 0.024
0 0.4865 0.43555555555555553 0.01475 0.018666666666666668
0 0.47425 0.43955555555555553 0.008 0.024888888888888887
0 0.54825 0.37466666666666665 0.01525 0.018666666666666668
0 0.4325 0.2773333333333333 0.01675 0.024
0 0.43375 0.2528888888888889 0.013 0.024888888888888887
0 0.44125 0.2568888888888889 0.008 0.022222222222222223
0 0.409 0.20044444444444445 0.00925 0.02311111111111111
0 0.397 0.26222222222222225 0.0135 0.026222222222222223
0 0.4125 0.16355555555555557 0.0095 0.02711111111111111
0 0.38775 0.12488888888888888 0.008 0.028444444444444446
0 0.45275 0.16755555555555557 0.014 0.025777777777777778
0 0.504 0.14266666666666666 0.01025 0.020888888888888887
0 0.49375 0.184 0.01375 0.024888888888888887
0 0.552 0.18977777777777777 0.0165 0.017777777777777778
0 0.555 0.1431111111111111 0.014 0.024444444444444446
0 0.57825 0.20444444444444446 0.0155 0.018222222222222223
0 0.5535 0.24488888888888888 0.01475 0.020888888888888887
0 0.542 0.27555555555555555 0.01225 0.02
0 0.51375 0.09955555555555555 0.01075 0.028888888888888888
0 0.46325 0.09822222222222222 0.015 0.016444444444444446
0 0.46475 0.05511111111111111 0.00925 0.024888888888888887
0 0.4105 0.0071111111111111115 0.0155 0.013777777777777778
0 0.485 0.011111111111111112 0.01525 0.015555555555555555
0 0.48425 0.0017777777777777779 0.0165 0.0035555555555555557
0 0.50575 0.04844444444444444 0.007 0.036444444444444446
0 0.529 0.03688888888888889 0.01625 0.018222222222222223
0 0.52625 0.0057777777777777775 0.0115 0.011555555555555555
0 0.54 0.07022222222222223 0.00825 0.03244444444444444
0 0.54675 0.06355555555555556 0.00925 0.01911111111111111
0 0.57625 0.004888888888888889 0.0145 0.009777777777777778
0 0.2655 0.8906666666666667 0.013 0.018222222222222223
0 0.5835 0.7893333333333333 0.00875 0.022222222222222223
0 0.58975 0.7977777777777778 0.0105 0.02
0 0.60175 0.788 0.014 0.012888888888888889
0 0.56625 0.8564444444444445 0.006 0.022222222222222223
0 0.60475 0.868 0.01675 0.016444444444444446
0 0.60625 0.8555555555555555 0.01825 0.014666666666666666
0 0.62575 0.888 0.01125 0.022222222222222223
0 0.63325 0.8635555555555555 0.01275 0.02266666666666667
0 0.6555 0.9088888888888889 0.017 0.018666666666666668
0 0.64575 0.9862222222222222 0.009 0.02711111111111111
0 0.70175 0.9066666666666666 0.01225 0.02311111111111111
0 0.688 0.9373333333333334 0.01525 0.01911111111111111
0 0.694 0.8853333333333333 0.01225 0.015111111111111112
0 0.677 0.8777777777777778 0.00925 0.02266666666666667
0 0.668 0.8671111111111112 0.00925 0.021777777777777778
0 0.64425 0.7711111111111111 0.01225 0.015111111111111112
0 0.63275 0.7142222222222222 0.0135 0.017777777777777778
0 0.6055 0.7031111111111111 0.01025 0.02311111111111111
0 0.59575 0.7444444444444445 0.01625 0.019555555555555555
0 0.59975 0.6604444444444444 0.00525 0.021777777777777778
0 0.6745 0.7146666666666667 0.01025 0.027555555555555555
0 0.69225 0.7311111111111112 0.009 0.028888888888888888
0 0.749 0.7986666666666666 0.0105 0.02711111111111111
0 0.748 0.884 0.0115 0.028444444444444446
0 0.7895 0.8946666666666667 0.01275 0.022222222222222223
0 0.793 0.8395555555555556 0.0095 0.025333333333333333
0 0.8105 0.8222222222222222 0.0105 0.028888888888888888
0 0.821 0.8524444444444444 0.01125 0.024
0 0.57 0.49333333333333335 0.01025 0.036444444444444446
0 0.5865 0.5431111111111111 0.01 0.026222222222222223
0 0.5765 0.556 0.01525 0.01911111111111111
0 0.6145 0.6048888888888889 0.01475 0.016
0 0.6995 0.6386666666666667 0.0105 0.028888888888888888
0 0.732 0.6488888888888888 0.01275 0.027555555555555555
0 0.72025 0.6697777777777778 0.014 0.024
0 0.61525 0.4484444444444444 0.012 0.025333333333333333
0 0.62425 0.43733333333333335 0.012 0.015555555555555555
0 0.629 0.428 0.00975 0.011555555555555555
0 0.63575 0.4391111111111111 0.0115 0.016
0 0.6365 0.42444444444444446 0.01225 0.015555555555555555
0 0.649 0.43777777777777777 0.0065 0.021333333333333333
0 0.646 0.47955555555555557 0.01325 0.013777777777777778
0 0.654 0.4662222222222222 0.01 0.015555555555555555
0 0.6805 0.4031111111111111 0.01175 0.016444444444444446
0 0.697 0.4368888888888889 0.01325 0.018222222222222223
0 0.65375 0.42 0.0095 0.018222222222222223
0 0.7165 0.4888888888888889 0.01425 0.016888888888888887
0 0.7255 0.43866666666666665 0.0055 0.02
0 0.74525 0.4271111111111111 0.007 0.022222222222222223
0 0.75525 0.42844444444444446 0.0065 0.026222222222222223
0 0.73175 0.39155555555555555 0.01225 0.016888888888888887
0 0.7055 0.31333333333333335 0.01225 0.01911111111111111
0 0.6235 0.24488888888888888 0.01125 0.018666666666666668
0 0.6235 0.19333333333333333 0.00875 0.032
0 0.59225 0.2951111111111111 0.011 0.029333333333333333
0 0.60975 0.3031111111111111 0.0095 0.028888888888888888
0 0.68175 0.19822222222222222 0.01375 0.019555555555555555
0 0.0185 0.3711111111111111 0.00825 0.016888888888888887
0 0.61 0.025333333333333333 0.01525 0.02266666666666667
0 0.66975 0.07422222222222222 0.016 0.02
0 0.64525 0.051555555555555556 0.009 0.017333333333333333
0 0.67425 0.016888888888888887 0.0135 0.016
0 0.6795 0.03688888888888889 0.0105 0.024888888888888887
0 0.73125 0.08888888888888889 0.01075 0.020444444444444446
0 0.73575 0.06888888888888889 0.0115 0.023555555555555555
0 0.75475 0.056 0.009 0.018666666666666668
0 0.76425 0.058222222222222224 0.00925 0.030666666666666665
0 0.691 0.7813333333333333 0.011 0.016
0 0.7835 0.6106666666666667 0.009 0.03333333333333333
0 0.78825 0.5235555555555556 0.0115 0.022222222222222223
0 0.726 0.25955555555555554 0.01 0.030666666666666665
0 0.7415 0.30666666666666664 0.011 0.03155555555555556
0 0.755 0.29333333333333333 0.0095 0.03333333333333333
0 0.79625 0.16844444444444445 0.01925 0.015111111111111112
0 0.80725 0.14222222222222222 0.01325 0.02711111111111111
0 0.80675 0.08622222222222223 0.00825 0.02311111111111111
0 0.8155 0.08266666666666667 0.01325 0.03244444444444444
0 0.82775 0.035555555555555556 0.01225 0.02711111111111111
0 0.855 0.04088888888888889 0.00825 0.030666666666666665
0 0.85425 0.19866666666666666 0.0115 0.036
0 0.83225 0.2751111111111111 0.01 0.022222222222222223
0 0.81275 0.376 0.01675 0.019555555555555555
0 0.83025 0.368 0.01225 0.019555555555555555
0 0.8475 0.3542222222222222 0.00875 0.03333333333333333
0 0.79075 0.3511111111111111 0.009 0.02311111111111111
0 0.83825 0.41555555555555557 0.0155 0.019555555555555555
0 0.83825 0.47555555555555556 0.009 0.04133333333333333
0 0.49525 0.03422222222222222 0.0115 0.016
0 0.81775 0.6826666666666666 0.00875 0.024888888888888887
0 0.846 0.6564444444444445 0.01325 0.03155555555555556
0 0.846 0.6146666666666667 0.00875 0.024888888888888887
0 0.8335 0.7502222222222222 0.01375 0.019555555555555555
0 0.837 0.8013333333333333 0.01325 0.019555555555555555
0 0.84725 0.7915555555555556 0.01175 0.035111111111111114
0 0.851 0.7675555555555555 0.01375 0.016888888888888887
0 0.86275 0.7457777777777778 0.0165 0.020444444444444446
0 0.92975 0.736 0.01275 0.024
0 0.9425 0.708 0.009 0.028888888888888888
0 0.91275 0.7115555555555556 0.01825 0.02711111111111111
0 0.922 0.6848888888888889 0.01 0.042222222222222223
0 0.87675 0.6204444444444445 0.011 0.024
0 0.91425 0.5848888888888889 0.009 0.030666666666666665
0 0.92625 0.5911111111111111 0.015 0.016
0 0.9515 0.676 0.01 0.03155555555555556
0 0.974 0.7271111111111112 0.00725 0.024
0 0.98175 0.7137777777777777 0.00725 0.024
0 0.98775 0.7124444444444444 0.0105 0.016
0 0.994 0.5582222222222222 0.011 0.02711111111111111
0 0.83 0.54 0.01425 0.016
0 0.838 0.548 0.0125 0.015111111111111112
0 0.89075 0.47644444444444445 0.007 0.027555555555555555
0 0.8915 0.46355555555555555 0.01 0.01911111111111111
0 0.899 0.5271111111111111 0.007 0.028444444444444446
0 0.9175 0.5524444444444444 0.0065 0.016444444444444446
0 0.96175 0.5164444444444445 0.00775 0.02
0 0.9785 0.4817777777777778 0.01225 0.021777777777777778
0 0.99675 0.4742222222222222 0.00625 0.018666666666666668
0 0.96875 0.42044444444444445 0.016 0.012888888888888889
0 0.99675 0.38711111111111113 0.00625 0.017777777777777778
0 0.8815 0.36133333333333334 0.00825 0.028444444444444446
0 0.913 0.3071111111111111 0.00925 0.027555555555555555
0 0.96 0.33066666666666666 0.01 0.03155555555555556
0 0.971 0.25377777777777777 0.00875 0.026222222222222223
0 0.92425 0.2577777777777778 0.0115 0.013777777777777778
0 0.9205 0.248 0.012 0.014222222222222223
0 0.91475 0.2742222222222222 0.0145 0.015555555555555555
0 0.881 0.26844444444444443 0.01475 0.024888888888888887
0 0.8765 0.21911111111111112 0.00775 0.022222222222222223
0 0.94475 0.19333333333333333 0.01225 0.02666666666666667
0 0.93575 0.17777777777777778 0.0075 0.028888888888888888
0 0.94225 0.17022222222222222 0.0115 0.022222222222222223
0 0.9515 0.15644444444444444 0.006 0.017777777777777778
0 0.92625 0.15288888888888888 0.01575 0.015111111111111112
0 0.9075 0.10622222222222222 0.01425 0.016888888888888887
0 0.949 0.044444444444444446 0.00975 0.024888888888888887
0 0.976 0.043555555555555556 0.00825 0.023555555555555555
0 0.75175 0.18533333333333332 0.01 0.012
0 0.74725 0.21644444444444444 0.008 0.021333333333333333
0 0.76025 0.5977777777777777 0.01075 0.020888888888888887