0 0.0724375 0.20886909372579393 0.009421875 0.020549961270333077
0 0.20021484374999998 0.16133230054221534 0.01083203125 0.02006196746707978
0 0.35264453125 0.41425251742835006 0.010359375 0.021913245546088304
0 0.3535234375 0.3973044151820294 0.01130859375 0.017095274980635167
0 0.416796875 0.4491944229279628 0.01083984375 0.015213013168086756
0 0.49600390625 0.48127807900852054 0.008246093749999999 0.024972889233152596
0 0.17456640625 0.7801471727343144 0.00708984375 0.030046475600309836
0 0.439140625 0.8935398915569326 0.008796875 0.023679318357862123
0 0.5030234375 0.4727652982184353 0.0073671875 0.03226181254841208
0 0.6387539062500001 0.42396591789310617 0.010312499999999999 0.024399690162664602
0 0.6499335937499999 0.3133539891556933 0.01328515625 0.012718822618125486
0 0.6347070312499999 0.3275910147172734 0.009765625 0.00890007745933385
0 0.66868359375 0.348280402788536 0.006070312499999999 0.02603408210689388
0 0.67345703125 0.3645236250968242 0.010007812500000001 0.0152285050348567
0 0.61348828125 0.3761192873741286 0.0054296875000000005 0.019690162664601087
0 0.6717890625 0.28189775367931835 0.00596484375 0.026305189775367933
0 0.5562773437499999 0.15941905499612705 0.009296875 0.019674670797831136
0 0.5658554687499999 0.15955848179705656 0.0107421875 0.010426026336173509
0 0.5858359375 0.12209140201394268 0.009332031250000001 0.01640588690937258
0 0.5755312499999999 0.1149651432997676 0.01140234375 0.009326103795507358
0 0.667109375 0.13098373353989154 0.005 0.019930286599535243
0 0.65376953125 0.10173508907823393 0.0080859375 0.019496514329976764
0 0.6638164062499999 0.09326878388845855 0.00821484375 0.021673121611154145
0 0.6601015625 0.0976839659178931 0.00921484375 0.021301316808675447
0 0.62833984375 0.11989155693261037 0.0058515625 0.027064291247095272
0 0.66116015625 0.24866769945778464 0.0112109375 0.011177381874515878
0 0.6574687499999999 0.7031758326878389 0.005160156250000001 0.01914794732765298
0 0.6676796875 0.6931216111541442 0.0106015625 0.010975987606506584
0 0.54151953125 0.8452052672347018 0.0071640625 0.02527498063516654
0 0.60114453125 0.9668241673121611 0.0069804687500000006 0.02040278853601859
0 0.60450390625 0.9723082881487219 0.00738671875 0.02617350890782339
0 0.02406640625 0.24333075135553833 0.0082890625 0.015352439969016267
0 0.25485156249999996 0.3712238574748257 0.01089453125 0.012912470952749808
0 0.72461328125 0.9838032532920217 0.011347656250000001 0.03226181254841208
0 0.2643046875 0.368280402788536 0.0081953125 0.01064291247095275
0 0.5478203125000001 0.6957164988381099 0.00648828125 0.023896204492641366
0 0.57284765625 0.7058249419054996 0.01205078125 0.01286599535243997
0 0.49533203124999997 0.7274206041828041 0.008109375 0.011030209140201395
0 0.02157421875 0.24230054221533695 0.0140546875 0.018962044926413634
0 0.2587890625 0.3701084430673896 0.019546875 0.016692486444616576
0 0.501953125 0.8641595662277305 0.0107890625 0.020728117738187453
0 0.41723828125000006 0.5727188226181255 0.009699218749999999 0.025267234701781563
0 0.23254296874999997 0.4514407436096049 0.007550781249999999 0.025809450038729666
0 0.3864765625 0.6133849728892331 0.0117265625 0.014864446165762976
0 0.0856953125 0.8186522075910148 0.008125 0.024190549961270333
0 0.43676953125000006 0.18639039504260263 0.01297265625 0.012347017815646785
0 0.1900625 0.8084817970565453 0.00719140625 0.021789310611928736
0 0.082703125 0.7247327652982184 0.007550781249999999 0.021866769945778467
0 0.2712421875 0.9232223082881488 0.007421875 0.024810224632068164
0 0.0123828125 0.1799690162664601 0.01033984375 0.025917893106119288
0 0.04510546875 0.8075135553834237 0.00809765625 0.02006196746707978
0 0.41577343750000006 0.8651278079008521 0.007929687500000001 0.020139426800929512
0 0.39404296875 0.9454918667699459 0.010453125 0.016390395042602635
0 0.3591328125 0.9348412083656081 0.00801171875 0.026297443841982963
0 0.333984375 0.8341440743609606 0.01075 0.021239349341595663
0 0.47241406250000006 0.5059101471727343 0.014464843750000001 0.014918667699457785
0 0.1683359375 0.814291247095275 0.01091015625 0.018032532920216886
0 0.223390625 0.9571107668474051 0.007550781249999999 0.022664601084430674
0 0.56884765625 0.8375290472501936 0.012023437500000001 0.02163439194422928
0 0.321046875 0.07715724244771495 0.006828125 0.022664601084430674
0 0.59716796875 0.46838884585592566 0.0104921875 0.018962044926413634
0 0.15283203125 0.8564136328427576 0.006378906249999999 0.023075135553834236
0 0.30810546875 0.3577691711851278 0.00850390625 0.015127807900852053
0 0.37524609375 0.12381099922540667 0.007140625 0.017660728117738188
0 0.1484375 0.5330209140201394 0.00896484375 0.017412858249419055
0 0.5322265625 0.7189233152594887 0.0094921875 0.01868319132455461
0 0.2705078125 0.9619519752130132 0.008125 0.019155693261037957
0 0.11260937499999998 0.3989155693261038 0.013160156249999999 0.018822618125484122
0 0.23937890624999997 0.8205886909372581 0.0068515625 0.02006196746707978
0 0.08062890625 0.7600697134004648 0.00801171875 0.0220294345468629
0 0.13659765625 0.5707823392718823 0.01023046875 0.019155693261037957
0 0.46850781250000006 0.6879395817195972 0.00726953125 0.026390395042602634
0 0.3396015625 0.8743222308288149 0.0077382812499999995 0.017219209914794732
0 0.20056250000000003 0.44635941130906276 0.01063671875 0.02292021688613478
0 0.05023046875 0.26675445391169633 0.011679687499999999 0.020139426800929512
0 0.11340234375 0.7944461657629746 0.01228515625 0.01340821068938807
0 0.45458984375 0.11612703330751355 0.011476562499999999 0.020580945003872968
0 0.0936875 0.48532920216886133 0.00962890625 0.029759876065065843
0 0.64111328125 0.4976762199845081 0.01489453125 0.016746707978311386
0 0.37060546875 0.7440975987606506 0.008296874999999999 0.01656855151045701
0 0.22570703124999997 0.985189775367932 0.00721875 0.028063516653756775
0 0.2587890625 0.6308133230054221 0.007816406250000001 0.021789310611928736
0 0.4296875 0.3601859024012393 0.00696875 0.029000774593338496
0 0.30395703125 0.7358636715724245 0.0063984375 0.020650658404337722
0 0.2216796875 0.5485127807900853 0.00801171875 0.023756777691711854
0 0.117796875 0.2706274206041828 0.0077382812499999995 0.022587141750580946
0 0.09301953125 0.400852052672347 0.0110703125 0.012649109217660727
0 0.66650390625 0.5954686289697909 0.01330859375 0.016343919442292798
0 0.1286640625 0.10093725793958172 0.0092265625 0.022997676219984508
0 0.68701171875 0.5707823392718823 0.00629296875 0.026584043377226956
0 0.11999609375 0.5252749806351665 0.00899609375 0.013044151820294345
0 0.28442578125 0.02694810224632068 0.00868359375 0.021092176607281177
0 0.53662109375 0.212285050348567 0.007140625 0.027064291247095272
0 0.3046875 0.9910689388071263 0.00731640625 0.01786212238574748
0 0.05697656250000001 0.41150271107668474 0.009796875 0.024283501161890007
0 0.00575390625 0.7179550735863671 0.011347656250000001 0.024190549961270333
0 0.67919921875 0.983733539891557 0.008843750000000001 0.020580945003872968
0 0.3349609375 0.6816421378776143 0.00853515625 0.019426800929512007
0 0.33447265625 0.6390395042602633 0.0117265625 0.015886909372579396
0 0.57763671875 0.24980635166537568 0.01350390625 0.015081332300542214
0 0.06646875 0.9856700232378002 0.009394531250000001 0.028063516653756775
0 0.79931640625 0.4286909372579396 0.01380078125 0.014415182029434547
0 0.67919921875 0.6482416731216112 0.012878906249999999 0.0173431448489543
0 0.2771015625 0.27450038729666926 0.00815234375 0.012432223082881487
0 0.814453125 0.52285050348567 0.014734375 0.013315259488768398
0 0.66162109375 0.44103795507358634 0.0153984375 0.01777691711851278
0 0.87939453125 0.2972501936483346 0.01255859375 0.016986831913245546
0 0.787109375 0.9338729666924865 0.01123046875 0.017219209914794732
0 0.36645703125 0.505422153369481 0.006625000000000001 0.020348567002323778
0 0.75439453125 0.3592176607281177 0.011515625 0.01747482571649884
0 0.8017578125 0.4809759876065066 0.014734375 0.015832687838884585
0 0.36450390625 0.31467854376452364 0.011765625 0.016281951975213014
0 0.01124609375 0.9677614252517429 0.0092265625 0.031200619674670797
0 0.890625 0.7019752130131681 0.00768359375 0.030867544539116963
0 0.81196484375 0.6121533694810224 0.0062656249999999995 0.019783113865220758
0 0.833984375 0.5731990704879938 0.013703125 0.013268783888458558
0 0.5089414062500001 0.8219519752130132 0.010906250000000001 0.018861347792408986
0 0.78562890625 0.8424244771494964 0.01113671875 0.017482571649883812
0 0.8142851562500001 0.8283965917893107 0.0146171875 0.015182029434546863
0 0.79653515625 0.7076219984508133 0.013457031250000001 0.01380325329202169
0 0.75708984375 0.6358481797056545 0.0069609375 0.014725019364833464
0 0.7595273437500001 0.38509682416731217 0.0053359375 0.02852827265685515
0 0.7261171875 0.3114794732765298 0.0113671875 0.011959721146398141
0 0.8925898437500001 0.2684663051897753 0.0102109375 0.010580945003872968
0 0.7282031250000001 0.21578621223857475 0.008121093749999999 0.016560805577072037
0 0.8406171875 0.348288148721921 0.010671875 0.010123934934159567
0 0.81358984375 0.36415956622773044 0.0113671875 0.010580945003872968
0 0.96034375 0.2670797831138652 0.01438671875 0.010580945003872968
0 0.943171875 0.3653137103020914 0.00881640625 0.018404337722695587
0 0.049058593750000004 0.020960495739736636 0.01440625 0.030255615801704105
0 0.05893359375 0.09267234701781565 0.00871875 0.028195197521301316
0 0.068921875 0.1087141750580945 0.013265625 0.021332300542215337
0 0.18124609375 0.14323780015491866 0.01186328125 0.01603408210689388
0 0.186265625 0.1289697908597986 0.00889453125 0.02200619674670798
0 0.274375 0.188280402788536 0.01166796875 0.012292796281951974
0 0.2496015625 0.25910147172734316 0.00975390625 0.027358636715724246
0 0.3536640625 0.24150271107668472 0.012562499999999999 0.029349341595662277
0 0.39300390625000003 0.10274206041828039 0.01053125 0.01735089078233927
0 0.34568359375 0.1444539116963594 0.012324218750000001 0.012277304415182029
0 0.3759296875 0.023625096824167312 0.00888671875 0.028164213787761426
0 0.38837109375 0.03357862122385748 0.0141328125 0.01621998450813323
0 0.40109374999999997 0.025615801704105344 0.01145703125 0.037467079783113866
0 0.41526562499999997 0.027273431448489545 0.01525390625 0.027505809450038728
0 0.4427734375 0.09079008520526723 0.014984375 0.0226568551510457
0 0.45895703125000004 0.08813323005422154 0.0111875 0.0253137103020914
0 0.4767578125 0.0287141750580945 0.01548828125 0.01798605731990705
0 0.4866328125 0.07341595662277305 0.016492187499999998 0.018892331525948877
0 0.4991875 0.14124709527498064 0.00946484375 0.033299767621998454
0 0.50169921875 0.004546862896979086 0.0077929687499999995 0.009093725793958172
0 0.5291523437500001 0.15441518202943455 0.0144921875 0.018915569326103797
0 0.42971875 0.3044306738962045 0.011640625 0.01890007745933385
0 0.23419921875 0.3297753679318358 0.007656250000000001 0.022672347017815647
0 0.25272656250000003 0.33176607281177384 0.012878906249999999 0.02134779240898528
0 0.27381640625000003 0.5109837335398916 0.0135546875 0.01865995352439969
0 0.27219921875 0.4950426026336174 0.01344140625 0.010689388071262587
0 0.2645 0.5192796281951975 0.01009375 0.02051123160340821
0 0.25579296875 0.5909837335398915 0.012769531249999999 0.02200619674670798
0 0.23180078124999998 0.5342215336948102 0.0138828125 0.014686289697908599
0 0.1265078125 0.48010844306738965 0.0148671875 0.012672347017815647
0 0.2653359375 0.5955925639039504 0.00966015625 0.027188226181254844
0 0.33848828124999997 0.5905112316034082 0.01479296875 0.017513555383423703
0 0.34719140625 0.6064446165762974 0.0160078125 0.017521301316808676
0 0.652671875 0.7047250193648334 0.0057734375 0.030867544539116963
0 0.9498828125 0.06743609604957397 0.00877734375 0.023160340821068937
0 0.9499921875 0.04785437645236251 0.01153125 0.022641363284275757
0 0.9083125000000001 0.012889233152594888 0.01625 0.013663826491092178
0 0.8347109375 0.08237800154918667 0.0099921875 0.0253137103020914
0 0.75235546875 0.03977536793183579 0.014101562500000001 0.024190549961270333
0 0.7173671875000001 0.03325329202168861 0.0063281249999999995 0.027947327652982183
0 0.75665234375 0.09322230828814872 0.012875000000000001 0.016901626646010845
0 0.7646875 0.13538342370255615 0.0061796875 0.02953524399690163
0 0.770765625 0.13538342370255615 0.00665234375 0.020929512006196745
0 0.73561328125 0.10628195197521302 0.0060625 0.02000774593338497
0 0.73829296875 0.2154841208365608 0.0087421875 0.023338497288923316
0 0.74644140625 0.32723470178156466 0.01119921875 0.022912470952749803
0 0.7592187499999999 0.316281951975213 0.009078125 0.02756003098373354
0 0.85558203125 0.3011231603408211 0.015566406250000001 0.016707978311386523
0 0.9931679687500001 0.3615414407436096 0.013664062499999999 0.018055770720371803
0 0.99327734375 0.28209140201394267 0.01344140625 0.025553834237025563
0 0.9912304687500001 0.2518822618125484 0.0097890625 0.023555383423702555
0 0.8529609375 0.5967389620449264 0.01846875 0.02024012393493416
0 0.86484375 0.6177614252517428 0.01400390625 0.012718822618125486
0 0.895140625 0.6770720371804803 0.015 0.016281951975213014
0 0.9709726562500001 0.7046320681642138 0.018828125 0.02093725793958172
0 0.9952851562499999 0.7229976762199845 0.00942578125 0.018729666924864444
0 0.9560742187500001 0.7369403563129358 0.0149921875 0.01740511231603408
0 0.9377734375 0.7412548412083656 0.007851562500000001 0.028698683191324553
0 0.9304648437499999 0.7358326878388847 0.011453125 0.025530596436870643
0 0.81044140625 0.7153292021688613 0.008417968750000001 0.02198295894655306
0 0.87355078125 0.791680867544539 0.01278125 0.020681642137877612
0 0.8385078125 0.8426955848179706 0.00954296875 0.028884585592563905
0 0.7479453125 0.9167234701781565 0.01153125 0.028241673121611154
0 0.7373984375 0.9273431448489543 0.013203125 0.019558481797056545
0 0.665921875 0.9578853601859025 0.0121875 0.025600309837335397
0 0.762734375 0.9360883036405887 0.01343359375 0.025375677769171184
0 0.95317578125 0.9151742835011619 0.01223828125 0.015406661502711078
0 0.9632734375 0.8789852827265685 0.012796875 0.017389620449264134
0 0.9677382812499999 0.9012316034082107 0.01056640625 0.024701781564678543
0 0.98816015625 0.8660418280402788 0.010187499999999999 0.018048024786986833
0 0.94737109375 0.9764756003098374 0.0149921875 0.02029434546862897
0 0.9584179687500001 0.9709450038729667 0.012980468749999998 0.012773044151820293
0 0.9453085937499999 0.9427265685515104 0.01658984375 0.02006196746707978
0 0.74543359375 0.003663826491092177 0.014546875 0.007327652982184354
0 0.5361484375 0.47823392718822616 0.01585546875 0.01884585592563904
0 0.45769140625000004 0.9262354763749031 0.01249609375 0.016986831913245546
0 0.65146875 0.84571649883811 0.008546874999999999 0.023663826491092176
0 0.787375 0.7442292796281952 0.0077851562499999995 0.01859798605731991
0 0.790828125 0.7549883810999226 0.00645703125 0.021378776142525174
0 0.9345273437499999 0.4933384972889233 0.01248046875 0.01774593338497289
0 0.86199609375 0.4966924864446166 0.012890625 0.014391944229279627
0 0.9273398437499999 0.437141750580945 0.0116328125 0.012695584817970566
0 0.74216796875 0.7945313710302091 0.010800781249999999 0.019697908597986057
0 0.48083203125 0.6633075135553834 0.0157890625 0.017381874515879164
0 0.5871601562500001 0.8015956622773044 0.0093671875 0.028427575522850506
0 0.0234375 0.06816421378776143 0.0171875 0.021688613477924088
0 0.153515625 0.29434546862896976 0.01640625 0.018590240123934933
0 0.023828125 0.4159566227730441 0.01640625 0.026336173508907823
0 0.012890625 0.44461657629744383 0.01796875 0.024786986831913247
0 0.105859375 0.5027110766847405 0.01328125 0.041828040278853604
0 0.15 0.5089078233927188 0.0140625 0.02943454686289698
0 0.1328125 0.5886909372579395 0.0125 0.021688613477924088
0 0.060546875 0.611154144074361 0.01640625 0.02943454686289698
0 0.040625 0.6189000774593338 0.0171875 0.020139426800929512
0 0.035546875 0.632842757552285 0.01640625 0.023237800154918668
0 0.111328125 0.6607281177381874 0.01953125 0.023237800154918668
0 0.021875 0.6700232378001549 0.0140625 0.02943454686289698
0 0.09921875 0.8404337722695585 0.0125 0.032532920216886134
0 0.2109375 0.052672347017815646 0.01875 0.021688613477924088
0 0.325 0.7761425251742835 0.0140625 0.027885360185902403
0 0.34296875 0.4624322230828815 0.009375 0.017041053446940357
0 0.384765625 0.2316034082106894 0.01328125 0.020139426800929512
0 0.502734375 0.6963594113090628 0.01328125 0.026336173508907823
0 0.51953125 0.3687064291247095 0.0203125 0.024786986831913247
0 0.50546875 0.3214562354763749 0.0109375 0.032532920216886134
0 0.643359375 0.10534469403563129 0.01328125 0.021688613477924088
0 0.634765625 0.13477924089852827 0.01328125 0.030983733539891558
0 0.628515625 0.6537567776917118 0.00859375 0.024786986831913247
0 0.87109375 0.5197521301316809 0.0125 0.02943454686289698
0 0.956640625 0.9016266460108443 0.01484375 0.021688613477924088
0 0.575390625 0.6831913245546088 0.00703125 0.021688613477924088