0 0.60775 0.6355555555555555 0.01275 0.021333333333333333
0 0.57725 0.8511111111111112 0.00525 0.024
0 0.85475 0.48133333333333334 0.00625 0.018222222222222223
0 0.84975 0.4666666666666667 0.00775 0.015555555555555555
0 0.5725 0.8382222222222222 0.01175 0.013777777777777778
0 0.582 0.8013333333333333 0.01 0.013333333333333334
0 0.617 0.7982222222222223 0.008 0.021777777777777778
0 0.1965 0.39111111111111113 0.00825 0.024444444444444446
0 0.2205 0.37733333333333335 0.007 0.021333333333333333
0 0.2185 0.36044444444444446 0.00625 0.02266666666666667
0 0.1865 0.38666666666666666 0.01 0.012888888888888889
0 0.22175 0.4222222222222222 0.00825 0.017333333333333333
0 0.2735 0.49955555555555553 0.007 0.018222222222222223
0 0.30075 0.49644444444444447 0.01075 0.013777777777777778
0 0.301 0.4751111111111111 0.009 0.009333333333333334
0 0.3945 0.4288888888888889 0.0135 0.012888888888888889
0 0.436 0.37244444444444447 0.01 0.020444444444444446
0 0.442 0.45422222222222225 0.0085 0.021777777777777778
0 0.414 0.608 0.012 0.014666666666666666
0 0.40925 0.6035555555555555 0.006 0.024
0 0.4375 0.5977777777777777 0.00575 0.02266666666666667
0 0.46 0.6 0.00775 0.023555555555555555
0 0.17225 0.5191111111111111 0.01 0.012
0 0.3365 0.5 0.0095 0.017333333333333333
0 0.33425 0.47155555555555556 0.009 0.013777777777777778
0 0.27 0.6408888888888888 0.00675 0.02311111111111111
0 0.5 0.5484444444444444 0.00775 0.02
0 0.5155 0.624 0.01125 0.017333333333333333
0 0.4805 0.6302222222222222 0.011 0.012
0 0.3895 0.5928888888888889 0.0075 0.024888888888888887
0 0.32625 0.7466666666666667 0.0105 0.016
0 0.35275 0.7515555555555555 0.00575 0.02666666666666667
0 0.26275 0.7768888888888889 0.0115 0.010666666666666666
0 0.26525 0.7871111111111111 0.00475 0.01911111111111111
0 0.36475 0.9035555555555556 0.01175 0.020444444444444446
0 0.37825 0.8777777777777778 0.009 0.021777777777777778
0 0.3925 0.8813333333333333 0.00875 0.015555555555555555
0 0.4055 0.8808888888888889 0.0095 0.028
0 0.40925 0.8497777777777777 0.012 0.016888888888888887
0 0.35425 0.9013333333333333 0.00875 0.017777777777777778
0 0.28975 0.9746666666666667 0.0085 0.023555555555555555
0 0.4095 0.7551111111111111 0.008 0.020888888888888887
0 0.39175 0.956 0.00825 0.02266666666666667
0 0.41825 0.9742222222222222 0.0105 0.015555555555555555
0 0.573 0.9688888888888889 0.0055 0.024888888888888887
0 0.6025 0.948 0.0105 0.015555555555555555
0 0.66 0.8666666666666667 0.01 0.017333333333333333
0 0.555 0.7653333333333333 0.01 0.011555555555555555
0 0.59125 0.5822222222222222 0.01025 0.020444444444444446
0 0.44475 0.9511111111111111 0.006 0.020888888888888887
0 0.445 0.9973333333333333 0.007 0.005333333333333333
0 0.67675 0.5671111111111111 0.01025 0.016444444444444446
0 0.6835 0.6608888888888889 0.00975 0.019555555555555555
0 0.50175 0.7191111111111111 0.0055 0.023555555555555555
0 0.61 0.49422222222222223 0.0075 0.01911111111111111
0 0.186 0.8466666666666667 0.01375 0.010666666666666666
0 0.18225 0.8053333333333333 0.005 0.016
0 0.18625 0.8142222222222222 0.0035 0.013777777777777778
0 0.18875 0.8022222222222222 0.00575 0.022222222222222223
0 0.41175 0.1351111111111111 0.00575 0.025777777777777778
0 0.474 0.27955555555555556 0.01475 0.009777777777777778
0 0.4745 0.27066666666666667 0.01025 0.012888888888888889
0 0.4855 0.2697777777777778 0.0055 0.027555555555555555
0 0.85175 0.4742222222222222 0.01225 0.03244444444444444
0 0.46475 0.6471111111111111 0.0095 0.022222222222222223
0 0.761 0.6137777777777778 0.0095 0.021333333333333333
0 0.77775 0.9733333333333334 0.00825 0.025333333333333333
0 0.73575 0.8604444444444445 0.009 0.015111111111111112
0 0.69575 0.66 0.012 0.012888888888888889
0 0.54575 0.8973333333333333 0.0095 0.024444444444444446
0 0.70675 0.5826666666666667 0.00725 0.016888888888888887
0 0.62175 0.8586666666666667 0.00625 0.02311111111111111
0 0.57575 0.19466666666666665 0.0075 0.027555555555555555
0 0.6055 0.1448888888888889 0.01275 0.020444444444444446
0 0.72975 0.8035555555555556 0.00625 0.024
0 0.753 0.7742222222222223 0.00925 0.025777777777777778
0 0.93475 0.6608888888888889 0.0115 0.012
0 0.25475 0.5342222222222223 0.01225 0.013777777777777778
0 0.5295 0.49733333333333335 0.01125 0.015111111111111112
0 0.86225 0.6097777777777778 0.0105 0.021777777777777778
0 0.80975 0.5622222222222222 0.0075 0.028444444444444446
0 0.56425 0.22577777777777777 0.007 0.023555555555555555
0 0.56775 0.19466666666666665 0.0085 0.022222222222222223
0 0.598 0.19777777777777777 0.01075 0.020444444444444446
0 0.23925 0.6186666666666667 0.00875 0.014666666666666666
0 0.74225 0.9555555555555556 0.00575 0.02666666666666667
0 0.85375 0.20577777777777778 0.00925 0.022222222222222223
0 0.946 0.7808888888888889 0.00625 0.02
0 0.7665 0.4782222222222222 0.00725 0.033777777777777775
0 0.58125 0.9955555555555555 0.006 0.008888888888888889
0 0.59975 0.9911111111111112 0.008 0.017777777777777778
0 0.711 0.4791111111111111 0.014 0.013777777777777778
0 0.1075 0.6173333333333333 0.008 0.018666666666666668
0 0.77475 0.15288888888888888 0.01 0.014222222222222223
0 0.27675 0.8924444444444445 0.00425 0.02
0 0.29225 0.8653333333333333 0.007 0.026222222222222223
0 0.88975 0.54 0.01225 0.019555555555555555
0 0.7875 0.04933333333333333 0.01225 0.015555555555555555
0 0.75575 0.22711111111111112 0.0055 0.017777777777777778
0 0.74 0.21688888888888888 0.006 0.021777777777777778
0 0.76 0.20044444444444445 0.01175 0.02266666666666667
0 0.197 0.9102222222222223 0.00925 0.022222222222222223
0 0.09825 0.9275555555555556 0.00975 0.025333333333333333
0 0.89925 0.5004444444444445 0.00625 0.028
0 0.948 0.04622222222222222 0.0095 0.020888888888888887
0 0.92575 0.5826666666666667 0.014 0.012444444444444444
0 0.9065 0.9613333333333334 0.00625 0.02711111111111111
0 0.28675 0.31333333333333335 0.0055 0.018222222222222223
0 0.3005 0.3151111111111111 0.006 0.02666666666666667
0 0.1305 0.2911111111111111 0.00725 0.026222222222222223
0 0.23175 0.11733333333333333 0.00825 0.024888888888888887
0 0.2335 0.06088888888888889 0.01275 0.016
0 0.38925 0.108 0.01125 0.015555555555555555
0 0.11075 0.816 0.00675 0.024444444444444446
0 0.12775 0.8191111111111111 0.005 0.016444444444444446
0 0.1555 0.8333333333333334 0.005 0.021777777777777778
0 0.146 0.8182222222222222 0.008 0.010222222222222223
0 0.16025 0.8386666666666667 0.00375 0.016444444444444446
0 0.00225 0.012888888888888889 0.0045 0.016
0 0.00725 0.004888888888888889 0.008 0.009777777777777778
0 0.0385 0.017333333333333333 0.00725 0.02266666666666667
0 0.13025 0.2137777777777778 0.00475 0.024444444444444446
0 0.1645 0.11244444444444444 0.00525 0.02311111111111111
0 0.18375 0.1942222222222222 0.01 0.013333333333333334
0 0.1665 0.25866666666666666 0.00475 0.018666666666666668
0 0.282 0.057777777777777775 0.01275 0.012444444444444444
0 0.2415 0.033777777777777775 0.006 0.02311111111111111
0 0.18925 0.276 0.0055 0.025333333333333333
0 0.19225 0.24177777777777779 0.008 0.013777777777777778
0 0.2875 0.104 0.00925 0.014666666666666666
0 0.04325 0.26622222222222225 0.0045 0.016
0 0.02725 0.396 0.01325 0.018222222222222223
0 0.045 0.3671111111111111 0.0055 0.023555555555555555
0 0.049 0.6555555555555556 0.012 0.013333333333333334
0 0.029 0.9951111111111111 0.00775 0.009777777777777778
0 0.2155 0.9786666666666667 0.00675 0.020444444444444446
0 0.22175 0.9782222222222222 0.007 0.018222222222222223
0 0.18325 0.5142222222222222 0.0075 0.011111111111111112
0 0.21325 0.2688888888888889 0.00875 0.018666666666666668
0 0.33375 0.18133333333333335 0.00475 0.015555555555555555
0 0.33575 0.15333333333333332 0.0055 0.01911111111111111
0 0.3305 0.22711111111111112 0.0065 0.02311111111111111
0 0.413 0.092 0.00925 0.012888888888888889
0 0.41675 0.21022222222222223 0.007 0.01911111111111111
0 0.393 0.2817777777777778 0.01525 0.012444444444444444
0 0.44025 0.264 0.006 0.02266666666666667
0 0.475 0.11555555555555555 0.00675 0.01911111111111111
0 0.52175 0.2786666666666667 0.01425 0.011555555555555555
0 0.53325 0.2751111111111111 0.01025 0.009333333333333334
0 0.53825 0.2817777777777778 0.01025 0.011555555555555555
0 0.5475 0.27644444444444444 0.0055 0.019555555555555555
0 0.57525 0.057777777777777775 0.00725 0.021777777777777778
0 0.6785 0.15022222222222223 0.0115 0.010666666666666666
0 0.616 0.196 0.00825 0.019555555555555555
0 0.6275 0.19155555555555556 0.0075 0.017333333333333333
0 0.6365 0.2528888888888889 0.00625 0.023555555555555555
0 0.5675 0.3288888888888889 0.0095 0.013777777777777778
0 0.54775 0.09466666666666666 0.0065 0.012888888888888889
0 0.5835 0.0071111111111111115 0.006 0.014222222222222223
0 0.67725 0.03244444444444444 0.007 0.01911111111111111
0 0.558 0.25022222222222223 0.01025 0.011555555555555555
0 0.694 0.35155555555555557 0.00625 0.024
0 0.68175 0.4448888888888889 0.00775 0.02266666666666667
0 0.68775 0.4066666666666667 0.01025 0.009777777777777778
0 0.48625 0.39155555555555555 0.0055 0.019555555555555555
0 0.473 0.4275555555555556 0.0055 0.018222222222222223
0 0.67375 0.4902222222222222 0.0095 0.013333333333333334
0 0.6235 0.3635555555555556 0.01325 0.013777777777777778
0 0.55725 0.38533333333333336 0.0065 0.019555555555555555
0 0.59925 0.5773333333333334 0.00575 0.010666666666666666
0 0.5365 0.7164444444444444 0.01275 0.009777777777777778
0 0.537 0.7084444444444444 0.0115 0.012888888888888889
0 0.5505 0.8066666666666666 0.00725 0.01911111111111111
0 0.50625 0.7355555555555555 0.00725 0.018666666666666668
0 0.667 0.8088888888888889 0.00425 0.018666666666666668
0 0.64675 0.924 0.00725 0.011555555555555555
0 0.48225 0.9937777777777778 0.01075 0.011111111111111112
0 0.32525 0.8973333333333333 0.00875 0.012888888888888889
0 0.379 0.7524444444444445 0.0095 0.016
0 0.27125 0.9008888888888889 0.01125 0.015111111111111112
0 0.189 0.7635555555555555 0.0115 0.011555555555555555
0 0.15325 0.7537777777777778 0.00925 0.009777777777777778
0 0.17975 0.9662222222222222 0.00525 0.017333333333333333
0 0.16475 0.8328888888888889 0.00525 0.010666666666666666
0 0.353 0.6577777777777778 0.00625 0.016444444444444446
0 0.227 0.22355555555555556 0.01075 0.013333333333333334
0 0.42325 0.3293333333333333 0.0085 0.018666666666666668
0 0.7285 0.2644444444444444 0.00825 0.024444444444444446
0 0.57125 0.10933333333333334 0.0085 0.020888888888888887
0 0.5395 0.06888888888888889 0.00725 0.019555555555555555
0 0.50175 0.08222222222222222 0.00775 0.012444444444444444
0 0.62175 0.014666666666666666 0.011 0.011555555555555555
0 0.9005 0.23155555555555554 0.00925 0.014666666666666666
0 0.9215 0.20533333333333334 0.00875 0.015555555555555555
0 0.926 0.18133333333333335 0.0065 0.019555555555555555
0 0.928 0.15733333333333333 0.009 0.016888888888888887
0 0.94025 0.026222222222222223 0.0125 0.012
0 0.883 0.2137777777777778 0.00725 0.019555555555555555
0 0.8615 0.28755555555555556 0.00825 0.014222222222222223
0 0.872 0.25555555555555554 0.01125 0.012444444444444444
0 0.89675 0.27111111111111114 0.00775 0.013777777777777778
0 0.95975 0.37333333333333335 0.0115 0.014222222222222223
0 0.9445 0.4266666666666667 0.0075 0.014222222222222223
0 0.935 0.47644444444444445 0.00975 0.015111111111111112
0 0.9225 0.5346666666666666 0.00775 0.013333333333333334
0 0.94725 0.5004444444444445 0.00925 0.021333333333333333
0 0.70725 0.21155555555555555 0.01375 0.013777777777777778
0 0.83725 0.29688888888888887 0.00725 0.013333333333333334
0 0.84175 0.3031111111111111 0.00725 0.011111111111111112
0 0.845 0.30844444444444447 0.007 0.013333333333333334
0 0.851 0.308 0.00525 0.02311111111111111
0 0.8375 0.2813333333333333 0.00825 0.010222222222222223
0 0.79225 0.36933333333333335 0.006 0.014666666666666666
0 0.7975 0.34844444444444445 0.0065 0.03111111111111111
0 0.8095 0.3582222222222222 0.00675 0.019555555555555555
0 0.77325 0.36 0.01 0.020444444444444446
0 0.7925 0.3337777777777778 0.00775 0.013777777777777778
0 0.84625 0.03777777777777778 0.00925 0.022222222222222223
0 0.84325 0.015111111111111112 0.008 0.017777777777777778
0 0.71825 0.016 0.0105 0.009777777777777778
0 0.728 0.019555555555555555 0.00625 0.025333333333333333
0 0.78175 0.30977777777777776 0.0055 0.01911111111111111
0 0.75925 0.3 0.00625 0.02
0 0.86025 0.42488888888888887 0.0055 0.018666666666666668
0 0.8105 0.6506666666666666 0.013 0.017333333333333333
0 0.7465 0.7266666666666667 0.013 0.013333333333333334
0 0.7415 0.708 0.0055 0.024444444444444446
0 0.75825 0.712 0.00875 0.012888888888888889
0 0.96325 0.5448888888888889 0.0095 0.014666666666666666
0 0.958 0.48088888888888887 0.00575 0.02
0 0.96325 0.5115555555555555 0.0085 0.019555555555555555
0 0.82475 0.7262222222222222 0.011 0.013777777777777778
0 0.94575 0.7315555555555555 0.006 0.025777777777777778
0 0.98375 0.7977777777777778 0.00775 0.014666666666666666
0 0.99925 0.7417777777777778 0.0015 0.022222222222222223
0 0.90925 0.176 0.0105 0.009777777777777778
0 0.93625 0.5951111111111111 0.00525 0.018222222222222223
0 0.87425 0.7128888888888889 0.012 0.013333333333333334
0 0.917 0.8102222222222222 0.0075 0.016
0 0.9275 0.8191111111111111 0.0075 0.02266666666666667
0 0.9175 0.9484444444444444 0.0055 0.018222222222222223
0 0.93175 0.9373333333333334 0.01 0.017333333333333333
0 0.87475 0.09288888888888888 0.00675 0.018666666666666668
0 0.7675 0.2351111111111111 0.006 0.018666666666666668
0 0.76975 0.8035555555555556 0.0055 0.017333333333333333