0 0.35641923076923077 0.17910396716826266 0.014323076923076924 0.01971956224350205
0 0.3843692307692308 0.19183994528043777 0.012934615384615386 0.023823529411764705
0 0.3610346153846154 0.29040355677154583 0.010876923076923077 0.014651162790697676
0 0.3689423076923077 0.27545827633378933 0.008238461538461538 0.01875512995896033
0 0.37859230769230773 0.2596169630642955 0.010626923076923077 0.023002735978112178
0 0.40053846153846157 0.2292202462380301 0.013857692307692309 0.01642954856361149
0 0.3846 0.33848837209302324 0.011550000000000001 0.01807797537619699
0 0.38294999999999996 0.30915868673050617 0.00725 0.021682626538987688
0 0.38888076923076925 0.3161901504787962 0.011203846153846153 0.013481532147742819
0 0.39545384615384616 0.30727086183310537 0.00923846153846154 0.024644322845417236
0 0.41208461538461544 0.29207250341997265 0.015707692307692308 0.01889876880984952
0 0.42571538461538455 0.3179480164158687 0.0097 0.01971956224350205
0 0.3573423076923077 0.3356155950752394 0.012473076923076924 0.02875512995896033
0 0.31968846153846153 0.313844049247606 0.011088461538461538 0.03121751025991792
0 0.33886153846153844 0.29207250341997265 0.008776923076923076 0.02875512995896033
0 0.24693461538461536 0.03182626538987688 0.01331923076923077 0.015294117647058823
0 0.2542846153846154 0.04440492476060191 0.011930769230769231 0.022694938440492477
0 0.27939615384615385 0.05279753761969904 0.009434615384615385 0.024671682626538988
0 0.29909615384615384 0.028864569083447335 0.00555 0.028125854993160053
0 0.29257307692307694 0.011347469220246239 0.006934615384615385 0.014801641586867306
0 0.3111 0.008522571819425446 0.005288461538461539 0.017051983584131326
0 0.33003076923076924 0.005677154582763339 0.007492307692307692 0.011347469220246239
0 0.3466769230769231 0.014801641586867306 0.010265384615384615 0.020725034199726402
0 0.35541923076923077 0.02170998632010944 0.01331923076923077 0.01874829001367989
0 0.3509769230769231 0.07203830369357045 0.00555 0.023686730506155954
0 0.3631846153846154 0.056251709986320106 0.008323076923076923 0.02170998632010944
0 0.3656846153846154 0.03651162790697675 0.012207692307692307 0.01085499316005472
0 0.37012307692307694 0.04021203830369357 0.009988461538461538 0.018255813953488374
0 0.3325269230769231 0.07154582763337893 0.00971153846153846 0.031580027359781125
0 0.2977076923076923 0.07277701778385773 0.0111 0.02417920656634747
0 0.19988076923076925 0.12734610123119017 0.014823076923076923 0.019466484268125854
0 0.2236 0.10787961696306429 0.009349999999999999 0.025143638850889192
0 0.23192307692307693 0.10138850889192885 0.010946153846153847 0.025143638850889192
0 0.23990384615384616 0.12531463748290014 0.012315384615384617 0.025143638850889192
0 0.26179615384615385 0.11051299589603282 0.01276923076923077 0.01338577291381669
0 0.2584923076923077 0.13991792065663475 0.013 0.013789329685362518
0 0.22268846153846153 0.17601231190150476 0.01528076923076923 0.021087551299589603
0 0.1948653846153846 0.17662106703146377 0.011173076923076923 0.028796169630642954
0 0.1800423076923077 0.164452804377565 0.008892307692307692 0.023119015047879617
0 0.16898076923076924 0.19324897400820792 0.015050000000000001 0.010950752393980849
0 0.1790153846153846 0.2370451436388509 0.009123076923076923 0.024740082079343365
0 0.19269999999999998 0.27780437756497944 0.010488461538461539 0.021087551299589603
0 0.21014615384615384 0.29990424076607386 0.01528076923076923 0.030417236662106703
0 0.29633846153846155 0.10047195622435019 0.012184615384615384 0.014870041039671681
0 0.2744807692307692 0.13573187414500684 0.0086 0.028461012311901505
0 0.25811538461538464 0.16419972640218877 0.012661538461538462 0.016566347469220245
0 0.3101923076923077 0.125109439124487 0.006926923076923078 0.021668946648426814
0 0.3193923076923077 0.11470588235294117 0.010034615384615385 0.02124487004103967
0 0.2982961538461539 0.1684952120383037 0.012415384615384616 0.013632010943912448
0 0.29610000000000003 0.14911764705882352 0.007403846153846154 0.023789329685362518
0 0.2947846153846154 0.14210670314637483 0.010988461538461539 0.020813953488372092
0 0.30195 0.14720246238030096 0.006688461538461539 0.023365253077975375
0 0.3076846153846154 0.1493296853625171 0.007646153846153846 0.020813953488372092
0 0.3133 0.14975376196990423 0.008838461538461538 0.019117647058823527
0 0.3147307692307692 0.1382831737346101 0.010273076923076923 0.0123187414500684
0 0.3196307692307692 0.14571819425444596 0.007646153846153846 0.020389876880984953
0 0.3558192307692308 0.16525991792065664 0.010273076923076923 0.016142270861833105
0 0.3625076923076923 0.13148426812585498 0.011226923076923077 0.021668946648426814
0 0.3770807692307692 0.07519835841313269 0.004538461538461539 0.023789329685362518
0 0.38269615384615385 0.08093023255813953 0.010511538461538461 0.0123187414500684
0 0.11957307692307692 0.24835841313269497 0.008396153846153845 0.0240218878248974
0 0.14786923076923075 0.25582763337893294 0.00803076923076923 0.024671682626538988
0 0.11701923076923076 0.3317920656634747 0.012776923076923076 0.018180574555403554
0 0.13271923076923076 0.33017099863201094 0.006207692307692308 0.018830369357045143
0 0.14202692307692308 0.33147058823529413 0.013142307692307693 0.01103967168262654
0 0.1387423076923077 0.3204309165526676 0.014603846153846153 0.012339261285909712
0 0.13983846153846152 0.3142612859097127 0.013873076923076924 0.012989056087551298
0 0.14312307692307694 0.2912106703146375 0.007303846153846153 0.016231190150478796
0 0.1792692307692308 0.3399110807113543 0.00803076923076923 0.02142954856361149
0 0.18 0.3275718194254446 0.010953846153846154 0.013632010943912448
0 0.14363846153846152 0.3699658002735978 0.009065384615384616 0.02390560875512996
0 0.14677307692307692 0.34316005471956224 0.009492307692307692 0.014931600547195622
0 0.19223076923076923 0.34932968536251713 0.007665384615384616 0.020779753761969902
0 0.19168076923076924 0.33764021887824897 0.009492307692307692 0.014281805745554035
0 0.22417692307692308 0.25809849521203826 0.010223076923076923 0.012339261285909712
0 0.23221153846153847 0.2694596443228454 0.00803076923076923 0.024671682626538988
0 0.24389230769230769 0.25517783857729137 0.011684615384615384 0.01948016415868673
0 0.24882307692307695 0.21556771545827635 0.007665384615384616 0.018180574555403554
0 0.2623307692307692 0.2006361149110807 0.006207692307692308 0.012989056087551298
0 0.26871923076923077 0.21232558139534885 0.006573076923076923 0.020779753761969902
0 0.2705461538461538 0.20160738714090287 0.009492307692307692 0.018830369357045143
0 0.27511153846153846 0.20745554035567718 0.005476923076923077 0.01753077975376197
0 0.27949230769230765 0.21167578659370728 0.006938461538461538 0.02207934336525308
0 0.2897153846153846 0.24121751025991794 0.009857692307692307 0.02662106703146375
0 0.2601423076923077 0.24640902872777018 0.01058846153846154 0.02142954856361149
0 0.2667115384615385 0.2821203830369357 0.01423846153846154 0.013632010943912448
0 0.2647038461538462 0.2730300957592339 0.008761538461538461 0.01103967168262654
0 0.2774846153846154 0.2853693570451436 0.009492307692307692 0.018830369357045143
0 0.28460384615384615 0.28699042407660735 0.009857692307692307 0.018180574555403554
0 0.29957307692307694 0.21297537619699042 0.01058846153846154 0.012989056087551298
0 0.3065076923076923 0.21621751025991792 0.007665384615384616 0.018180574555403554
0 0.21850384615384616 0.3580095759233926 0.010626923076923077 0.020013679890560878
0 0.22960384615384616 0.3499521203830369 0.007815384615384615 0.02390560875512996
0 0.23351153846153846 0.33132694938440493 0.013753846153846153 0.016675786593707248
0 0.24304615384615383 0.3099247606019152 0.0071884615384615385 0.025013679890560876
0 0.20709615384615387 0.4188850889192886 0.008438461538461539 0.025013679890560876
0 0.21162692307692307 0.3980369357045143 0.0068769230769230765 0.024459644322845416
0 0.22428846153846152 0.3766347469220246 0.013442307692307693 0.017236662106703146
0 0.21694230769230768 0.4149931600547196 0.010626923076923077 0.021682626538987688
0 0.18912307692307692 0.4161080711354309 0.0068769230769230765 0.025013679890560876
0 0.17536538461538462 0.39748290013679893 0.011253846153846154 0.017790697674418605
0 0.1867769230769231 0.3888645690834473 0.010315384615384615 0.021682626538987688
0 0.15895384615384614 0.36690834473324213 0.014692307692307694 0.015567715458276335
0 0.1312923076923077 0.36329001367989056 0.011876923076923077 0.017236662106703146
0 0.1358230769230769 0.4161080711354309 0.013442307692307693 0.017236662106703146
0 0.12113076923076924 0.425 0.009692307692307693 0.026128590971272233
0 0.13566538461538463 0.4016484268125855 0.006253846153846154 0.021682626538987688
0 0.14348076923076925 0.40776333789329683 0.008126923076923077 0.021682626538987688
0 0.15395384615384614 0.4041518467852257 0.011565384615384616 0.02112175102599179
0 0.1706769230769231 0.43751025991792064 0.012503846153846154 0.022236662106703144
0 0.2549230769230769 0.41721614227086185 0.009692307692307693 0.012783857729138167
0 0.26695769230769234 0.39220246238030093 0.008126923076923077 0.025013679890560876
0 0.27493076923076926 0.33383036935704513 0.005938461538461538 0.022790697674418606
0 0.2796192307692308 0.32993844049247606 0.007815384615384615 0.017236662106703146
0 0.2869653846153846 0.35078659370725035 0.010003846153846155 0.015567715458276335
0 0.28586923076923076 0.3291039671682626 0.009065384615384616 0.017790697674418605
0 0.2988423076923077 0.3427222982216142 0.008753846153846154 0.029466484268125853
0 0.3233807692307692 0.25210670314637484 0.011565384615384616 0.017236662106703146
0 0.3346692307692308 0.2599316005471956 0.008238461538461538 0.02051299589603283
0 0.34224615384615387 0.26872093023255816 0.010215384615384616 0.016997264021887826
0 0.35839615384615386 0.27428864569083444 0.008238461538461538 0.01875512995896033
0 0.3771807692307692 0.3047674418604651 0.004284615384615385 0.012893296853625173
0 0.4177153846153846 0.27047879616963066 0.011534615384615384 0.012305061559507523
0 0.4269461538461538 0.27194254445964433 0.0089 0.022270861833105338
0 0.4281 0.24674418604651163 0.012523076923076923 0.024616963064295488
0 0.4412807692307692 0.27721614227086183 0.012523076923076923 0.02110123119015048
0 0.4340307692307692 0.3361217510259918 0.009226923076923077 0.021682626538987688
0 0.43172307692307693 0.3205882352941176 0.011203846153846153 0.016409028727770177
0 0.4432576923076923 0.29743502051983584 0.007907692307692307 0.02051299589603283
0 0.4503423076923077 0.306812585499316 0.012192307692307692 0.01816689466484268
0 0.4648461538461538 0.3117989056087552 0.009557692307692309 0.02110123119015048
0 0.46138461538461534 0.2813201094391245 0.009226923076923077 0.022270861833105338
0 0.4488615384615384 0.22417920656634746 0.005930769230769231 0.02637482900136799
0 0.4473769230769231 0.20102599179206565 0.0089 0.025786593707250345
0 0.44556538461538464 0.18608071135430918 0.005930769230769231 0.01816689466484268
0 0.4514961538461539 0.17025991792065662 0.0065923076923076925 0.02637482900136799
0 0.46155 0.16850205198358412 0.01416923076923077 0.019343365253077976
0 0.4249692307692308 0.16967168262653898 0.01416923076923077 0.01816689466484268
0 0.41063076923076924 0.13772913816689467 0.010546153846153847 0.030478796169630645
0 0.4198576923076924 0.1515047879616963 0.013180769230769232 0.012305061559507523
0 0.4037115384615385 0.12307797537619698 0.01713846153846154 0.02110123119015048
0 0.4315576923076923 0.09729138166894666 0.014830769230769232 0.016409028727770177
0 0.44688461538461544 0.07355677154582764 0.010546153846153847 0.019343365253077976
0 0.4620423076923077 0.07970588235294118 0.013180769230769232 0.019924760601915184
0 0.4495192307692308 0.12571819425444597 0.013180769230769232 0.01816689466484268
0 0.48099230769230766 0.09377564979480164 0.014830769230769232 0.016409028727770177
0 0.49532692307692305 0.09435704514363884 0.011203846153846153 0.022270861833105338
0 0.47714999999999996 0.12260601915184678 0.00658076923076923 0.017414500683994527
0 0.4783538461538462 0.1170451436388509 0.008988461538461539 0.015417236662106702
0 0.4798 0.11004787961696305 0.010915384615384615 0.011135430916552669
0 0.5039576923076923 0.07193570451436389 0.007223076923076923 0.01770177838577291
0 0.49392307692307696 0.05466484268125855 0.009953846153846153 0.01683994528043776
0 0.4810038461538461 0.052380300957592336 0.00658076923076923 0.017414500683994527
0 0.48084230769230774 0.02055403556771546 0.015569230769230767 0.014274965800273598
0 0.4960115384615385 0.02883036935704514 0.008026923076923077 0.02454856361149111
0 0.4515461538461538 0.010991792065663475 0.014769230769230769 0.012277701778385773
0 0.5062038461538462 0.03782489740082079 0.008826923076923076 0.024835841313269495
0 0.5208115384615384 0.038679890560875514 0.008188461538461539 0.025403556771545828
0 0.5273923076923077 0.022264021887824895 0.005619230769230769 0.019979480164158687
0 0.5213730769230769 0.010136798905608755 0.011234615384615385 0.01627222982216142
0 0.5426423076923077 0.02369357045143639 0.01268076923076923 0.01770177838577291
0 0.5569307692307692 0.03439808481532148 0.01203846153846154 0.013419972640218878
0 0.5680038461538461 0.03211354309165527 0.010434615384615384 0.01683994528043776
0 0.5607807692307692 0.049528043775649795 0.007865384615384614 0.021409028727770178
0 0.5458538461538461 0.07065663474692202 0.012361538461538462 0.012845417236662108
0 0.5216961538461539 0.113187414500684 0.011876923076923077 0.01683994528043776
0 0.49143846153846155 0.13088919288645692 0.010434615384615384 0.019124487004103966
0 0.5094961538461539 0.14159370725034198 0.012519230769230769 0.011990424076607388
0 0.4922384615384615 0.16443228454172368 0.00915 0.021696306429548562
0 0.4817269230769231 0.16685362517099864 0.010273076923076923 0.018556771545827633
0 0.5005076923076923 0.17870041039671683 0.008346153846153845 0.023980848153214777
0 0.5083730769230769 0.1931190150478796 0.011876923076923077 0.01798221614227086
0 0.5254692307692308 0.17285225718194255 0.007865384615384614 0.02198358413132695
0 0.5331730769230769 0.16956908344733243 0.00915 0.02055403556771546
0 0.5233807692307693 0.14587551299589605 0.010753846153846154 0.02055403556771546
0 0.524826923076923 0.134452804377565 0.013965384615384616 0.011415868673050616
0 0.5302038461538462 0.14030779753761968 0.006742307692307692 0.02198358413132695
0 0.5386307692307692 0.15144322845417235 0.010434615384615384 0.013987688098495212
0 0.5379884615384616 0.14544459644322844 0.01203846153846154 0.017414500683994527
0 0.545773076923077 0.15558139534883722 0.010273076923076923 0.01826949384404925
0 0.553076923076923 0.13274281805745552 0.010434615384615384 0.015984952120383037
0 0.5592576923076923 0.13160054719562245 0.006742307692307692 0.01826949384404925
0 0.5688076923076923 0.1367373461012312 0.0075461538461538465 0.019979480164158687
0 0.5495461538461538 0.09705882352941177 0.010111538461538462 0.011990424076607388
0 0.5570884615384616 0.1000547195622435 0.011396153846153846 0.012845417236662108
0 0.5642346153846154 0.1037688098495212 0.008346153846153845 0.012845417236662108
0 0.5828538461538462 0.11447332421340631 0.010915384615384615 0.015984952120383037
0 0.5912 0.10676470588235294 0.010915384615384615 0.009705882352941175
0 0.6001115384615384 0.16714090287277703 0.008188461538461539 0.024835841313269495
0 0.6013923076923077 0.15272913816689465 0.01268076923076923 0.010848153214774281
0 0.5997884615384615 0.14116279069767443 0.010111538461538462 0.01683994528043776
0 0.5964192307692308 0.18441176470588236 0.00915 0.023980848153214777
0 0.5793230769230769 0.17827633378932967 0.011876923076923077 0.020266757865937072
0 0.5688884615384615 0.20054035567715459 0.0060999999999999995 0.01969904240766074
0 0.5846192307692307 0.20311217510259919 0.011876923076923077 0.01683994528043776
0 0.5967384615384616 0.2103967168262654 0.00946923076923077 0.018857729138166895
0 0.5752307692307692 0.21754445964432284 0.010434615384615384 0.013132694938440492
0 0.5492230769230769 0.21897400820793433 0.00658076923076923 0.017127222982216143
0 0.5534 0.20798221614227086 0.01268076923076923 0.011135430916552669
0 0.5621461538461539 0.22281121751025992 0.008346153846153845 0.017414500683994527
0 0.5549230769230769 0.23508207934336525 0.01316153846153846 0.009418604651162791
0 0.56985 0.2449316005471956 0.011876923076923077 0.013700410396716827
0 0.5684884615384616 0.26419972640218875 0.017176923076923076 0.013419972640218878
0 0.5631115384615384 0.2836114911080711 0.012519230769230769 0.01683994528043776
0 0.5538000000000001 0.2783310533515732 0.0060999999999999995 0.01655950752393981
0 0.5455307692307693 0.27233926128590974 0.007223076923076923 0.023406292749658
0 0.5367846153846154 0.23051983584131325 0.00641923076923077 0.020266757865937072
0 0.5216153846153846 0.24692886456908344 0.011076923076923078 0.013700410396716827
0 0.5158346153846154 0.2280916552667579 0.010111538461538462 0.01884404924760602
0 0.5330923076923076 0.21552667578659374 0.006742307692307692 0.01255813953488372
0 0.4921576923076923 0.23651162790697672 0.00866923076923077 0.010560875512995895
0 0.49007307692307694 0.22680574555403554 0.008988461538461539 0.008850889192886456
0 0.4929615384615385 0.21766757865937073 0.00866923076923077 0.012277701778385773
0 0.5061230769230769 0.23493844049247609 0.00866923076923077 0.011990424076607388
0 0.49609230769230767 0.2449316005471956 0.00915 0.01655950752393981
0 0.5127076923076923 0.2727633378932968 0.00641923076923077 0.021409028727770178
0 0.5047615384615385 0.271484268125855 0.011396153846153846 0.01255813953488372
0 0.49930384615384615 0.2793296853625171 0.007865384615384614 0.013419972640218878
0 0.4910346153846154 0.2913201094391245 0.00866923076923077 0.018556771545827633
0 0.4919192307692308 0.27604651162790694 0.011076923076923078 0.013700410396716827
0 0.47714999999999996 0.28061559507523937 0.0075461538461538465 0.01826949384404925
0 0.4853384615384616 0.29931600547195625 0.010753846153846154 0.017414500683994527
0 0.48573846153846156 0.3309986320109439 0.007703846153846154 0.01969904240766074
0 0.5098153846153846 0.33599863201094393 0.011557692307692309 0.014842681258549931
0 0.5430461538461538 0.30844733242134065 0.014446153846153846 0.012845417236662108
0 0.5437653846153846 0.2954582763337893 0.01268076923076923 0.011415868673050616
0 0.5390307692307692 0.30274281805745556 0.011234615384615385 0.013419972640218878
0 0.5390307692307692 0.32043775649794803 0.011876923076923077 0.013419972640218878
0 0.5534769230769231 0.3309986320109439 0.015411538461538461 0.014562243502051982
0 0.5765115384615385 0.3210123119015048 0.01203846153846154 0.01683994528043776
0 0.5815692307692307 0.3284336525307798 0.011876923076923077 0.008850889192886456
0 0.5773153846153846 0.33813953488372095 0.00946923076923077 0.015129958960328318
0 0.5682461538461538 0.33813953488372095 0.009953846153846153 0.009993160054719561
0 0.5588576923076923 0.3512722298221614 0.008188461538461539 0.021409028727770178
0 0.5704923076923076 0.3633994528043775 0.014446153846153846 0.013700410396716827
0 0.5985846153846154 0.3048837209302326 0.00866923076923077 0.02112175102599179
0 0.6022769230769232 0.2926060191518468 0.013803846153846154 0.013132694938440492
0 0.6061307692307693 0.3294322845417237 0.0073846153846153844 0.023980848153214777
0 0.6073346153846153 0.10305745554035567 0.00915 0.023980848153214777
0 0.09566923076923077 0.36896716826265386 0.008346153846153845 0.01969904240766074
0 0.08066153846153847 0.3746785225718194 0.007865384615384614 0.01627222982216142
0 0.08965000000000001 0.386812585499316 0.007865384615384614 0.023980848153214777
0 0.08708461538461539 0.41307113543091656 0.014926923076923077 0.017127222982216143
0 0.10048461538461538 0.4601778385772914 0.008346153846153845 0.02512311901504788
0 0.08956923076923076 0.46888508891928865 0.012519230769230769 0.013987688098495212
0 0.13408461538461539 0.5124145006839945 0.0105 0.01999316005471956
0 0.12165384615384615 0.5289740082079344 0.012842307692307693 0.02454856361149111
0 0.15289615384615385 0.5179822161422708 0.00915 0.018556771545827633
0 0.12440384615384614 0.557093023255814 0.01316153846153846 0.011703146374829
0 0.12593076923076924 0.549671682626539 0.01203846153846154 0.012277701778385773
0 0.16003846153846155 0.5632284541723667 0.013803846153846154 0.011415868673050616
0 0.16742307692307692 0.5640902872777018 0.010915384615384615 0.014842681258549931
0 0.1038576923076923 0.5595212038303693 0.009311538461538461 0.01941176470588235
0 0.08082307692307691 0.5372503419972641 0.006261538461538462 0.02512311901504788
0 0.08026153846153847 0.5055677154582763 0.013484615384615385 0.011990424076607388
0 0.08275 0.4990013679890561 0.006903846153846154 0.014842681258549931
0 0.038365384615384614 0.44875512995896033 0.008346153846153845 0.01655950752393981
0 0.020788461538461537 0.49072503419972646 0.005938461538461538 0.02055403556771546
0 0.030661538461538462 0.5034268125854993 0.010915384615384615 0.01798221614227086
0 0.018138461538461537 0.5206976744186046 0.0054576923076923075 0.022264021887824895
0 0.05465769230769231 0.45803693570451437 0.00946923076923077 0.020266757865937072
0 0.05907307692307692 0.46645690834473325 0.009311538461538461 0.015984952120383037
0 0.04542692307692308 0.4917236662106703 0.012519230769230769 0.017414500683994527
0 0.055619230769230775 0.4964295485636115 0.010111538461538462 0.017127222982216143
0 0.05891153846153846 0.533686730506156 0.012519230769230769 0.012845417236662108
0 0.061076923076923084 0.5542407660738714 0.008507692307692308 0.024268125854993158
0 0.14166153846153845 0.5832147742818057 0.008826923076923076 0.026833105335157318
0 0.15506538461538463 0.5957729138166895 0.0073846153846153844 0.02055403556771546
0 0.12881923076923077 0.5884952120383037 0.010111538461538462 0.013419972640218878
0 0.1557076923076923 0.6138987688098495 0.012519230769230769 0.015129958960328318
0 0.1615653846153846 0.6201846785225719 0.007865384615384614 0.026545827633378934
0 0.08571923076923077 0.6244664842681259 0.015411538461538461 0.01627222982216142
0 0.06148076923076923 0.6303146374829002 0.007703846153846154 0.011990424076607388
0 0.023115384615384618 0.5857797537619699 0.014769230769230769 0.01826949384404925
0 0.004173076923076923 0.6318878248974008 0.008346153846153845 0.013987688098495212
0 0.026888461538461538 0.6264637482900137 0.008507692307692308 0.008276333789329685
0 0.02239230769230769 0.6440218878248973 0.011719230769230768 0.023406292749658
0 0.04510769230769231 0.6610054719562244 0.014446153846153846 0.020841313269493844
0 0.04951923076923077 0.6849863201094392 0.01589230769230769 0.01683994528043776
0 0.08636153846153846 0.6679958960328317 0.008346153846153845 0.021696306429548562
0 0.0963923076923077 0.6906908344733241 0.0075461538461538465 0.022551299589603283
0 0.11742307692307692 0.678844049247606 0.01203846153846154 0.015984952120383037
0 0.1181423076923077 0.6682831737346101 0.013803846153846154 0.013700410396716827
0 0.12143461538461539 0.6829822161422708 0.013323076923076924 0.012277701778385773
0 0.1333923076923077 0.6738508891928864 0.014446153846153846 0.011135430916552669
0 0.13315384615384615 0.6925512995896033 0.013323076923076924 0.01826949384404925
0 0.15169230769230768 0.7105335157318741 0.014446153846153846 0.01255813953488372
0 0.12665 0.7199521203830369 0.010273076923076923 0.015417236662106702
0 0.09486923076923076 0.7329411764705882 0.011234615384615385 0.015129958960328318
0 0.1160576923076923 0.7553488372093022 0.012519230769230769 0.01826949384404925
0 0.08186538461538462 0.7383652530779754 0.012519230769230769 0.015129958960328318
0 0.06926538461538462 0.7412243502051984 0.010434615384615384 0.013419972640218878
0 0.047596153846153844 0.7517852257181942 0.016534615384615384 0.013419972640218878
0 0.15811538461538463 0.7610601915184679 0.013803846153846154 0.01770177838577291
0 0.1626076923076923 0.7890355677154582 0.013484615384615385 0.013700410396716827
0 0.15947692307692307 0.8024555403556772 0.013323076923076924 0.015417236662106702
0 0.12303846153846153 0.8144459644322846 0.012361538461538462 0.01255813953488372
0 0.16140384615384615 0.8330027359781121 0.014284615384615385 0.02055403556771546
0 0.1435076923076923 0.860547195622435 0.011876923076923077 0.019124487004103966
0 0.15016923076923078 0.8611149110807114 0.00946923076923077 0.010560875512995895
0 0.11806538461538463 0.8579753761969904 0.005619230769230769 0.02198358413132695
0 0.1134076923076923 0.8501299589603284 0.010111538461538462 0.014274965800273598
0 0.10433846153846153 0.8531258549931601 0.007061538461538461 0.024268125854993158
0 0.09623461538461539 0.8494117647058823 0.007223076923076923 0.018556771545827633
0 0.09551153846153847 0.7837551299589602 0.01573076923076923 0.013419972640218878
0 0.049442307692307695 0.8127291381668947 0.009630769230769231 0.02740766073871409
0 0.11228461538461539 0.8174418604651162 0.006261538461538462 0.014562243502051982
0 0.02793076923076923 0.8091655266757866 0.012519230769230769 0.01569767441860465
0 0.028092307692307694 0.7744801641586867 0.012842307692307693 0.015984952120383037
0 0.0073846153846153844 0.7550683994528045 0.008988461538461539 0.021696306429548562
0 0.032103846153846156 0.850984952120383 0.011234615384615385 0.010848153214774281
0 0.042296153846153844 0.8625444596443228 0.010434615384615384 0.009993160054719561
0 0.03451153846153846 0.8779616963064295 0.0073846153846153844 0.01683994528043776
0 0.038926923076923074 0.8806703146374829 0.008826923076923076 0.013700410396716827
0 0.019503846153846153 0.9005129958960328 0.011396153846153846 0.020266757865937072
0 0.007142307692307693 0.8872366621067033 0.006261538461538462 0.021696306429548562
0 0.07480384615384615 0.9025102599179207 0.007061538461538461 0.021409028727770178
0 0.06982692307692308 0.9125034199726402 0.013484615384615385 0.012277701778385773
0 0.11983076923076923 0.8805335157318741 0.013965384615384616 0.011703146374829
0 0.12448461538461539 0.8916621067031463 0.00946923076923077 0.01683994528043776
0 0.1427846153846154 0.8993707250341998 0.013965384615384616 0.011135430916552669
0 0.15474230769230768 0.9089329685362516 0.009311538461538461 0.014842681258549931
0 0.007946153846153846 0.9354856361149111 0.00946923076923077 0.014842681258549931
0 0.01613076923076923 0.93890560875513 0.01203846153846154 0.011990424076607388
0 0.013484615384615385 0.9284883720930233 0.0054576923076923075 0.017414500683994527
0 0.005776923076923077 0.9915800273597811 0.010273076923076923 0.013987688098495212
0 0.0309 0.9803009575923393 0.011076923076923078 0.01941176470588235
0 0.05377307692307692 0.9964295485636114 0.00866923076923077 0.0071409028727770175
0 0.039569230769230766 0.9279206566347469 0.011396153846153846 0.009418604651162791
0 0.045588461538461536 0.9356224350205199 0.011234615384615385 0.012277701778385773
0 0.0557 0.9383378932968536 0.010273076923076923 0.011990424076607388
0 0.06276538461538461 0.9426196990424076 0.00641923076923077 0.015417236662106702
0 0.1045 0.9557523939808481 0.010273076923076923 0.015984952120383037
0 0.11670000000000001 0.9767305061559508 0.007703846153846154 0.024268125854993158
0 0.13548076923076924 0.9390492476060193 0.008988461538461539 0.02369357045143639
0 0.1713576923076923 0.9510396716826266 0.013003846153846154 0.017414500683994527
0 0.15530384615384615 0.9955745554035568 0.014926923076923077 0.008850889192886456
0 0.17866153846153845 0.46845417236662107 0.012199999999999999 0.01884404924760602
0 0.21630384615384615 0.4459028727770178 0.010753846153846154 0.017127222982216143
0 0.2554692307692308 0.4320588235294117 0.01203846153846154 0.014562243502051982
0 0.2466423076923077 0.4473324213406293 0.011076923076923078 0.015984952120383037
0 0.24134615384615385 0.4637482900136799 0.008507692307692308 0.012845417236662108
0 0.24688076923076924 0.488296853625171 0.017015384615384616 0.013987688098495212
0 0.30089615384615387 0.39880300957592335 0.009792307692307692 0.02512311901504788
0 0.2915884615384615 0.4380506155950752 0.009792307692307692 0.017414500683994527
0 0.31045 0.45246922024623804 0.013484615384615385 0.013700410396716827
0 0.2911846153846154 0.4735909712722298 0.012842307692307693 0.019979480164158687
0 0.2073153846153846 0.5288303693570451 0.0075461538461538465 0.024268125854993158
0 0.2248923076923077 0.5516689466484268 0.011234615384615385 0.022551299589603283
0 0.2409423076923077 0.5870656634746921 0.008346153846153845 0.020266757865937072
0 0.24110384615384617 0.5697948016415868 0.008988461538461539 0.013132694938440492
0 0.25603076923076923 0.5593775649794801 0.0073846153846153844 0.026545827633378934
0 0.2710423076923077 0.5515253077975376 0.004976923076923077 0.026265389876880985
0 0.27874615384615387 0.544391244870041 0.01268076923076923 0.013132694938440492
0 0.30948461538461536 0.5590902872777017 0.007703846153846154 0.02198358413132695
0 0.28613076923076924 0.5807865937072504 0.007865384615384614 0.017414500683994527
0 0.3053923076923077 0.5943502051983585 0.0075461538461538465 0.02055403556771546
0 0.2912653846153846 0.5970588235294118 0.008826923076923076 0.023125854993160055
0 0.21694615384615382 0.5829274965800274 0.00915 0.015417236662106702
0 0.22184230769230767 0.5952051983584131 0.00641923076923077 0.021696306429548562
0 0.23340000000000002 0.6000547195622434 0.012199999999999999 0.010848153214774281
0 0.2651807692307692 0.6114774281805746 0.011234615384615385 0.01655950752393981
0 0.21052307692307692 0.6311696306429548 0.012361538461538462 0.014274965800273598
0 0.2110846153846154 0.6173255813953488 0.010273076923076923 0.013419972640218878
0 0.3091653846153846 0.6186114911080711 0.013484615384615385 0.011990424076607388
0 0.3008192307692308 0.6348837209302326 0.014446153846153846 0.013132694938440492
0 0.2821153846153846 0.6555813953488372 0.010753846153846154 0.009993160054719561
0 0.28613076923076924 0.6487277701778387 0.006903846153846154 0.020266757865937072
0 0.2879769230769231 0.6381668946648427 0.012199999999999999 0.01569767441860465
0 0.27240384615384616 0.6594322845417236 0.013484615384615385 0.019979480164158687
0 0.2447153846153846 0.6430164158686731 0.00915 0.020841313269493844
0 0.20803461538461537 0.6601504787961696 0.014126923076923075 0.012277701778385773
0 0.19519615384615385 0.6722777017783858 0.011557692307692309 0.01655950752393981
0 0.21092692307692307 0.6962585499316005 0.011876923076923077 0.01255813953488372
0 0.2289846153846154 0.6851231190150479 0.014607692307692306 0.011415868673050616
0 0.2222423076923077 0.7045417236662106 0.006903846153846154 0.02055403556771546
0 0.2271384615384615 0.7239534883720931 0.010596153846153847 0.01770177838577291
0 0.20723461538461535 0.7122435020519835 0.012842307692307693 0.01027359781121751
0 0.18123076923076922 0.7101025991792066 0.010915384615384615 0.011135430916552669
0 0.17472692307692309 0.7252325581395349 0.006903846153846154 0.01798221614227086
0 0.17898076923076925 0.743077975376197 0.013484615384615385 0.01826949384404925
0 0.19406923076923077 0.756922024623803 0.015411538461538461 0.011135430916552669
0 0.17697692307692306 0.7694801641586867 0.007865384615384614 0.020841313269493844
0 0.21975384615384616 0.7586320109439124 0.01316153846153846 0.01569767441860465
0 0.22738076923076925 0.7784746922024625 0.016853846153846153 0.013132694938440492
0 0.23965769230769232 0.7236662106703147 0.008988461538461539 0.013700410396716827
0 0.19703846153846152 0.7149589603283174 0.011076923076923078 0.01627222982216142
0 0.26221153846153844 0.7282352941176471 0.01525 0.014842681258549931
0 0.27264615384615387 0.7073939808481532 0.013646153846153844 0.013132694938440492
0 0.2900615384615384 0.6971135430916552 0.010273076923076923 0.01826949384404925
0 0.29913076923076926 0.7095348837209302 0.008826923076923076 0.026545827633378934
0 0.3128576923076923 0.708248974008208 0.012519230769230769 0.01884404924760602
0 0.3152653846153846 0.7185294117647059 0.007703846153846154 0.02112175102599179
0 0.28460384615384615 0.7180984952120383 0.010596153846153847 0.012277701778385773
0 0.3212846153846154 0.7380779753761969 0.01203846153846154 0.012277701778385773
0 0.3236923076923077 0.7589192886456908 0.007223076923076923 0.026545827633378934
0 0.31791153846153847 0.7684815321477428 0.009792307692307692 0.01826949384404925
0 0.32593846153846157 0.7844664842681259 0.010111538461538462 0.01655950752393981
0 0.3273846153846154 0.8016005471956225 0.013003846153846154 0.01770177838577291
0 0.2996923076923077 0.7687688098495212 0.014769230769230769 0.01255813953488372
0 0.21060384615384617 0.8327154582763339 0.012842307692307693 0.011415868673050616
0 0.2097230769230769 0.8222913816689467 0.013003846153846154 0.012845417236662108
0 0.19294615384615385 0.8529822161422709 0.010273076923076923 0.01884404924760602
0 0.19760384615384616 0.8622571819425444 0.005138461538461538 0.020841313269493844
0 0.20346153846153847 0.8555540355677154 0.0075461538461538465 0.01655950752393981
0 0.2113269230769231 0.8661149110807114 0.005938461538461538 0.01770177838577291
0 0.2409423076923077 0.8612585499316006 0.007061538461538461 0.01941176470588235
0 0.2684730769230769 0.8381395348837208 0.013003846153846154 0.014842681258549931
0 0.27545384615384616 0.8625444596443228 0.008346153846153845 0.021409028727770178
0 0.26421923076923076 0.8820998632010945 0.015411538461538461 0.013132694938440492
0 0.25980384615384616 0.8761080711354309 0.013323076923076924 0.010848153214774281
0 0.26084615384615384 0.8955198358413132 0.009630769230769231 0.01255813953488372
0 0.31590769230769233 0.8439876880984952 0.010915384615384615 0.012277701778385773
0 0.32626153846153844 0.8672571819425445 0.007865384615384614 0.02055403556771546
0 0.20338076923076923 0.880389876880985 0.007061538461538461 0.019979480164158687
0 0.2096423076923077 0.8863816689466485 0.009953846153846153 0.01941176470588235
0 0.19318846153846156 0.8940902872777018 0.011396153846153846 0.013132694938440492
0 0.21220769230769232 0.9182147742818058 0.008026923076923077 0.020266757865937072
0 0.18596538461538462 0.9286320109439125 0.008507692307692308 0.02055403556771546
0 0.19888461538461538 0.9463337893296854 0.014446153846153846 0.011415868673050616
0 0.19495384615384614 0.9367647058823529 0.01268076923076923 0.012277701778385773
0 0.23428076923076924 0.9229206566347469 0.0075461538461538465 0.02454856361149111
0 0.24166538461538464 0.9220656634746922 0.008826923076923076 0.022264021887824895
0 0.24864615384615385 0.9541792065663475 0.011557692307692309 0.017414500683994527
0 0.25763846153846154 0.9508960328317374 0.011557692307692309 0.013132694938440492
0 0.2301076923076923 0.9832968536251709 0.013003846153846154 0.014562243502051982
0 0.23805384615384617 0.9927222982216142 0.00641923076923077 0.014562243502051982
0 0.2599653846153846 0.9810123119015048 0.014607692307692306 0.012277701778385773
0 0.2801923076923077 0.9096511627906977 0.01268076923076923 0.013987688098495212
0 0.24559615384615383 0.9045075239398086 0.011557692307692309 0.01627222982216142
0 0.23893461538461538 0.9008002735978112 0.009792307692307692 0.015129958960328318
0 0.3007384615384615 0.8995143638850889 0.01268076923076923 0.017127222982216143
0 0.2959230769230769 0.9222093023255814 0.008507692307692308 0.024835841313269495
0 0.30820000000000003 0.9591792065663475 0.0073846153846153844 0.025690834473324216
0 0.3365346153846154 0.9065047879616963 0.011396153846153846 0.013987688098495212
0 0.3308346153846154 0.9627428180574555 0.0073846153846153844 0.025978112175102597
0 0.32882692307692307 0.9361969904240767 0.008826923076923076 0.01627222982216142
0 0.3579615384615385 0.9546101231190152 0.008988461538461539 0.02055403556771546
0 0.3621384615384615 0.9666005471956225 0.015411538461538461 0.014274965800273598
0 0.3606923076923077 0.9818741450068399 0.013484615384615385 0.01683994528043776
0 0.38942692307692306 0.9911491108071135 0.013803846153846154 0.013700410396716827
0 0.38019615384615385 0.9174965800273599 0.008507692307692308 0.017127222982216143
0 0.3867769230769231 0.9169288645690834 0.00915 0.023406292749658
0 0.3917538461538461 0.8998016415868673 0.005296153846153846 0.01884404924760602
0 0.39737307692307694 0.9152120383036936 0.010753846153846154 0.01826949384404925
0 0.3983346153846154 0.9035088919288646 0.00946923076923077 0.023980848153214777
0 0.40964999999999996 0.8960875512995895 0.012519230769230769 0.014274965800273598
0 0.4228923076923077 0.8990834473324214 0.01268076923076923 0.013987688098495212
0 0.43613846153846153 0.9015116279069767 0.012199999999999999 0.014274965800273598
0 0.4558807692307692 0.8930916552667579 0.010596153846153847 0.009993160054719561
0 0.45050384615384614 0.9340560875512995 0.011396153846153846 0.01655950752393981
0 0.4350923076923077 0.9406224350205199 0.009792307692307692 0.01826949384404925
0 0.44143461538461537 0.9596032831737347 0.014126923076923075 0.012845417236662108
0 0.44994230769230764 0.9600341997264021 0.0073846153846153844 0.02112175102599179
0 0.45058461538461536 0.9920041039671682 0.01316153846153846 0.013132694938440492
0 0.46615384615384614 0.9854377564979481 0.014769230769230769 0.014274965800273598
0 0.3427153846153846 0.8659712722298222 0.0060999999999999995 0.021409028727770178
0 0.3461653846153846 0.8495554035567715 0.013646153846153844 0.011990424076607388
0 0.3297923076923077 0.7272298221614227 0.010753846153846154 0.009993160054719561
0 0.34399615384615384 0.8081668946648427 0.010596153846153847 0.01255813953488372
0 0.3467269230769231 0.8185841313269494 0.0054576923076923075 0.020841313269493844
0 0.37104615384615386 0.8272913816689467 0.013003846153846154 0.01255813953488372
0 0.3759423076923077 0.8190082079343366 0.01316153846153846 0.008563611491108071
0 0.3886230769230769 0.8404240766073872 0.013803846153846154 0.013700410396716827
0 0.4026692307692308 0.8487004103967168 0.006903846153846154 0.021696306429548562
0 0.3618961538461538 0.7866073871409028 0.00658076923076923 0.019124487004103966
0 0.37184999999999996 0.7459302325581395 0.013965384615384616 0.01255813953488372
0 0.3917538461538461 0.7596306429548563 0.011719230769230768 0.014842681258549931
0 0.3736153846153846 0.6939740082079343 0.013003846153846154 0.015417236662106702
0 0.3450423076923077 0.6808413132694938 0.013323076923076924 0.013700410396716827
0 0.32674230769230767 0.683844049247606 0.005938461538461538 0.019124487004103966
0 0.33934230769230767 0.6642886456908345 0.005776923076923077 0.022264021887824895
0 0.32842692307692306 0.643734610123119 0.0060999999999999995 0.01255813953488372
0 0.3240923076923077 0.6348837209302326 0.0060999999999999995 0.021696306429548562
0 0.3365346153846154 0.5999110807113543 0.008507692307692308 0.021409028727770178
0 0.3216846153846154 0.5787893296853626 0.00641923076923077 0.023125854993160055
0 0.36759615384615385 0.6231805745554035 0.013803846153846154 0.013700410396716827
0 0.3724923076923077 0.6401641586867305 0.013965384615384616 0.012845417236662108
0 0.3760230769230769 0.6667168262653899 0.008507692307692308 0.01798221614227086
0 0.40058076923076924 0.6805608755129959 0.007865384615384614 0.019979480164158687
0 0.41968461538461543 0.6491586867305061 0.013965384615384616 0.014274965800273598
0 0.4307615384615385 0.6420177838577291 0.014284615384615385 0.010848153214774281
0 0.43661923076923076 0.6293160054719562 0.0054576923076923075 0.020841313269493844
0 0.4326846153846154 0.6507250341997264 0.0075461538461538465 0.014562243502051982
0 0.43204230769230767 0.6678522571819425 0.007223076923076923 0.018556771545827633
0 0.4438423076923077 0.6718536251709987 0.00641923076923077 0.02198358413132695
0 0.45419615384615386 0.6744186046511628 0.01268076923076923 0.01627222982216142
0 0.4513884615384615 0.6821272229822162 0.011234615384615385 0.011703146374829
0 0.4656730769230769 0.6739945280437757 0.011557692307692309 0.017127222982216143
0 0.4603769230769231 0.6307455540355676 0.011557692307692309 0.013419972640218878
0 0.41278076923076923 0.6104787961696306 0.010434615384615384 0.009993160054719561
0 0.4163115384615385 0.6056224350205198 0.010753846153846154 0.018556771545827633
0 0.40041923076923075 0.6070519835841314 0.011396153846153846 0.015129958960328318
0 0.4172769230769231 0.5909233926128591 0.00658076923076923 0.017127222982216143
0 0.3940807692307692 0.5836388508891929 0.016696153846153843 0.013419972640218878
0 0.3856538461538462 0.5766484268125854 0.01268076923076923 0.015984952120383037
0 0.34215 0.5686525307797538 0.012361538461538462 0.011415868673050616
0 0.34720769230769233 0.5660875512995897 0.00866923076923077 0.022264021887824895
0 0.3589269230769231 0.5302599179206566 0.010596153846153847 0.020266757865937072
0 0.33251923076923073 0.5029958960328317 0.011396153846153846 0.02055403556771546
0 0.3522653846153846 0.4945759233926129 0.008826923076923076 0.024835841313269495
0 0.37843076923076924 0.5216963064295486 0.014607692307692306 0.014562243502051982
0 0.38982692307692307 0.5088508891928865 0.00915 0.014562243502051982
0 0.3975307692307692 0.5488166894664843 0.013323076923076924 0.013419972640218878
0 0.42257307692307694 0.5168399452804378 0.010111538461538462 0.013987688098495212
0 0.4286730769230769 0.5222640218878248 0.014284615384615385 0.009993160054719561
0 0.43790384615384614 0.5159849521203831 0.007061538461538461 0.022551299589603283
0 0.4376615384615385 0.5501025991792066 0.008507692307692308 0.02512311901504788
0 0.4608576923076923 0.5228385772913816 0.011234615384615385 0.017414500683994527
0 0.44857692307692304 0.4985704514363885 0.008507692307692308 0.021409028727770178
0 0.4297961538461539 0.511703146374829 0.010434615384615384 0.013419972640218878
0 0.43156153846153844 0.5044254445964432 0.012361538461538462 0.010848153214774281
0 0.4544384615384615 0.5927770177838577 0.011234615384615385 0.020266757865937072
0 0.3383807692307692 0.45818057455540356 0.008346153846153845 0.014842681258549931
0 0.3433538461538462 0.47387824897400815 0.0060999999999999995 0.017127222982216143
0 0.3507384615384615 0.4564637482900137 0.011876923076923077 0.01826949384404925
0 0.35956923076923075 0.45874829001367995 0.012842307692307693 0.015417236662106702
0 0.36566923076923075 0.450328317373461 0.011234615384615385 0.020266757865937072
0 0.38910384615384613 0.4621751025991792 0.014769230769230769 0.013132694938440492
0 0.38163846153846154 0.4777359781121751 0.01203846153846154 0.011135430916552669
0 0.37818846153846153 0.48530095759233927 0.010915384615384615 0.01655950752393981
0 0.32385384615384616 0.41364569083447333 0.010753846153846154 0.01255813953488372
0 0.34977692307692304 0.41707250341997265 0.012519230769230769 0.013132694938440492
0 0.33284230769230766 0.3875239398084815 0.011076923076923078 0.012277701778385773
0 0.40475384615384613 0.4095075239398085 0.011719230769230768 0.009993160054719561
0 0.3968076923076923 0.4209233926128591 0.006742307692307692 0.020266757865937072
0 0.4300384615384615 0.3973734610123119 0.0060999999999999995 0.03254445964432284
0 0.43292692307692304 0.37424760601915186 0.013484615384615385 0.015417236662106702
0 0.43854615384615386 0.4217783857729138 0.010596153846153847 0.014562243502051982
0 0.4381423076923077 0.4469015047879617 0.010111538461538462 0.012277701778385773
0 0.43597692307692304 0.4414774281805746 0.010273076923076923 0.013987688098495212
0 0.4467307692307692 0.45147058823529407 0.011876923076923077 0.013987688098495212
0 0.44938076923076925 0.4700273597811217 0.009792307692307692 0.01969904240766074
0 0.45548076923076924 0.4707387140902873 0.0075461538461538465 0.022264021887824895
0 0.4551576923076923 0.48772229822161417 0.010753846153846154 0.01627222982216142
0 0.45218846153846154 0.5361080711354309 0.0048153846153846155 0.01884404924760602
0 0.4564423076923077 0.5388235294117647 0.008188461538461539 0.008850889192886456
0 0.47634615384615386 0.4714500683994528 0.008826923076923076 0.013987688098495212
0 0.4488192307692308 0.36768125854993156 0.007061538461538461 0.02740766073871409
0 0.4545153846153846 0.3633994528043775 0.007865384615384614 0.021696306429548562
0 0.4560423076923077 0.7005403556771547 0.00866923076923077 0.02283857729138167
0 0.4626230769230769 0.7022571819425445 0.011234615384615385 0.011990424076607388
0 0.4560423076923077 0.7296580027359781 0.00866923076923077 0.021696306429548562
0 0.46198076923076925 0.7393638850889194 0.009630769230769231 0.01255813953488372
0 0.43517307692307694 0.730656634746922 0.014446153846153846 0.010560875512995895
0 0.42658461538461534 0.7455061559507524 0.006261538461538462 0.024268125854993158
0 0.4362192307692308 0.7523529411764707 0.008188461538461539 0.020266757865937072
0 0.4509038461538461 0.7789056087551299 0.013803846153846154 0.017414500683994527
0 0.4570846153846154 0.8070246238030095 0.011396153846153846 0.01941176470588235
0 0.4560423076923077 0.8301436388508893 0.011234615384615385 0.01884404924760602
0 0.4446461538461538 0.832140902872777 0.011234615384615385 0.011990424076607388
0 0.4369384615384615 0.8345690834473325 0.012519230769230769 0.012277701778385773
0 0.4743423076923077 0.86796853625171 0.013803846153846154 0.009993160054719561
0 0.4755461538461539 0.8555540355677154 0.008188461538461539 0.01941176470588235
0 0.48212692307692306 0.8518399452804378 0.010111538461538462 0.009138166894664842
0 0.4873423076923077 0.8424213406292749 0.011876923076923077 0.013132694938440492
0 0.4841346153846154 0.825437756497948 0.008346153846153845 0.02198358413132695
0 0.4764269230769231 0.8833857729138167 0.0073846153846153844 0.019124487004103966
0 0.48164615384615383 0.8940902872777018 0.010434615384615384 0.013700410396716827
0 0.4925615384615385 0.9086456908344733 0.014284615384615385 0.011990424076607388
0 0.4921576923076923 0.8959439124487003 0.011876923076923077 0.013987688098495212
0 0.49609230769230767 0.9361969904240767 0.00946923076923077 0.009993160054719561
0 0.522576923076923 0.9157865937072505 0.01525 0.01255813953488372
0 0.5341346153846154 0.8902393980848153 0.01589230769230769 0.01627222982216142
0 0.5047615384615385 0.9684541723666211 0.013323076923076924 0.01627222982216142
0 0.5159153846153847 0.9630300957592339 0.010596153846153847 0.018556771545827633
0 0.52635 0.9553214774281806 0.008988461538461539 0.021409028727770178
0 0.5306846153846154 0.9449042407660739 0.011234615384615385 0.013700410396716827
0 0.5413576923076923 0.9861559507523939 0.006903846153846154 0.021409028727770178
0 0.5444884615384615 0.972592339261286 0.007061538461538461 0.01884404924760602
0 0.5485038461538461 0.9887209302325581 0.013484615384615385 0.012845417236662108
0 0.4811653846153846 0.7946032831737346 0.010753846153846154 0.012845417236662108
0 0.48654230769230766 0.7607729138166894 0.010915384615384615 0.01826949384404925
0 0.4796384615384615 0.7584952120383037 0.0060999999999999995 0.01826949384404925
0 0.4736192307692308 0.7352257181942545 0.010111538461538462 0.01798221614227086
0 0.48212692307692306 0.7025376196990424 0.01268076923076923 0.010848153214774281
0 0.49368461538461533 0.7253761969904241 0.013003846153846154 0.01770177838577291
0 0.4924807692307692 0.7123871409028728 0.0060999999999999995 0.020266757865937072
0 0.5077307692307692 0.7126744186046512 0.00641923076923077 0.020266757865937072
0 0.5111 0.7258071135430917 0.009311538461538461 0.020266757865937072
0 0.50725 0.74093707250342 0.00866923076923077 0.01969904240766074
0 0.4797192307692308 0.6866963064295486 0.011076923076923078 0.013419972640218878
0 0.5016307692307692 0.6805608755129959 0.012519230769230769 0.013700410396716827
0 0.492 0.6196101231190151 0.013803846153846154 0.011703146374829
0 0.4797192307692308 0.6099042407660739 0.01203846153846154 0.013987688098495212
0 0.4894307692307692 0.5863543091655267 0.014769230769230769 0.010848153214774281
0 0.4874230769230769 0.5548084815321478 0.014284615384615385 0.018556771545827633
0 0.4882269230769231 0.5312585499316006 0.012361538461538462 0.014274965800273598
0 0.5318076923076923 0.559233926128591 0.008988461538461539 0.02454856361149111
0 0.5017923076923078 0.5943502051983585 0.0073846153846153844 0.019979480164158687
0 0.5179230769230769 0.6137619699042408 0.013965384615384616 0.01884404924760602
0 0.5448923076923077 0.6179001367989057 0.00658076923076923 0.013987688098495212
0 0.548823076923077 0.6314569083447332 0.009311538461538461 0.01770177838577291
0 0.5363038461538462 0.6989740082079343 0.007703846153846154 0.019124487004103966
0 0.5445692307692308 0.7091039671682626 0.010753846153846154 0.014274965800273598
0 0.5425615384615385 0.7003967168262654 0.00866923076923077 0.014562243502051982
0 0.5337346153846154 0.7763337893296853 0.012519230769230769 0.022551299589603283
0 0.5436884615384615 0.7993160054719561 0.016373076923076924 0.01255813953488372
0 0.5377461538461539 0.8215800273597812 0.012199999999999999 0.014274965800273598
0 0.5813307692307692 0.8088782489740082 0.011719230769230768 0.013987688098495212
0 0.595373076923077 0.8181532147742818 0.014446153846153846 0.015417236662106702
0 0.5662384615384616 0.8328590971272231 0.014284615384615385 0.013419972640218878
0 0.5715384615384616 0.8401367989056088 0.011719230769230768 0.015417236662106702
0 0.5916807692307692 0.8569767441860465 0.00641923076923077 0.02454856361149111
0 0.56335 0.8742476060191519 0.013965384615384616 0.020841313269493844
0 0.5593384615384616 0.8606908344733242 0.011396153846153846 0.014842681258549931
0 0.5506692307692308 0.8539808481532147 0.013965384615384616 0.011135430916552669
0 0.6020346153846153 0.8741039671682627 0.010753846153846154 0.01770177838577291
0 0.6118269230769231 0.8706839945280438 0.010434615384615384 0.011415868673050616
0 0.6197730769230769 0.8745348837209301 0.015088461538461537 0.010560875512995895
0 0.5728230769230769 0.9160738714090287 0.013323076923076924 0.013132694938440492
0 0.595373076923077 0.9202120383036935 0.012842307692307693 0.01627222982216142
0 0.6249115384615385 0.9333447332421341 0.011557692307692309 0.013419972640218878
0 0.616 0.9441928864569084 0.011719230769230768 0.01683994528043776
0 0.6119884615384615 0.9697400820793434 0.01203846153846154 0.02112175102599179
0 0.5803653846153847 0.9763064295485635 0.008507692307692308 0.01884404924760602
0 0.5822923076923077 0.9610328317373461 0.013965384615384616 0.011703146374829
0 0.5688884615384615 0.9837277701778386 0.013484615384615385 0.01255813953488372
0 0.5906384615384616 0.9908618331053353 0.009792307692307692 0.01826949384404925
0 0.6422461538461538 0.9371956224350205 0.014446153846153846 0.013132694938440492
0 0.6379115384615385 0.9497537619699042 0.013803846153846154 0.01826949384404925
0 0.6479461538461538 0.9547537619699041 0.007223076923076923 0.02826265389876881
0 0.6593423076923077 0.9738782489740082 0.00658076923076923 0.024835841313269495
0 0.6647192307692308 0.9910054719562242 0.0060999999999999995 0.01798221614227086
0 0.6698576923076923 0.9805882352941175 0.004496153846153846 0.01655950752393981
0 0.677 0.9537551299589604 0.007223076923076923 0.02112175102599179
0 0.6408038461538461 0.9009439124487004 0.010596153846153847 0.021696306429548562
0 0.6340615384615385 0.8524145006839945 0.00641923076923077 0.02112175102599179
0 0.642726923076923 0.870827633378933 0.005138461538461538 0.02198358413132695
0 0.6473038461538462 0.8696853625170998 0.005296153846153846 0.020266757865937072
0 0.6579769230769231 0.8518399452804378 0.009311538461538461 0.02055403556771546
0 0.6618307692307692 0.8397058823529412 0.006742307692307692 0.019124487004103966
0 0.6802923076923076 0.8251504787961695 0.008026923076923077 0.02369357045143639
0 0.6541269230769231 0.8100205198358413 0.008988461538461539 0.017414500683994527
0 0.6355038461538461 0.8100205198358413 0.009311538461538461 0.021409028727770178
0 0.6330153846153845 0.7954582763337894 0.010753846153846154 0.017414500683994527
0 0.6469038461538462 0.7980300957592339 0.014769230769230769 0.014562243502051982
0 0.6420076923076923 0.7811901504787961 0.007223076923076923 0.01969904240766074
0 0.6653615384615384 0.7887551299589604 0.010596153846153847 0.01884404924760602
0 0.6503538461538462 0.7400820793433652 0.014607692307692306 0.015129958960328318
0 0.6087769230769231 0.7734815321477427 0.010434615384615384 0.021409028727770178
0 0.5685692307692307 0.7704787961696307 0.009630769230769231 0.017127222982216143
0 0.5485807692307693 0.7527838577291381 0.011719230769230768 0.015417236662106702
0 0.5826923076923077 0.7646306429548564 0.015088461538461537 0.009993160054719561
0 0.5704153846153845 0.7289466484268126 0.011076923076923078 0.01683994528043776
0 0.5662384615384616 0.7223803009575923 0.011076923076923078 0.01798221614227086
0 0.5545230769230769 0.7240902872777017 0.010111538461538462 0.010560875512995895
0 0.5541192307692308 0.700827633378933 0.006742307692307692 0.01941176470588235
0 0.5865461538461538 0.6866963064295486 0.010273076923076923 0.021409028727770178
0 0.6024384615384615 0.6939740082079343 0.014126923076923075 0.015417236662106702
0 0.6127115384615385 0.6845554035567716 0.009953846153846153 0.013700410396716827
0 0.6221807692307693 0.68312585499316 0.008346153846153845 0.02112175102599179
0 0.6281192307692307 0.680984952120383 0.009630769230769231 0.011703146374829
0 0.5614230769230769 0.6605745554035568 0.010753846153846154 0.02112175102599179
0 0.5681653846153846 0.6707113543091655 0.008826923076923076 0.019124487004103966
0 0.5904 0.6561491108071135 0.009630769230769231 0.02198358413132695
0 0.6050846153846154 0.6588645690834474 0.009792307692307692 0.02454856361149111
0 0.6074923076923077 0.6768467852257182 0.013323076923076924 0.01027359781121751
0 0.6219423076923076 0.6560054719562244 0.014284615384615385 0.011990424076607388
0 0.5939307692307693 0.6353146374829002 0.013803846153846154 0.01569767441860465
0 0.5778769230769231 0.6126196990424077 0.0073846153846153844 0.015417236662106702
0 0.6155192307692308 0.6039124487004104 0.01203846153846154 0.013987688098495212
0 0.5644730769230769 0.5820725034199726 0.00946923076923077 0.01826949384404925
0 0.5708153846153846 0.5850683994528044 0.00641923076923077 0.024268125854993158
0 0.5799653846153846 0.5713679890560875 0.014126923076923075 0.012845417236662108
0 0.6006730769230769 0.5685088919288646 0.012842307692307693 0.015129958960328318
0 0.6258730769230769 0.5756497948016416 0.00866923076923077 0.02369357045143639
0 0.62515 0.6017715458276334 0.007223076923076923 0.02112175102599179
0 0.6478653846153847 0.5884952120383037 0.011876923076923077 0.01798221614227086
0 0.64915 0.5745075239398084 0.012199999999999999 0.015129958960328318
0 0.6461807692307692 0.6594322845417236 0.007223076923076923 0.01255813953488372
0 0.6390346153846154 0.6771340629274966 0.013803846153846154 0.014274965800273598
0 0.6515576923076923 0.6604309165526675 0.009630769230769231 0.02369357045143639
0 0.6490692307692307 0.7019699042407661 0.008507692307692308 0.023406292749658
0 0.6683307692307693 0.6749931600547195 0.012361538461538462 0.011703146374829
0 0.6774807692307693 0.6978317373461013 0.013003846153846154 0.013419972640218878
0 0.48509615384615384 0.35612175102599175 0.011234615384615385 0.01569767441860465
0 0.4944076923076923 0.36225718194254447 0.01316153846153846 0.014274965800273598
0 0.4961730769230769 0.3515526675786594 0.014769230769230769 0.011135430916552669
0 0.49143846153846155 0.3768194254445964 0.01525 0.017127222982216143
0 0.4741 0.4086525307797538 0.012361538461538462 0.014562243502051982
0 0.4845346153846154 0.40693570451436395 0.005938461538461538 0.013419972640218878
0 0.5023538461538462 0.38581395348837205 0.011719230769230768 0.014562243502051982
0 0.5177615384615385 0.3746785225718194 0.013646153846153844 0.009418604651162791
0 0.5024307692307692 0.42391928864569084 0.007703846153846154 0.02283857729138167
0 0.5208115384615384 0.41050615595075235 0.01268076923076923 0.01941176470588235
0 0.5245038461538462 0.41136114911080707 0.01268076923076923 0.006853625170998631
0 0.5439269230769231 0.41935704514363886 0.008507692307692308 0.026833105335157318
0 0.5537192307692308 0.42734610123119016 0.01589230769230769 0.01884404924760602
0 0.5664807692307692 0.4320588235294117 0.015088461538461537 0.013419972640218878
0 0.5638307692307692 0.3952325581395349 0.014607692307692306 0.015129958960328318
0 0.5914423076923077 0.3638303693570451 0.01621153846153846 0.011703146374829
0 0.5902384615384615 0.3588372093023256 0.011557692307692309 0.011415868673050616
0 0.5985038461538461 0.3705403556771546 0.014607692307692306 0.015417236662106702
0 0.5968192307692308 0.3830984952120383 0.013803846153846154 0.009138166894664842
0 0.5998692307692308 0.3986593707250342 0.015088461538461537 0.010560875512995895
0 0.6021961538461539 0.38952120383036937 0.00946923076923077 0.01627222982216142
0 0.5956961538461538 0.4129343365253078 0.014126923076923075 0.011703146374829
0 0.5956961538461538 0.42748974008207935 0.012199999999999999 0.013419972640218878
0 0.5891153846153846 0.4490424076607387 0.010273076923076923 0.021696306429548562
0 0.6037230769230769 0.4584610123119015 0.009953846153846153 0.027975376196990424
0 0.5135076923076922 0.4544664842681258 0.010596153846153847 0.01826949384404925
0 0.4964115384615385 0.4845827633378933 0.014284615384615385 0.011703146374829
0 0.4970538461538461 0.47573187414500684 0.01268076923076923 0.013419972640218878
0 0.48148461538461534 0.4920041039671682 0.015569230769230767 0.010560875512995895
0 0.5172807692307693 0.4871545827633379 0.00915 0.01969904240766074
0 0.5249846153846154 0.4994254445964432 0.014607692307692306 0.011703146374829
0 0.5346961538461539 0.49186046511627907 0.011557692307692309 0.007995896032831736
0 0.5319692307692307 0.4507592339261286 0.007703846153846154 0.019979480164158687
0 0.5250653846153847 0.45546511627906977 0.007703846153846154 0.027688098495212036
0 0.5494653846153845 0.46545827633378933 0.009953846153846153 0.017414500683994527
0 0.5620653846153846 0.47716142270861833 0.008507692307692308 0.01798221614227086
0 0.586223076923077 0.5078522571819426 0.00866923076923077 0.015984952120383037
0 0.5944923076923078 0.5158413132694938 0.010434615384615384 0.013700410396716827
0 0.6046038461538462 0.5144186046511628 0.008826923076923076 0.03368673050615595
0 0.6111846153846153 0.5392544459644323 0.012361538461538462 0.011415868673050616
0 0.5413576923076923 0.5362517099863201 0.01621153846153846 0.01569767441860465
0 0.6208961538461538 0.49571819425444597 0.014769230769230769 0.01627222982216142
0 0.6355038461538461 0.5089945280437757 0.00866923076923077 0.02454856361149111
0 0.38635384615384616 0.06467168262653898 0.012546153846153846 0.03054719562243502
0 0.5957192307692307 0.00874829001367989 0.007180769230769231 0.017503419972640218
0 0.6177961538461538 0.00874829001367989 0.013034615384615384 0.017503419972640218
0 0.644 0.01158686730506156 0.010107692307692309 0.019398084815321476
0 0.6167346153846154 0.063625170998632 0.011438461538461538 0.01560875512995896
0 0.619526923076923 0.047072503419972635 0.011703846153846153 0.022236662106703144
0 0.6345538461538461 0.07001367989056087 0.01196923076923077 0.02365253077975376
0 0.6332269230769231 0.09129958960328316 0.013565384615384616 0.012298221614227086
0 0.619526923076923 0.09626538987688099 0.0133 0.01844733242134063
0 0.6215192307692308 0.13222298221614226 0.008776923076923076 0.022236662106703144
0 0.6425346153846153 0.10785909712722298 0.009311538461538461 0.018919288645690834
0 0.6756538461538462 0.05369357045143639 0.014896153846153845 0.01466484268125855
0 0.6898846153846154 0.024835841313269495 0.016757692307692307 0.01560875512995896
0 0.7042499999999999 0.022708618331053355 0.016226923076923076 0.018919288645690834
0 0.6852307692307692 0.004733242134062928 0.011173076923076923 0.009459644322845417
0 0.6640807692307692 0.007332421340629275 0.009842307692307692 0.01466484268125855
0 0.7196769230769231 0.00780437756497948 0.00665 0.01560875512995896
0 0.7231346153846154 0.03713406292749658 0.008246153846153847 0.017503419972640218
0 0.7369653846153845 0.04848837209302326 0.013034615384615384 0.017503419972640218
0 0.6916115384615384 0.06386456908344734 0.00531923076923077 0.02459644322845417
0 0.6932076923076923 0.057715458276333786 0.012234615384615384 0.018919288645690834
0 0.6866923076923077 0.12252393980848153 0.013565384615384616 0.014192886456908345
0 0.6862923076923076 0.11140218878248974 0.0133 0.010882352941176471
0 0.6898846153846154 0.09934336525307798 0.008246153846153847 0.018919288645690834
0 0.6978653846153846 0.10218194254445964 0.013565384615384616 0.017975376196990425
0 0.66395 0.1336388508891929 0.011703846153846153 0.012770177838577293
0 0.6604923076923077 0.11921340629274965 0.009042307692307693 0.017031463748290013
0 0.7005230769230769 0.14995896032831738 0.014099999999999998 0.015136798905608755
0 0.6596923076923077 0.171484268125855 0.018619230769230766 0.012770177838577293
0 0.6181961538461538 0.2341655266757866 0.00745 0.02649110807113543
0 0.6268423076923076 0.21192886456908344 0.013034615384615384 0.020813953488372092
0 0.6515807692307692 0.19963064295485636 0.012503846153846154 0.017975376196990425
0 0.6840307692307692 0.2019972640218878 0.016757692307692307 0.016080711354309166
0 0.6801730769230769 0.18638850889192887 0.011173076923076923 0.016080711354309166
0 0.6775153846153846 0.22896032831737348 0.010107692307692309 0.019870041039671684
0 0.6559692307692307 0.23155950752393983 0.01596153846153846 0.017503419972640218
0 0.6626192307692308 0.24504787961696306 0.01276923076923077 0.012298221614227086
0 0.6259115384615385 0.2845485636114911 0.00798076923076923 0.022236662106703144
0 0.6489192307692307 0.2942407660738714 0.009842307692307692 0.02838577291381669
0 0.6514461538461539 0.27271545827633376 0.012234615384615384 0.01560875512995896
0 0.644 0.32002735978112173 0.011173076923076923 0.01655950752393981
0 0.6602230769230769 0.2996853625170999 0.013830769230769232 0.02412448700410397
0 0.6813730769230769 0.3176607387140903 0.009842307692307692 0.01844733242134063
0 0.6795115384615384 0.3006292749658003 0.010373076923076922 0.026019151846785226
0 0.7005230769230769 0.24859097127222982 0.008776923076923076 0.01466484268125855
0 0.7095692307692308 0.24599179206566346 0.013034615384615384 0.011354309165526677
0 0.6938730769230769 0.2942407660738714 0.013034615384615384 0.014192886456908345
0 0.6918807692307692 0.2869083447332421 0.013830769230769232 0.007093023255813953
0 0.6926769230769231 0.27887140902872776 0.012234615384615384 0.009931600547195623
0 0.7029192307692307 0.27887140902872776 0.010373076923076922 0.012770177838577293
0 0.7203423076923078 0.2940082079343365 0.00798076923076923 0.02412448700410397
0 0.7381653846153846 0.260656634746922 0.011703846153846153 0.018919288645690834
0 0.7453461538461539 0.28194254445964434 0.012234615384615384 0.017031463748290013
0 0.7180807692307692 0.3138782489740082 0.01463076923076923 0.01182626538987688
0 0.7291192307692308 0.3661491108071135 0.011703846153846153 0.020813953488372092
0 0.7331115384615384 0.34272913816689465 0.009576923076923077 0.01655950752393981
0 0.7405576923076923 0.3230984952120383 0.010107692307692309 0.015136798905608755
0 0.6664769230769231 0.3275923392612859 0.009842307692307692 0.019398084815321476
0 0.6918807692307692 0.32901504787961694 0.014365384615384617 0.01466484268125855
0 0.707973076923077 0.21666210670314637 0.014099999999999998 0.013248974008207934
0 0.7069076923076923 0.2057797537619699 0.013034615384615384 0.013248974008207934
0 0.7220692307692308 0.21169630642954856 0.015161538461538462 0.01560875512995896
0 0.7116961538461539 0.18378248974008207 0.014099999999999998 0.017503419972640218
0 0.7097 0.16012995896032833 0.008511538461538461 0.025075239398084814
0 0.7245961538461538 0.16249658002735978 0.014365384615384617 0.01560875512995896
0 0.7242000000000001 0.09744870041039672 0.008776923076923076 0.02838577291381669
0 0.7239346153846153 0.06599179206566348 0.010373076923076922 0.010882352941176471
0 0.7553230769230769 0.03406292749658003 0.015161538461538462 0.013248974008207934
0 0.7684884615384615 0.015376196990424076 0.013830769230769232 0.01844733242134063
0 0.7692884615384615 0.043755129958960325 0.00745 0.022236662106703144
0 0.7743423076923077 0.02459644322845417 0.011703846153846153 0.015136798905608755
0 0.7974846153846153 0.04091655266757866 0.013830769230769232 0.022236662106703144
0 0.8184961538461539 0.02649110807113543 0.01063846153846154 0.015136798905608755
0 0.8275423076923077 0.021053351573187416 0.009576923076923077 0.031696306429548564
0 0.8388461538461538 0.03476744186046511 0.010907692307692307 0.022236662106703144
0 0.7365692307692308 0.21192886456908344 0.012234615384615384 0.02838577291381669
0 0.7336423076923076 0.19348153214774283 0.011703846153846153 0.016080711354309166
0 0.7405576923076923 0.18331053351573187 0.008511538461538461 0.026019151846785226
0 0.7488038461538462 0.17337893296853624 0.014896153846153845 0.012770177838577293
0 0.7519961538461538 0.18874829001367988 0.010107692307692309 0.025547195622435022
0 0.7613076923076924 0.2045964432284542 0.014365384615384617 0.010882352941176471
0 0.7602423076923077 0.19348153214774283 0.009042307692307693 0.015136798905608755
0 0.7683538461538462 0.19395348837209303 0.008776923076923076 0.010410396716826266
0 0.7664923076923077 0.22541039671682628 0.01196923076923077 0.013720930232558139
0 0.7454807692307692 0.21950068399452807 0.016226923076923076 0.014192886456908345
0 0.7825884615384615 0.2398426812585499 0.010107692307692309 0.013248974008207934
0 0.7868423076923077 0.23747606019151846 0.003723076923076923 0.021757865937072504
0 0.7911 0.22352257181942545 0.017023076923076922 0.010882352941176471
0 0.7917653846153847 0.2050683994528044 0.01463076923076923 0.01182626538987688
0 0.8014730769230769 0.24078659370725033 0.014365384615384617 0.014192886456908345
0 0.7662269230769231 0.2843091655266758 0.014099999999999998 0.013248974008207934
0 0.7625038461538461 0.27224350205198355 0.013034615384615384 0.012770177838577293
0 0.7813884615384615 0.2864363885088919 0.01463076923076923 0.019398084815321476
0 0.7949576923076923 0.2892749658002736 0.010907692307692307 0.010882352941176471
0 0.7909653846153847 0.27981532147742816 0.007180769230769231 0.02412448700410397
0 0.8073269230769231 0.294952120383037 0.010107692307692309 0.0212859097127223
0 0.8166346153846153 0.2904582763337893 0.014896153846153845 0.016080711354309166
0 0.8173 0.26443912448700413 0.009842307692307692 0.021757865937072504
0 0.7708807692307692 0.3261764705882353 0.006915384615384616 0.028857729138166893
0 0.7747384615384615 0.3129274965800274 0.005053846153846154 0.026019151846785226
0 0.7561192307692308 0.2968467852257182 0.010907692307692307 0.019398084815321476
0 0.7417538461538461 0.3469904240766074 0.006119230769230769 0.022236662106703144
0 0.7486730769230769 0.3531395348837209 0.009311538461538461 0.013720930232558139
0 0.7597115384615385 0.35361149110807116 0.01276923076923077 0.009931600547195623
0 0.7631692307692308 0.36259917920656637 0.011703846153846153 0.012770177838577293
0 0.7051807692307692 0.35668946648426814 0.014365384615384617 0.017975376196990425
0 0.6870923076923077 0.35834473324213406 0.012234615384615384 0.020341997264021888
0 0.6717961538461539 0.35857729138166894 0.010373076923076922 0.020813953488372092
0 0.65025 0.36993160054719565 0.009842307692307692 0.016080711354309166
0 0.6301653846153846 0.39429548563611494 0.012234615384615384 0.026019151846785226
0 0.6376153846153846 0.3931121751025992 0.010107692307692309 0.015136798905608755
0 0.6497192307692308 0.3992612859097127 0.010373076923076922 0.010410396716826266
0 0.6510461538461538 0.3914569083447332 0.009311538461538461 0.013720930232558139
0 0.6579653846153847 0.3888577291381669 0.006119230769230769 0.022708618331053355
0 0.6594269230769231 0.4077770177838577 0.011703846153846153 0.009459644322845417
0 0.64945 0.4411285909712722 0.013034615384615384 0.009931600547195623
0 0.6473230769230769 0.4257523939808482 0.015161538461538462 0.016080711354309166
0 0.6237807692307692 0.4371067031463748 0.00798076923076923 0.02365253077975376
0 0.6303 0.42764705882352944 0.009311538461538461 0.019870041039671684
0 0.6366846153846154 0.47755129958960324 0.012503846153846154 0.009931600547195623
0 0.6316307692307692 0.46785909712722296 0.007180769230769231 0.009459644322845417
0 0.6305653846153846 0.4548495212038304 0.01196923076923077 0.009931600547195623
0 0.6614230769230769 0.44088919288645695 0.01196923076923077 0.012298221614227086
0 0.678976923076923 0.4501162790697675 0.013034615384615384 0.013720930232558139
0 0.6765846153846153 0.39902872777017784 0.006119230769230769 0.0212859097127223
0 0.6817692307692307 0.3995006839945281 0.006915384615384616 0.0212859097127223
0 0.6882884615384616 0.39595075239398086 0.008246153846153847 0.012298221614227086
0 0.7015884615384615 0.3857797537619699 0.008776923076923076 0.01655950752393981
0 0.693076923076923 0.4087209302325581 0.010907692307692307 0.017031463748290013
0 0.7054461538461538 0.40564979480164154 0.01276923076923077 0.012770177838577293
0 0.7082384615384616 0.3945348837209302 0.01196923076923077 0.010410396716826266
0 0.7176807692307693 0.39216826265389876 0.013830769230769232 0.011354309165526677
0 0.7397615384615385 0.3947674418604651 0.008511538461538461 0.025075239398084814
0 0.7352384615384615 0.43569083447332424 0.0133 0.017975376196990425
0 0.7293846153846154 0.4591039671682627 0.01063846153846154 0.01844733242134063
0 0.6916115384615384 0.4860670314637483 0.006915384615384616 0.01844733242134063
0 0.6896192307692308 0.46690834473324216 0.00665 0.017975376196990425
0 0.6485192307692308 0.4844117647058824 0.010107692307692309 0.016080711354309166
0 0.6562346153846154 0.4891450068399453 0.01063846153846154 0.017031463748290013
0 0.6596923076923077 0.4829958960328317 0.01063846153846154 0.012298221614227086
0 0.6658115384615384 0.48110123119015047 0.009576923076923077 0.014192886456908345
0 0.6752538461538462 0.4841792065663475 0.010373076923076922 0.01466484268125855
0 0.6584961538461538 0.5094870041039672 0.01463076923076923 0.013248974008207934
0 0.6606230769230769 0.5333720930232558 0.01463076923076923 0.017503419972640218
0 0.6835 0.5064090287277702 0.013565384615384616 0.019398084815321476
0 0.7135576923076923 0.4983652530779754 0.016226923076923076 0.010882352941176471
0 0.7378961538461538 0.4900889192886457 0.018619230769230766 0.011354309165526677
0 0.7378961538461538 0.48086183310533515 0.011703846153846153 0.01466484268125855
0 0.7583807692307692 0.4534268125854993 0.010107692307692309 0.02318057455540356
0 0.7631692307692308 0.502859097127223 0.010107692307692309 0.020813953488372092
0 0.7299192307692307 0.5120861833105335 0.009042307692307693 0.01560875512995896
0 0.7045153846153847 0.5326675786593708 0.00665 0.027435020519835842
0 0.7127615384615384 0.53218878248974 0.007715384615384615 0.019870041039671684
0 0.69015 0.5499316005471956 0.010373076923076922 0.022236662106703144
0 0.6728615384615385 0.5870656634746921 0.008246153846153847 0.025547195622435022
0 0.6756538461538462 0.5738235294117646 0.011703846153846153 0.012298221614227086
0 0.6775153846153846 0.5593912448700411 0.014365384615384617 0.017503419972640218
0 0.6821692307692309 0.58281121751026 0.013565384615384616 0.012298221614227086
0 0.6986615384615384 0.6033857729138167 0.013034615384615384 0.026019151846785226
0 0.7015884615384615 0.5802051983584131 0.00665 0.02412448700410397
0 0.7081038461538461 0.5671956224350205 0.010107692307692309 0.014192886456908345
0 0.7207423076923077 0.5901436388508892 0.016226923076923076 0.022236662106703144
0 0.725526923076923 0.5766621067031464 0.014099999999999998 0.015136798905608755
0 0.7329769230769231 0.5627017783857728 0.009842307692307692 0.01655950752393981
0 0.7345730769230769 0.5913269493844049 0.009311538461538461 0.027435020519835842
0 0.7440153846153846 0.5839945280437756 0.01063846153846154 0.020341997264021888
0 0.7526615384615385 0.540232558139535 0.008246153846153847 0.02838577291381669
0 0.741223076923077 0.528406292749658 0.01196923076923077 0.016080711354309166
0 0.7599769230769231 0.5603419972640219 0.0133 0.012770177838577293
0 0.7706153846153846 0.5527701778385773 0.009042307692307693 0.019398084815321476
0 0.7784653846153846 0.5236798905608755 0.01463076923076923 0.016080711354309166
0 0.7885730769230769 0.5558481532147743 0.010373076923076922 0.018919288645690834
0 0.7111653846153846 0.6357934336525307 0.013565384615384616 0.016080711354309166
0 0.7042499999999999 0.6603898768809849 0.015696153846153846 0.017975376196990425
0 0.7116961538461539 0.6942134062927497 0.01196923076923077 0.0212859097127223
0 0.7496038461538461 0.7095896032831738 0.013830769230769232 0.017975376196990425
0 0.7464115384615385 0.7464911080711354 0.01063846153846154 0.017031463748290013
0 0.6989269230769231 0.7673050615595075 0.013034615384615384 0.015136798905608755
0 0.7043807692307693 0.7576060191518467 0.009576923076923077 0.020341997264021888
0 0.7098346153846153 0.737264021887825 0.009311538461538461 0.013720930232558139
0 0.6884192307692308 0.7812585499316006 0.01276923076923077 0.019398084815321476
0 0.7156884615384616 0.7798358413132694 0.013565384615384616 0.019398084815321476
0 0.7069076923076923 0.845595075239398 0.010373076923076922 0.020341997264021888
0 0.71715 0.825013679890561 0.006915384615384616 0.025547195622435022
0 0.7210076923076922 0.8136593707250341 0.01196923076923077 0.012298221614227086
0 0.7198115384615384 0.804671682626539 0.019684615384615384 0.009459644322845417
0 0.7238 0.8396785225718194 0.00745 0.019870041039671684
0 0.7325769230769231 0.8446511627906977 0.010107692307692309 0.026019151846785226
0 0.73045 0.8261969904240767 0.0133 0.01466484268125855
0 0.7569192307692307 0.783625170998632 0.007180769230769231 0.02412448700410397
0 0.7492038461538462 0.8463064295485636 0.007715384615384615 0.02649110807113543
0 0.6889538461538461 0.8775239398084815 0.012234615384615384 0.013248974008207934
0 0.707173076923077 0.8690082079343365 0.007715384615384615 0.020813953488372092
0 0.7083730769230769 0.8931395348837209 0.015426923076923076 0.013248974008207934
0 0.7155538461538462 0.8808344733242134 0.014896153846153845 0.012298221614227086
0 0.7119115384615384 0.9645348837209303 0.012011538461538462 0.01642954856361149
0 0.7111653846153846 0.9340560875512995 0.016226923076923076 0.022236662106703144
0 0.6938730769230769 0.9456429548563612 0.012503846153846154 0.013248974008207934
0 0.7384307692307692 0.9293228454172368 0.01755769230769231 0.01560875512995896
0 0.7397615384615385 0.9125307797537618 0.010107692307692309 0.022708618331053355
0 0.7442807692307692 0.8905335157318741 0.014896153846153845 0.01182626538987688
0 0.7339076923076924 0.900232558139535 0.011703846153846153 0.011354309165526677
0 0.74415 0.9728454172366621 0.007180769230769231 0.030745554035567717
0 0.7433500000000001 0.9600752393980849 0.011438461538461538 0.020341997264021888
0 0.7636999999999999 0.9227017783857729 0.009576923076923077 0.029801641586867305
0 0.7486730769230769 0.872797537619699 0.008246153846153847 0.025547195622435022
0 0.7555884615384615 0.8720861833105336 0.007715384615384615 0.02412448700410397
0 0.7633 0.8777633378932969 0.010373076923076922 0.01466484268125855
0 0.7639653846153845 0.8593160054719562 0.008511538461538461 0.020341997264021888
0 0.7835192307692308 0.900704514363885 0.013565384615384616 0.022708618331053355
0 0.75785 0.9929274965800274 0.012234615384615384 0.01414500683994528
0 0.7933615384615383 0.9865663474692202 0.010907692307692307 0.022236662106703144
0 0.7938923076923077 0.9714295485636115 0.010907692307692307 0.022236662106703144
0 0.8250153846153846 0.9316894664842682 0.013034615384615384 0.01466484268125855
0 0.8299346153846153 0.94281121751026 0.011703846153846153 0.016080711354309166
0 0.8264769230769231 0.9851436388508892 0.013830769230769232 0.01655950752393981
0 0.8000115384615385 0.8959781121751027 0.007180769230769231 0.02365253077975376
0 0.8073269230769231 0.8588372093023255 0.009042307692307693 0.02412448700410397
0 0.7688884615384615 0.8500889192886456 0.011438461538461538 0.010410396716826266
0 0.7708807692307692 0.823358413132695 0.018619230769230766 0.013720930232558139
0 0.7684884615384615 0.8105882352941176 0.006384615384615385 0.02412448700410397
0 0.7734115384615384 0.8103488372093023 0.004523076923076923 0.019870041039671684
0 0.7777999999999999 0.8101162790697675 0.00531923076923077 0.022236662106703144
0 0.7875076923076924 0.7838577291381669 0.013034615384615384 0.017975376196990425
0 0.7730115384615385 0.761155950752394 0.0133 0.016080711354309166
0 0.7976153846153847 0.8243091655266759 0.01463076923076923 0.01560875512995896
0 0.8324615384615385 0.823358413132695 0.015161538461538462 0.017503419972640218
0 0.8415076923076923 0.8427564979480163 0.005584615384615384 0.019398084815321476
0 0.8149076923076924 0.8739808481532148 0.006119230769230769 0.01466484268125855
0 0.8240846153846153 0.871142270861833 0.012234615384615384 0.017503419972640218
0 0.8538769230769231 0.9525034199726402 0.011173076923076923 0.025075239398084814
0 0.848423076923077 0.9948221614227086 0.007715384615384615 0.010355677154582764
0 0.8622538461538461 0.9893775649794802 0.009311538461538461 0.021238030095759235
0 0.8669115384615383 0.9711901504787962 0.009042307692307693 0.014192886456908345
0 0.874623076923077 0.9671682626538988 0.011173076923076923 0.030745554035567717
0 0.9054807692307693 0.9569972640218879 0.01596153846153846 0.021757865937072504
0 0.8524115384615385 0.8765800273597811 0.01196923076923077 0.020813953488372092
0 0.9106692307692307 0.8893502051983584 0.008776923076923076 0.02459644322845417
0 0.9235692307692308 0.8772913816689466 0.01063846153846154 0.017503419972640218
0 0.9330115384615384 0.8772913816689466 0.010373076923076922 0.01655950752393981
0 0.9432538461538462 0.8569493844049247 0.015426923076923076 0.012770177838577293
0 0.9312846153846155 0.912298221614227 0.012234615384615384 0.0212859097127223
0 0.9584153846153847 0.9115868673050616 0.014365384615384617 0.014192886456908345
0 0.9626730769230768 0.9305061559507525 0.00745 0.025547195622435022
0 0.9783653846153846 0.8945554035567715 0.00798076923076923 0.02838577291381669
0 0.9965 0.8758686730506156 0.007 0.02412448700410397
0 0.9917999999999999 0.936655266757866 0.008776923076923076 0.015136798905608755
0 0.9372692307692309 0.9952941176470588 0.011438461538461538 0.009411764705882352
0 0.9765038461538461 0.821703146374829 0.0133 0.012298221614227086
0 0.9694538461538461 0.8037277701778386 0.009842307692307692 0.018919288645690834
0 0.9770384615384616 0.8063269493844049 0.006384615384615385 0.01466484268125855
0 0.9746423076923078 0.7843296853625171 0.011173076923076923 0.021757865937072504
0 0.9959653846153848 0.8278522571819426 0.008065384615384615 0.013248974008207934
0 0.8968346153846154 0.8323461012311902 0.008776923076923076 0.022236662106703144
0 0.9038846153846154 0.8323461012311902 0.008511538461538461 0.022236662106703144
0 0.9141269230769231 0.8176812585499317 0.01196923076923077 0.026963064295485638
0 0.9150576923076923 0.7855129958960329 0.011173076923076923 0.029801641586867305
0 0.9323461538461538 0.7469630642954856 0.011703846153846153 0.015136798905608755
0 0.9420576923076923 0.7566621067031464 0.009311538461538461 0.012770177838577293
0 0.9492384615384616 0.7464911080711354 0.01196923076923077 0.014192886456908345
0 0.9592153846153846 0.7471956224350206 0.014896153846153845 0.01844733242134063
0 0.8977653846153847 0.8200478796169631 0.00798076923076923 0.0212859097127223
0 0.8976346153846153 0.7949794801641586 0.008776923076923076 0.026019151846785226
0 0.885 0.8186320109439124 0.009576923076923077 0.027913816689466485
0 0.8637192307692309 0.8011285909712722 0.005853846153846154 0.010882352941176471
0 0.8755538461538461 0.801361149110807 0.007180769230769231 0.010410396716826266
0 0.8701038461538462 0.7907181942544459 0.011703846153846153 0.01466484268125855
0 0.8589307692307692 0.7888235294117647 0.011173076923076923 0.017503419972640218
0 0.7847692307692308 0.0760328317373461 0.01003846153846154 0.01651846785225718
0 0.7896423076923078 0.09544459644322845 0.01156923076923077 0.01982216142270862
0 0.7809461538461538 0.09071819425444597 0.013565384615384616 0.008645690834473325
0 0.7439269230769231 0.07861149110807114 0.011496153846153847 0.01651846785225718
0 0.7402230769230769 0.09285909712722297 0.01138076923076923 0.0162859097127223
0 0.7515423076923077 0.07022571819425445 0.010496153846153846 0.013508891928864569
0 0.7564153846153846 0.10963064295485636 0.0055307692307692315 0.025841313269493845
0 0.76 0.09049931600547195 0.01485 0.007257181942544459
0 0.7606423076923077 0.07989740082079344 0.016407692307692307 0.00878248974008208
0 0.7605230769230769 0.11106019151846785 0.0069807692307692305 0.028132694938440495
0 0.7504961538461539 0.1227359781121751 0.010657692307692307 0.00908344733242134
0 0.7657192307692308 0.111703146374829 0.007223076923076923 0.024268125854993158
0 0.7708730769230769 0.1138577291381669 0.005930769230769231 0.018248974008207935
0 0.7809423076923077 0.11879616963064296 0.013503846153846154 0.012667578659370725
0 0.7715192307692308 0.1435841313269494 0.008246153846153847 0.012961696306429548
0 0.7861423076923078 0.13813953488372094 0.008488461538461538 0.008372093023255815
0 0.7987076923076922 0.13326949384404926 0.011392307692307693 0.00951436388508892
0 0.7889192307692308 0.14658686730506157 0.006315384615384616 0.013686730506155952
0 0.7941153846153846 0.16808481532147743 0.010357692307692307 0.018987688098495215
0 0.8355615384615385 0.15963064295485635 0.007692307692307693 0.02213406292749658
0 0.8316961538461538 0.12244870041039672 0.017438461538461538 0.014815321477428181
0 0.8135692307692308 0.09000000000000001 0.013088461538461538 0.015711354309165527
0 0.8304461538461538 0.061484268125854995 0.008819230769230768 0.020595075239398086
0 0.8556192307692309 0.014569083447332421 0.012126923076923077 0.008761969904240767
0 0.8640769230769231 0.012913816689466484 0.007688461538461538 0.01631326949384405
0 0.8680653846153845 0.04322161422708618 0.008411538461538462 0.021949384404924763
0 0.8546115384615384 0.04536935704514364 0.005923076923076923 0.01765389876880985
0 0.8592461538461539 0.04357729138166895 0.00971153846153846 0.01350205198358413
0 0.8876000000000001 0.05461012311901505 0.009296153846153846 0.024103967168262654
0 0.8971884615384615 0.04601231190150479 0.012134615384615384 0.012065663474692203
0 0.9124923076923077 0.08140218878248974 0.009561538461538462 0.018666210670314636
0 0.9205884615384616 0.0778248974008208 0.007115384615384615 0.022393980848153215
0 0.9092307692307692 0.10124487004103967 0.009530769230769232 0.01939124487004104
0 0.9113230769230769 0.13434336525307797 0.010446153846153846 0.023700410396716824
0 0.8715346153846153 0.005718194254445964 0.008869230769230768 0.011429548563611492
0 0.9138076923076923 0.06163474692202462 0.008646153846153847 0.01619015047879617
0 0.9257307692307692 0.054145006839945276 0.006815384615384615 0.010697674418604652
0 0.9346923076923076 0.08038987688098495 0.0056076923076923075 0.022270861833105338
0 0.9388192307692307 0.09218194254445965 0.010357692307692307 0.013823529411764707
0 0.9517 0.10619015047879617 0.013607692307692308 0.015164158686730508
0 0.925853846153846 0.1310328317373461 0.013069230769230769 0.01265389876880985
0 0.9175576923076924 0.16735978112175104 0.01086153846153846 0.02719562243502052
0 0.8692 0.14645690834473324 0.008203846153846154 0.020957592339261286
0 0.8621961538461539 0.13777701778385773 0.012807692307692306 0.008946648426812585
0 0.8497730769230769 0.1295485636114911 0.0076346153846153855 0.024514363885088923
0 0.8568192307692307 0.11286593707250342 0.012957692307692307 0.014274965800273598
0 0.8579461538461538 0.12190834473324212 0.0053 0.016265389876880986
0 0.858153846153846 0.08928864569083447 0.014626923076923077 0.016935704514363888
0 0.8814576923076923 0.18671682626538988 0.012307692307692308 0.016080711354309166
0 0.8685769230769231 0.2051778385772914 0.010557692307692308 0.022763337893296855
0 0.8634499999999999 0.22163474692202462 0.015307692307692307 0.011935704514363885
0 0.8551923076923077 0.20272913816689467 0.009207692307692307 0.01253077975376197
0 0.8336384615384616 0.2142202462380301 0.01463076923076923 0.01890560875512996
0 0.8547769230769231 0.25426128590971275 0.007373076923076924 0.029596443228454176
0 0.8469384615384615 0.2662722298221614 0.0073 0.025150478796169634
0 0.8654461538461538 0.2680506155950752 0.012707692307692307 0.014480164158686732
0 0.8890846153846154 0.25559507523939806 0.01256153846153846 0.014473324213406294
0 0.8979653846153847 0.2565595075239398 0.0063076923076923076 0.02055403556771546
0 0.8865846153846153 0.27056771545827635 0.014453846153846154 0.008358413132694939
0 0.8807076923076924 0.3025991792065663 0.012203846153846154 0.02367989056087551
0 0.8849153846153847 0.3034131326949384 0.01011923076923077 0.014042407660738715
0 0.8774538461538463 0.3236593707250342 0.014703846153846152 0.015383036935704513
0 0.8694500000000001 0.31653898768809846 0.015307692307692307 0.013604651162790698
0 0.8591961538461538 0.3163885088919289 0.008803846153846153 0.022797537619699042
0 0.853023076923077 0.30564295485636117 0.011873076923076924 0.013153214774281805
0 0.8120038461538461 0.33077291381668944 0.008126923076923077 0.01716826265389877
0 0.8012923076923077 0.30474692202462383 0.006042307692307692 0.02510259917920657
0 0.9326076923076924 0.19138166894664843 0.012446153846153846 0.012968536251709987
0 0.9413192307692307 0.19197674418604652 0.010357692307692307 0.015341997264021887
0 0.9537461538461538 0.1790766073871409 0.00918846153846154 0.02512311901504788
0 0.9806346153846154 0.1941997264021888 0.016580769230769232 0.012674418604651164
0 0.970126923076923 0.13244186046511627 0.008573076923076923 0.028515731874145005
0 0.9877230769230769 0.14355677154582763 0.012411538461538463 0.01863201094391245
0 0.9872192307692308 0.12057455540355677 0.007407692307692309 0.023768809849521205
0 0.994676923076923 0.1233173734610123 0.010646153846153847 0.015615595075239398
0 0.9908884615384616 0.1079001367989056 0.01308076923076923 0.010861833105335159
0 0.9775923076923076 0.10062927496580028 0.01316153846153846 0.011976744186046513
0 0.9633730769230769 0.059630642954856365 0.009938461538461538 0.010403556771545829
0 0.9777153846153845 0.04168946648426813 0.007407692307692309 0.023153214774281807
0 0.9883884615384615 0.043618331053351576 0.008076923076923077 0.02463064295485636
0 0.9872192307692308 0.06993844049247606 0.0066 0.019158686730506157
0 0.9864692307692309 0.08543091655266759 0.013911538461538463 0.014500683994528044
0 0.9503692307692307 0.020772913816689467 0.0050692307692307694 0.02045143638850889
0 0.9430730769230768 0.01766073871409029 0.009153846153846155 0.01600547195622435
0 0.9542038461538461 0.007941176470588234 0.005603846153846154 0.01588235294117647
0 0.9718384615384617 0.0287140902872777 0.008657692307692309 0.021511627906976742
0 0.9718807692307692 0.009425444596443228 0.011073076923076923 0.01884404924760602
0 0.9680038461538462 0.005718194254445964 0.009323076923076922 0.011429548563611492
0 0.9233115384615385 0.22753761969904243 0.013361538461538463 0.020629274965800273
0 0.9203115384615385 0.2585294117647059 0.011649999999999999 0.019158686730506157
0 0.9374423076923076 0.259343365253078 0.010107692307692309 0.011299589603283174
0 0.9299807692307691 0.26853625170998635 0.006315384615384616 0.026655266757865937
0 0.9542461538461539 0.2907113543091655 0.008819230769230768 0.02243502051983584
0 0.9553730769230768 0.2746922024623803 0.015073076923076922 0.015307797537619698
0 0.9769653846153846 0.27677154582763336 0.0091 0.027175102599179206
0 0.9727538461538461 0.30004787961696305 0.010823076923076923 0.0179890560875513
0 0.9945076923076922 0.29434336525307797 0.010980769230769231 0.014274965800273598
0 0.95145 0.34142270861833107 0.010107692307692309 0.024227086183310535
0 0.9750038461538463 0.36210670314637483 0.005684615384615384 0.02112175102599179
0 0.9577461538461538 0.36855677154582767 0.015823076923076922 0.012674418604651164
0 0.9434884615384616 0.38701778385772917 0.012692307692307692 0.01579343365253078
0 0.9412384615384615 0.3721203830369357 0.0058153846153846155 0.018009575923392612
0 0.9314846153846155 0.3661833105335157 0.014319230769230768 0.017414500683994527
0 0.9054269230769231 0.37278385772913814 0.009896153846153846 0.02112859097127223
0 0.9103461538461539 0.3647742818057455 0.004946153846153846 0.019343365253077976
0 0.9163076923076924 0.29982900136798907 0.01065 0.013980848153214775
0 0.9262307692307692 0.3020519835841313 0.011815384615384615 0.01665526675786594
0 0.9380692307692308 0.30071819425444596 0.01286153846153846 0.022879616963064297
0 0.9599961538461538 0.4052462380300958 0.006684615384615384 0.021997264021887824
0 0.9517423076923077 0.4139945280437756 0.005819230769230769 0.022298221614227086
0 0.9564961538461538 0.429781121751026 0.010323076923076923 0.019069767441860463
0 0.9436153846153846 0.4201504787961696 0.008438461538461539 0.014439124487004103
0 0.9156807692307692 0.46292749658002735 0.016615384615384615 0.015191518467852258
0 0.9692538461538461 0.4575923392612859 0.010188461538461539 0.016969904240766075
0 0.9772153846153847 0.4672982216142271 0.008407692307692307 0.017578659370725034
0 0.9831346153846154 0.45974008207934336 0.00543076923076923 0.01889876880984952
0 0.9961769230769231 0.46952804377564983 0.007646153846153846 0.01890560875512996
0 0.9746307692307692 0.4897674418604651 0.012576923076923078 0.011785225718194254
0 0.9820076923076922 0.49221614227086186 0.011684615384615384 0.010902872777017783
0 0.9818423076923076 0.509562243502052 0.011661538461538461 0.01179890560875513
0 0.9851346153846153 0.5251367989056087 0.007576923076923077 0.021593707250341997
0 0.9707115384615385 0.5292134062927497 0.013603846153846152 0.0143296853625171
0 0.9669576923076924 0.5225376196990424 0.009103846153846155 0.013433652530779754
0 0.9655 0.5411491108071135 0.009688461538461538 0.016258549931600547
0 0.9898884615384616 0.5422640218878249 0.007076923076923076 0.023823529411764705
0 0.9886384615384616 0.5614637482900137 0.010576923076923078 0.02012311901504788
0 0.9902653846153846 0.5803009575923392 0.01283076923076923 0.010930232558139534
0 0.9812576923076923 0.5745896032831737 0.009184615384615385 0.016121751025991792
0 0.9756307692307692 0.5877086183310534 0.012576923076923078 0.012790697674418604
0 0.9667500000000001 0.56406292749658 0.005184615384615385 0.02116279069767442
0 0.9555807692307693 0.586374829001368 0.015157692307692306 0.015458276333789331
0 0.9583307692307692 0.5725854993160054 0.014657692307692307 0.013898768809849521
0 0.9427384615384615 0.5810396716826266 0.006819230769230769 0.016566347469220245
0 0.9346923076923076 0.5701436388508891 0.0066076923076923075 0.021456908344733242
0 0.9489923076923077 0.5516005471956225 0.011319230769230769 0.014432284541723668
0 0.9474499999999999 0.5412243502051983 0.008107692307692307 0.01878248974008208
0 0.8991730769230769 0.4175512995896033 0.006615384615384615 0.02051983584131327
0 0.8884615384615384 0.4266689466484268 0.01231153846153846 0.013850889192886457
0 0.8815807692307693 0.40947332421340626 0.006557692307692308 0.025109439124487005
0 0.8769115384615384 0.3735088919288646 0.010892307692307692 0.01783173734610123
0 0.8686999999999999 0.405984952120383 0.014207692307692307 0.015177838577291382
0 0.858276923076923 0.4224487004103967 0.011373076923076923 0.012510259917920655
0 0.851526923076923 0.42793433652530777 0.010134615384615386 0.019336525307797538
0 0.8365192307692307 0.4464705882352941 0.015134615384615385 0.01430232558139535
0 0.8403115384615384 0.4369015047879617 0.010961538461538462 0.011183310533515733
0 0.8254269230769231 0.40910396716826264 0.008711538461538462 0.026744186046511628
0 0.8422692307692308 0.37284541723666215 0.012376923076923077 0.01649794801641587
0 0.8260115384615385 0.38122435020519835 0.009876923076923077 0.018426812585499316
0 0.81605 0.3921203830369357 0.006546153846153846 0.024213406292749658
0 0.7681076923076923 0.39300957592339264 0.0063692307692307685 0.02599863201094391
0 0.7857807692307692 0.36483584131326946 0.011042307692307693 0.018276333789329684
0 0.7927846153846153 0.35541723666210673 0.014046153846153847 0.014863201094391244
0 0.808876923076923 0.35971956224350204 0.01688076923076923 0.011600547195622436
0 0.80475 0.392421340629275 0.009626923076923078 0.025403556771545828
0 0.8117538461538462 0.4324555403556772 0.013384615384615384 0.01651846785225718
0 0.7911192307692307 0.4188850889192886 0.009634615384615386 0.023187414500683994
0 0.7769846153846154 0.44550615595075244 0.006884615384615384 0.02423392612859097
0 0.7888692307692308 0.4549179206566348 0.015876923076923077 0.011634746922024625
0 0.7906576923076923 0.481764705882353 0.012219230769230769 0.018461012311901503
0 0.7876576923076923 0.47471956224350204 0.012792307692307691 0.017421340629274966
0 0.8632807692307694 0.4664911080711354 0.012373076923076924 0.016976744186046513
0 0.8600269230769232 0.4586320109439124 0.006869230769230769 0.018454172366621068
0 0.8770384615384617 0.44335157318741447 0.007869230769230769 0.016969904240766075
0 0.8901692307692308 0.4670793433652531 0.011392307692307693 0.01756497948016416
0 0.8894615384615384 0.4544733242134063 0.014703846153846152 0.010745554035567716
0 0.8955884615384616 0.45914500683994525 0.006446153846153847 0.01652530779753762
0 0.8747038461538461 0.48472640218878243 0.014203846153846154 0.01609439124487004
0 0.8727846153846153 0.47383036935704514 0.01036923076923077 0.022763337893296855
0 0.8616538461538462 0.48183310533515733 0.006384615384615385 0.019206566347469218
0 0.8449384615384616 0.49621751025991795 0.008707692307692309 0.018912448700410395
0 0.8009999999999999 0.5340355677154582 0.010126923076923077 0.016258549931600547
0 0.8056692307692307 0.5571614227086183 0.005792307692307692 0.022886456908344732
0 0.8346846153846154 0.532250341997264 0.013800000000000002 0.012694938440492475
0 0.8430192307692307 0.5438166894664842 0.013876923076923077 0.018036935704514364
0 0.8243038461538462 0.5711764705882353 0.008046153846153847 0.024719562243502052
0 0.8669076923076923 0.5240082079343366 0.006119230769230769 0.02289329685362517
0 0.8715346153846153 0.5122229822161423 0.010138461538461539 0.018885088919288646
0 0.8596961538461538 0.5119972640218878 0.009803846153846153 0.01844049247606019
0 0.8664499999999999 0.5478864569083447 0.007303846153846153 0.0267578659370725
0 0.8520269230769231 0.5449931600547195 0.007134615384615385 0.017414500683994527
0 0.8599461538461539 0.5634541723666211 0.01730769230769231 0.013419972640218878
0 0.8593192307692308 0.5553693570451437 0.011053846153846154 0.009117647058823529
0 0.8516923076923077 0.5879206566347469 0.011803846153846154 0.01771545827633379
0 0.8486499999999999 0.5767989056087551 0.01238846153846154 0.013419972640218878
0 0.904676923076923 0.5727222982216142 0.0164 0.01357045143638851
0 0.7749 0.6389945280437757 0.007719230769230769 0.021573187414500684
0 0.7911576923076924 0.6171956224350206 0.014219230769230769 0.017113543091655265
0 0.8023730769230769 0.6137072503419972 0.010134615384615386 0.01963064295485636
0 0.86795 0.6181532147742819 0.011703846153846153 0.012517099863201094
0 0.8889615384615386 0.6059233926128591 0.013311538461538461 0.014740082079343365
0 0.8993 0.6134131326949384 0.011646153846153846 0.016668946648426813
0 0.9101807692307692 0.6352804377564979 0.012396153846153845 0.01830369357045144
0 0.8923384615384615 0.6441792065663474 0.00895 0.02008891928864569
0 0.87245 0.6321682626538988 0.009703846153846153 0.017414500683994527
0 0.8158807692307692 0.6501846785225719 0.0071307692307692305 0.021422708618331055
0 0.8228000000000001 0.658344733242134 0.01105 0.019350205198358412
0 0.8450615384615384 0.6726538987688099 0.01646153846153846 0.016538987688098496
0 0.8025423076923077 0.6786593707250342 0.009465384615384615 0.019658002735978113
0 0.7918692307692308 0.6822161422708618 0.013876923076923077 0.019658002735978113
0 0.8874192307692308 0.6945827633378933 0.013119230769230768 0.017113543091655265
0 0.8667846153846154 0.7299521203830369 0.013642307692307691 0.023796169630642953
0 0.8443961538461537 0.7226128590971272 0.013888461538461539 0.023344733242134066
0 0.8348076923076924 0.7393638850889194 0.009961538461538461 0.014753761969904241
0 0.8300153846153846 0.7383994528043776 0.011134615384615385 0.014008207934336525
0 0.7906192307692308 0.7304719562243502 0.013376923076923078 0.014746922024623802
0 0.8824153846153847 0.7332900136798906 0.00811923076923077 0.025129958960328318
0 0.8485653846153846 0.7508618331053352 0.009457692307692308 0.019350205198358412
0 0.8535269230769231 0.7533036935704513 0.009873076923076924 0.011792065663474691
0 0.8884615384615384 0.7524897400820794 0.0063076923076923076 0.02677154582763338
0 0.8944230769230769 0.752640218878249 0.009115384615384615 0.014015047879616962
0 0.9020923076923077 0.7597606019151847 0.010450000000000001 0.028255813953488373
0 0.9404461538461538 0.676641586867305 0.011107692307692308 0.020957592339261286
0 0.9517 0.7246101231190151 0.007603846153846154 0.025574555403556774
0 0.9850115384615385 0.6977701778385773 0.015330769230769231 0.013406292749658004
0 0.9814692307692309 0.682421340629275 0.007907692307692307 0.012954856361149111
0 0.9751307692307692 0.7183857729138167 0.009573076923076924 0.0220109439124487
0 0.9462423076923077 0.6505403556771546 0.0071884615384615385 0.021545827633378933
0 0.9340692307692308 0.6477222982216142 0.007857692307692307 0.02006155950752394
0 0.9228115384615384 0.64171682626539 0.007646153846153846 0.02406292749658003
0 0.9290653846153847 0.6239261285909712 0.017153846153846155 0.01337893296853625
0 0.9527038461538462 0.6296306429548564 0.009403846153846153 0.017086183310533517
0 0.9594961538461538 0.6290424076607387 0.009688461538461538 0.032510259917920656
0 0.9695038461538462 0.6234815321477428 0.010323076923076923 0.017824897400820792
0 0.9565807692307693 0.6710807113543091 0.006153846153846154 0.008057455540355677
0 0.8660730769230769 0.9083720930232558 0.007553846153846154 0.012941176470588237
0 0.834346153846154 0.8001778385772913 0.013903846153846154 0.01490424076607387
0 0.8174384615384616 0.79 0.007426923076923077 0.024158686730506158
0 0.822423076923077 0.7864500683994528 0.01035 0.009042407660738714
0 0.8707615384615385 0.924439124487004 0.006865384615384616 0.01822845417236662
0 0.3203576923076923 0.009404924760601915 0.009257692307692307 0.01881668946648427
0 0.12242307692307693 0.5853761969904241 0.008315384615384615 0.020540355677154582
0 0.5814 0.5266347469220246 0.011550000000000001 0.011504787961696307
0 0.2811153846153846 0.7731053351573187 0.011550000000000001 0.01971956224350205
0 0.011088461538461538 0.5241655266757866 0.005542307692307693 0.01478796169630643
0 0.9952423076923077 0.3216484268125855 0.009515384615384615 0.01889876880984952
0 0.9966269230769231 0.25715458276333786 0.006742307692307692 0.013146374829001366
0 0.9950115384615386 0.42599179206566345 0.009976923076923078 0.01560875512995896
0 0.9722384615384616 0.329452804377565 0.01709230769230769 0.01478796169630643