0 0.422 0.5662222222222222 0.012 0.016888888888888887
0 0.79475 0.3973333333333333 0.012 0.020888888888888887
0 0.7765 0.9182222222222223 0.014 0.017777777777777778
0 0.30475 0.17333333333333334 0.0135 0.016888888888888887
0 0.30775 0.2826666666666667 0.01475 0.015111111111111112
0 0.80875 0.44222222222222224 0.01375 0.017333333333333333
0 0.9165 0.128 0.0145 0.015111111111111112
0 0.803 0.24 0.0135 0.018222222222222223
0 0.1325 0.7244444444444444 0.01325 0.015555555555555555
0 0.41725 0.2644444444444444 0.01125 0.014666666666666666
0 0.476 0.6306666666666667 0.009 0.016
0 0.55625 0.26711111111111113 0.01075 0.015555555555555555
0 0.7125 0.8466666666666667 0.01125 0.021333333333333333
0 0.46825 0.39511111111111114 0.01225 0.015555555555555555
0 0.5565 0.05644444444444444 0.0095 0.018222222222222223
0 0.044 0.5088888888888888 0.016 0.016888888888888887
0 0.0065 0.8226666666666667 0.011 0.021333333333333333
0 0.966 0.8635555555555555 0.00975 0.016
0 0.72025 0.7422222222222222 0.00975 0.017777777777777778
0 0.701 0.34355555555555556 0.01125 0.017333333333333333
0 0.373 0.23066666666666666 0.00875 0.021333333333333333
0 0.679 0.428 0.0175 0.015555555555555555
0 0.451 0.7071111111111111 0.01175 0.017777777777777778
0 0.2645 0.5177777777777778 0.0135 0.015555555555555555
0 0.75675 0.7653333333333333 0.00975 0.02666666666666667
0 0.502 0.9835555555555555 0.009 0.016
0 0.92725 0.17644444444444443 0.0125 0.016444444444444446
0 0.90075 0.006222222222222222 0.0175 0.012444444444444444
0 0.556 0.45466666666666666 0.0095 0.016
0 0.96625 0.10355555555555555 0.014 0.016
0 0.007 0.08933333333333333 0.01275 0.01911111111111111
0 0.9145 0.9235555555555556 0.01525 0.018222222222222223
0 0.83675 0.38533333333333336 0.01425 0.013777777777777778
0 0.72425 0.14444444444444443 0.0105 0.02
0 0.70375 0.7857777777777778 0.014 0.019555555555555555
0 0.86125 0.9671111111111111 0.015 0.013777777777777778
0 0.72175 0.4226666666666667 0.016 0.014666666666666666
0 0.6125 0.06133333333333333 0.014 0.014222222222222223
0 0.77825 0.13377777777777777 0.01225 0.016444444444444446
0 0.5505 0.17155555555555554 0.012 0.016
0 0.7235 0.6164444444444445 0.015 0.01911111111111111
0 0.97675 0.8795555555555555 0.01175 0.014666666666666666
0 0.0855 0.10222222222222223 0.01275 0.020444444444444446
0 0.488 0.36 0.01575 0.02
0 0.019 0.7146666666666667 0.01725 0.017333333333333333
0 0.234 0.628 0.0125 0.01911111111111111
0 0.99375 0.23066666666666666 0.0125 0.018222222222222223
0 0.204 0.48844444444444446 0.01575 0.013777777777777778
0 0.92375 0.19644444444444445 0.013 0.018222222222222223
0 0.0855 0.9382222222222222 0.0175 0.016888888888888887
0 0.924 0.4093333333333333 0.01475 0.015111111111111112
0 0.36775 0.13111111111111112 0.012 0.019555555555555555
0 0.173 0.10088888888888889 0.016 0.018666666666666668
0 0.44375 0.3857777777777778 0.013 0.014666666666666666
0 0.41325 0.7786666666666666 0.01425 0.018666666666666668
0 0.10325 0.6368888888888888 0.01275 0.020444444444444446
0 0.242 0.2782222222222222 0.01 0.01911111111111111
0 0.44 0.9595555555555556 0.017 0.016
0 0.6275 0.964 0.01325 0.01911111111111111
0 0.77375 0.6297777777777778 0.0115 0.021777777777777778
0 0.7665 0.9933333333333333 0.0125 0.013333333333333334
0 0.167 0.8337777777777777 0.01425 0.02
0 0.8785 0.5386666666666666 0.01325 0.016444444444444446
0 0.52875 0.020444444444444446 0.0125 0.017777777777777778
0 0.51225 0.033777777777777775 0.0135 0.017333333333333333
0 0.46175 0.28444444444444444 0.01475 0.014666666666666666
0 0.7505 0.188 0.01375 0.013333333333333334
0 0.6135 0.2906666666666667 0.01175 0.02
0 0.6735 0.764 0.0105 0.019555555555555555
0 0.294 0.11377777777777778 0.0135 0.016888888888888887
0 0.20125 0.1537777777777778 0.015 0.017333333333333333
0 0.633 0.06088888888888889 0.015 0.017333333333333333
0 0.77725 0.3075555555555556 0.0095 0.014222222222222223
0 0.8945 0.31244444444444447 0.01325 0.017333333333333333
0 0.571 0.6008888888888889 0.01125 0.020888888888888887
0 0.88375 0.35777777777777775 0.0125 0.018666666666666668
0 0.87 0.24666666666666667 0.01625 0.017777777777777778
0 0.34675 0.35644444444444445 0.017 0.016444444444444446
0 0.698 0.10177777777777777 0.00925 0.025333333333333333
0 0.5245 0.8235555555555556 0.0175 0.017777777777777778
0 0.97725 0.33244444444444443 0.01225 0.016444444444444446
0 0.886 0.9928888888888889 0.009 0.014222222222222223
0 0.59875 0.45466666666666666 0.01125 0.016888888888888887
0 0.74175 0.8191111111111111 0.0155 0.014666666666666666
0 0.07325 0.2311111111111111 0.01675 0.016888888888888887
0 0.7755 0.32266666666666666 0.00875 0.016888888888888887
0 0.64825 0.3497777777777778 0.01525 0.012888888888888889
0 0.6785 0.6906666666666667 0.0145 0.017333333333333333
0 0.8925 0.5471111111111111 0.01075 0.021333333333333333
0 0.4305 0.24355555555555555 0.01475 0.017333333333333333
0 0.9435 0.1791111111111111 0.0115 0.015111111111111112
0 0.64175 0.364 0.01225 0.015111111111111112
0 0.23925 0.050222222222222224 0.012 0.020444444444444446
0 0.482 0.4288888888888889 0.01175 0.012888888888888889
0 0.9755 0.6164444444444445 0.0145 0.012888888888888889
0 0.09175 0.06355555555555556 0.0115 0.014222222222222223
0 0.521 0.6511111111111111 0.0095 0.014222222222222223
0 0.268 0.8293333333333334 0.01025 0.020888888888888887
0 0.7115 0.5764444444444444 0.01 0.02266666666666667
0 0.63625 0.5924444444444444 0.01075 0.02266666666666667
0 0.6645 0.4728888888888889 0.0115 0.016444444444444446
0 0.041 0.4608888888888889 0.00975 0.024444444444444446
0 0.29225 0.9 0.01675 0.015111111111111112
0 0.905 0.2511111111111111 0.016 0.013333333333333334
0 0.42575 0.0768888888888889 0.01225 0.017777777777777778
0 0.83975 0.688 0.01375 0.013777777777777778
0 0.7525 0.5208888888888888 0.0115 0.02266666666666667
0 0.042 0.9644444444444444 0.01425 0.015111111111111112
0 0.597 0.28355555555555556 0.0115 0.024444444444444446
0 0.70375 0.3844444444444444 0.00975 0.02666666666666667
0 0.68575 0.9848888888888889 0.01525 0.014222222222222223
0 0.39475 0.43733333333333335 0.0125 0.021777777777777778
0 0.759 0.9204444444444444 0.01275 0.020444444444444446
0 0.25575 0.1768888888888889 0.014 0.015555555555555555
0 0.75025 0.5697777777777778 0.01025 0.017333333333333333
0 0.34625 0.06266666666666666 0.01475 0.016444444444444446
0 0.78975 0.14044444444444446 0.00925 0.020888888888888887
0 0.616 0.9395555555555556 0.00775 0.014222222222222223
0 0.01775 0.7493333333333333 0.0145 0.020444444444444446
0 0.37475 0.6884444444444444 0.01625 0.019555555555555555
0 0.89 0.28 0.00875 0.019555555555555555
0 0.64725 0.5 0.0135 0.012888888888888889
0 0.0295 0.6391111111111111 0.01175 0.015111111111111112
0 0.08875 0.5022222222222222 0.01225 0.021333333333333333
0 0.602 0.5253333333333333 0.01425 0.018666666666666668
0 0.194 0.30133333333333334 0.0105 0.024
0 0.49 0.16133333333333333 0.00975 0.024888888888888887
0 0.941 0.4391111111111111 0.01175 0.014666666666666666
0 0.89875 0.21644444444444444 0.01225 0.014666666666666666
0 0.86375 0.8471111111111111 0.00825 0.015555555555555555
0 0.04025 0.6768888888888889 0.012 0.020888888888888887
0 0.255 0.3586666666666667 0.0115 0.024
0 0.65125 0.43377777777777776 0.01425 0.014222222222222223
0 0.11625 0.8048888888888889 0.015 0.014222222222222223
0 0.7385 0.88 0.008 0.024
0 0.78075 0.184 0.0105 0.016
0 0.6405 0.9568888888888889 0.01525 0.015555555555555555
0 0.572 0.4235555555555556 0.01175 0.02
0 0.7515 0.128 0.0085 0.022222222222222223
0 0.86625 0.6853333333333333 0.00775 0.026222222222222223
0 0.05725 0.06444444444444444 0.01075 0.021777777777777778
0 0.35575 0.4022222222222222 0.016 0.015111111111111112
0 0.1375 0.568 0.01775 0.014666666666666666
0 0.61775 0.17777777777777778 0.0095 0.017777777777777778
0 0.80575 0.7244444444444444 0.0115 0.012
0 0.62675 0.29244444444444445 0.0175 0.015111111111111112
0 0.618 0.4102222222222222 0.01 0.023555555555555555
0 0.54275 0.984 0.01225 0.014222222222222223
0 0.052 0.39511111111111114 0.01225 0.014222222222222223
0 0.979 0.9702222222222222 0.0095 0.021777777777777778
0 0.55625 0.09022222222222222 0.013 0.017333333333333333
0 0.04875 0.6893333333333334 0.01175 0.024
0 0.4645 0.8462222222222222 0.00825 0.026222222222222223
0 0.176 0.5462222222222223 0.01175 0.017333333333333333
0 0.35675 0.9248888888888889 0.0135 0.020444444444444446
0 0.0195 0.3977777777777778 0.01475 0.014666666666666666
0 0.616 0.5 0.01375 0.016
0 0.97625 0.08266666666666667 0.011 0.017333333333333333
0 0.468 0.6528888888888889 0.01 0.020444444444444446
0 0.373 0.8244444444444444 0.01975 0.017333333333333333
0 0.58925 0.0791111111111111 0.01225 0.018666666666666668
0 0.15225 0.576 0.01525 0.017333333333333333
0 0.23375 0.448 0.0095 0.028888888888888888
0 0.20725 0.6488888888888888 0.017 0.016
0 0.79425 0.7093333333333334 0.009 0.020888888888888887
0 0.78075 0.76 0.01125 0.022222222222222223
0 0.69025 0.184 0.01075 0.028444444444444446
0 0.54925 0.7226666666666667 0.0145 0.013333333333333334
0 0.225 0.6244444444444445 0.01425 0.02266666666666667
0 0.32675 0.456 0.012 0.020888888888888887
0 0.60525 0.7773333333333333 0.00925 0.023555555555555555
0 0.0485 0.17466666666666666 0.01075 0.02266666666666667
0 0.7905 0.4737777777777778 0.0085 0.02
0 0.339 0.3257777777777778 0.0085 0.021333333333333333
0 0.86775 0.056 0.011 0.016888888888888887
0 0.955 0.7044444444444444 0.009 0.02266666666666667
0 0.2175 0.9915555555555555 0.009 0.016888888888888887
0 0.7895 0.6631111111111111 0.01125 0.02
0 0.61625 0.8084444444444444 0.016 0.012
0 0.84925 0.9053333333333333 0.01375 0.020888888888888887
0 0.34975 0.6506666666666666 0.0095 0.020888888888888887
0 0.7875 0.12133333333333333 0.01 0.015555555555555555
0 0.138 0.4582222222222222 0.011 0.024
0 0.675 0.6462222222222223 0.011 0.014666666666666666
0 0.8675 0.7933333333333333 0.01275 0.02266666666666667
0 0.50425 0.5182222222222223 0.01175 0.019555555555555555
0 0.55075 0.7075555555555556 0.01175 0.021777777777777778
0 0.42625 0.42844444444444446 0.01375 0.016888888888888887
0 0.05775 0.019555555555555555 0.011 0.011555555555555555
0 0.7445 0.03244444444444444 0.014 0.016888888888888887
0 0.58075 0.5493333333333333 0.009 0.029333333333333333
0 0.896 0.6764444444444444 0.00925 0.020444444444444446
0 0.856 0.2577777777777778 0.008 0.027555555555555555
0 0.5185 0.108 0.0155 0.016
0 0.45575 0.6088888888888889 0.01225 0.02666666666666667
0 0.606 0.33555555555555555 0.01325 0.018666666666666668
0 0.74325 0.2617777777777778 0.00875 0.02666666666666667
0 0.89175 0.8337777777777777 0.0135 0.018666666666666668
0 0.47325 0.42844444444444446 0.0075 0.02311111111111111
0 0.79925 0.6955555555555556 0.01425 0.015111111111111112
0 0.50825 0.4391111111111111 0.0125 0.017333333333333333
0 0.9705 0.46266666666666667 0.00875 0.02666666666666667
0 0.21025 0.452 0.01075 0.021333333333333333
0 0.64725 0.05688888888888889 0.01525 0.016
0 0.558 0.6102222222222222 0.01425 0.015111111111111112
0 0.40325 0.9413333333333334 0.00975 0.024444444444444446
0 0.62625 0.19822222222222222 0.00925 0.026222222222222223
0 0.677 0.608 0.0085 0.02711111111111111
0 0.05125 0.9764444444444444 0.01175 0.016
0 0.26825 0.0768888888888889 0.00725 0.018666666666666668
0 0.6975 0.7457777777777778 0.00775 0.025777777777777778
0 0.41025 0.6422222222222222 0.0155 0.015111111111111112
0 0.2695 0.796 0.01425 0.022222222222222223
0 0.19025 0.41555555555555557 0.0105 0.024888888888888887
0 0.09225 0.812 0.0095 0.016444444444444446
0 0.4605 0.8008888888888889 0.011 0.024
0 0.95325 0.23644444444444446 0.0105 0.020888888888888887
0 0.62125 0.8471111111111111 0.0115 0.022222222222222223
0 0.426 0.09288888888888888 0.01625 0.012444444444444444
0 0.05675 0.8848888888888888 0.018 0.014666666666666666
0 0.96 0.8155555555555556 0.01275 0.012
0 0.4555 0.24133333333333334 0.00775 0.029333333333333333
0 0.41925 0.23466666666666666 0.01075 0.02311111111111111
0 0.84725 0.4711111111111111 0.00725 0.020444444444444446
0 0.335 0.46844444444444444 0.00975 0.01911111111111111
0 0.67925 0.632 0.0065 0.018222222222222223
0 0.18875 0.6288888888888889 0.0115 0.022222222222222223
0 0.69125 0.4231111111111111 0.013 0.017333333333333333
0 0.226 0.10488888888888889 0.013 0.01911111111111111
0 0.092 0.8324444444444444 0.00825 0.018222222222222223
0 0.60775 0.4951111111111111 0.01025 0.015555555555555555
0 0.426 0.026222222222222223 0.00775 0.02666666666666667
0 0.09025 0.544 0.00825 0.020888888888888887
0 0.384 0.44533333333333336 0.012 0.014222222222222223
0 0.64175 0.8617777777777778 0.00925 0.024888888888888887
0 0.583 0.3417777777777778 0.0085 0.024888888888888887
0 0.757 0.5848888888888889 0.007 0.024444444444444446
0 0.6925 0.38755555555555554 0.0105 0.014666666666666666
0 0.77425 0.49333333333333335 0.0125 0.026222222222222223
0 0.21175 0.3506666666666667 0.01225 0.01911111111111111
0 0.96525 0.31466666666666665 0.00875 0.02
0 0.026 0.4862222222222222 0.01175 0.02311111111111111
0 0.029 0.27466666666666667 0.0125 0.020888888888888887
0 0.68475 0.9266666666666666 0.01775 0.013777777777777778
0 0.09525 0.21022222222222223 0.012 0.016
0 0.019 0.8688888888888889 0.016 0.013777777777777778
0 0.3375 0.4151111111111111 0.009 0.03155555555555556
0 0.17675 0.5662222222222222 0.00825 0.019555555555555555
0 0.70875 0.3248888888888889 0.01025 0.014666666666666666
0 0.53125 0.048 0.00725 0.02
0 0.80575 0.524 0.01075 0.019555555555555555
0 0.9135 0.8831111111111111 0.0165 0.013777777777777778
0 0.13325 0.6431111111111111 0.0115 0.02
0 0.78775 0.9897777777777778 0.01375 0.016
0 0.0615 0.5271111111111111 0.00925 0.022222222222222223
0 0.0165 0.31333333333333335 0.0135 0.015111111111111112
0 0.2675 0.9617777777777777 0.00825 0.028444444444444446
0 0.73225 0.6248888888888889 0.009 0.020444444444444446
0 0.50225 0.15777777777777777 0.01225 0.017777777777777778
0 0.706 0.4728888888888889 0.0145 0.020888888888888887
0 0.20325 0.39511111111111114 0.00925 0.024888888888888887
0 0.13475 0.8564444444444445 0.01125 0.024888888888888887
0 0.01875 0.8564444444444445 0.0175 0.015111111111111112
0 0.688 0.7617777777777778 0.008 0.026222222222222223
0 0.5885 0.4648888888888889 0.0135 0.018222222222222223
0 0.41225 0.3831111111111111 0.0085 0.024444444444444446
0 0.642 0.40355555555555556 0.00725 0.028444444444444446
0 0.10975 0.3448888888888889 0.00825 0.020888888888888887
0 0.0605 0.652 0.0075 0.024
0 0.5555 0.12355555555555556 0.009 0.021333333333333333
0 0.875 0.9226666666666666 0.01075 0.021777777777777778
0 0.279 0.3164444444444444 0.01125 0.016
0 0.169 0.9235555555555556 0.0125 0.02
0 0.051 0.4328888888888889 0.00975 0.025333333333333333
0 0.58675 0.6293333333333333 0.00875 0.030222222222222223
0 0.24775 0.33511111111111114 0.0175 0.015111111111111112
0 0.109 0.9128888888888889 0.01 0.022222222222222223
0 0.296 0.8675555555555555 0.009 0.026222222222222223
0 0.4935 0.21866666666666668 0.0095 0.027555555555555555
0 0.005 0.368 0.01 0.020444444444444446
0 0.119 0.296 0.01225 0.01911111111111111
0 0.90825 0.84 0.00725 0.014222222222222223
0 0.825 0.9364444444444444 0.009 0.018666666666666668
0 0.89275 0.4671111111111111 0.0075 0.02311111111111111
0 0.398 0.7297777777777777 0.00825 0.022222222222222223
0 0.1215 0.2831111111111111 0.0125 0.015111111111111112
0 0.19075 0.9933333333333333 0.0165 0.012444444444444444
0 0.6435 0.5213333333333333 0.01025 0.020444444444444446
0 0.834 0.13733333333333334 0.00975 0.012444444444444444
0 0.8435 0.7871111111111111 0.008 0.024
0 0.16425 0.7462222222222222 0.0095 0.02
0 0.4795 0.49644444444444447 0.009 0.024888888888888887
0 0.5595 0.4288888888888889 0.01225 0.021777777777777778
0 0.33275 0.2408888888888889 0.01175 0.01911111111111111
0 0.1175 0.5928888888888889 0.01375 0.024888888888888887
0 0.56975 0.22088888888888888 0.0085 0.029777777777777778
0 0.596 0.8893333333333333 0.011 0.023555555555555555
0 0.66175 0.32266666666666666 0.013 0.019555555555555555
0 0.05825 0.8506666666666667 0.0145 0.019555555555555555
0 0.0365 0.2813333333333333 0.0095 0.023555555555555555
0 0.0545 0.38222222222222224 0.01225 0.017333333333333333
0 0.24975 0.23555555555555555 0.00825 0.025777777777777778
0 0.4435 0.23155555555555554 0.011 0.018666666666666668
0 0.86525 0.07111111111111111 0.00775 0.018666666666666668
0 0.4305 0.924 0.0145 0.022222222222222223
0 0.161 0.5293333333333333 0.00975 0.016888888888888887
0 0.62625 0.4266666666666667 0.00775 0.02266666666666667
0 0.743 0.021333333333333333 0.01075 0.016
0 0.74525 0.059111111111111114 0.0085 0.02666666666666667
0 0.5115 0.05377777777777778 0.013 0.016
0 0.53725 0.17066666666666666 0.01125 0.02
0 0.65225 0.17066666666666666 0.007 0.02266666666666667
0 0.791 0.22533333333333333 0.00775 0.027555555555555555
0 0.834 0.15466666666666667 0.009 0.023555555555555555
0 0.98325 0.21466666666666667 0.01 0.018666666666666668
0 0.956 0.272 0.013 0.021777777777777778
0 0.936 0.324 0.00775 0.021333333333333333
0 0.7865 0.30977777777777776 0.012 0.026222222222222223
0 0.82225 0.2431111111111111 0.01075 0.030666666666666665
0 0.7525 0.33644444444444443 0.0065 0.02666666666666667
0 0.78 0.37822222222222224 0.01125 0.030666666666666665
0 0.74475 0.376 0.01525 0.015555555555555555
0 0.904 0.4071111111111111 0.01025 0.018666666666666668
0 0.8965 0.4102222222222222 0.00725 0.025333333333333333
0 0.933 0.46444444444444444 0.00925 0.022222222222222223
0 0.941 0.45955555555555555 0.0075 0.027555555555555555
0 0.98475 0.5168888888888888 0.0085 0.021777777777777778
0 0.67175 0.6262222222222222 0.008 0.021333333333333333
0 0.636 0.5177777777777778 0.00725 0.029333333333333333
0 0.591 0.43422222222222223 0.01175 0.015555555555555555
0 0.56875 0.4888888888888889 0.00875 0.028
0 0.5535 0.39555555555555555 0.0075 0.028444444444444446
0 0.52075 0.4577777777777778 0.0065 0.028444444444444446
0 0.968 0.6293333333333333 0.0055 0.024444444444444446
0 0.669 0.7026666666666667 0.00575 0.023555555555555555
0 0.5695 0.716 0.00675 0.02311111111111111
0 0.587 0.7382222222222222 0.007 0.024444444444444446
0 0.5865 0.7604444444444445 0.009 0.019555555555555555
0 0.76725 0.7035555555555556 0.0065 0.021777777777777778
0 0.77125 0.72 0.0075 0.020888888888888887
0 0.989 0.8231111111111111 0.008 0.021333333333333333
0 0.96825 0.8186666666666667 0.01075 0.023555555555555555
0 0.95125 0.8266666666666667 0.0065 0.02
0 0.95175 0.8728888888888889 0.00675 0.023555555555555555
0 0.88875 0.8991111111111111 0.01225 0.013777777777777778
0 0.85975 0.9088888888888889 0.007 0.025777777777777778
0 0.98725 0.9231111111111111 0.00675 0.027555555555555555
0 0.969 0.9124444444444444 0.00525 0.024888888888888887
0 0.96 0.9248888888888889 0.00625 0.02266666666666667
0 0.95875 0.9017777777777778 0.009 0.015111111111111112
0 0.877 0.9933333333333333 0.01275 0.013333333333333334
0 0.838 0.9164444444444444 0.0075 0.021333333333333333
0 0.81425 0.8613333333333333 0.00975 0.018222222222222223
0 0.7965 0.9151111111111111 0.00725 0.02311111111111111
0 0.709 0.9102222222222223 0.0095 0.01911111111111111
0 0.6205 0.8244444444444444 0.00525 0.021777777777777778
0 0.51375 0.8124444444444444 0.00775 0.027555555555555555
0 0.50375 0.8213333333333334 0.00775 0.025333333333333333
0 0.50325 0.8613333333333333 0.00675 0.027555555555555555
0 0.43425 0.08088888888888889 0.006 0.030222222222222223
0 0.331 0.09377777777777778 0.007 0.026222222222222223
0 0.10075 0.06444444444444444 0.007 0.023555555555555555
0 0.06875 0.22044444444444444 0.01325 0.012444444444444444
0 0.0165 0.20266666666666666 0.00725 0.028
0 0.00425 0.2222222222222222 0.00775 0.029333333333333333
0 0.024 0.2564444444444444 0.00625 0.027555555555555555
0 0.38475 0.288 0.008 0.030222222222222223
0 0.41575 0.2071111111111111 0.00775 0.018666666666666668
0 0.458 0.21644444444444444 0.01175 0.014666666666666666
0 0.4455 0.23555555555555555 0.0045 0.03244444444444444
0 0.3245 0.3244444444444444 0.008 0.029333333333333333
0 0.384 0.3542222222222222 0.01125 0.02666666666666667
0 0.34425 0.3413333333333333 0.01575 0.012444444444444444
0 0.428 0.3711111111111111 0.01 0.023555555555555555
0 0.41525 0.43644444444444447 0.0075 0.026222222222222223
0 0.44375 0.6168888888888889 0.0095 0.02266666666666667
0 0.449 0.6502222222222223 0.01125 0.021333333333333333
0 0.41025 0.6804444444444444 0.0075 0.023555555555555555
0 0.34025 0.48 0.007 0.024888888888888887
0 0.32525 0.5622222222222222 0.00875 0.02311111111111111
0 0.261 0.5097777777777778 0.0105 0.013777777777777778
0 0.207 0.47155555555555556 0.0065 0.024444444444444446
0 0.0255 0.39022222222222225 0.009 0.022222222222222223
0 0.15675 0.5488888888888889 0.01125 0.015555555555555555
0 0.0435 0.6537777777777778 0.007 0.029333333333333333
0 0.00425 0.6768888888888889 0.0075 0.021333333333333333
0 0.457 0.692 0.0085 0.02666666666666667
0 0.35875 0.9822222222222222 0.009 0.025333333333333333
0 0.2425 0.8502222222222222 0.00975 0.024888888888888887
0 0.231 0.852 0.008 0.024888888888888887
0 0.14025 0.7137777777777777 0.00625 0.029333333333333333
0 0.13425 0.6973333333333334 0.00925 0.034666666666666665
0 0.062 0.772 0.00825 0.028888888888888888
0 0.041 0.7551111111111111 0.00775 0.026222222222222223
0 0.0355 0.7826666666666666 0.009 0.029333333333333333
0 0.134 0.7822222222222223 0.008 0.032
0 0.057 0.9928888888888889 0.00875 0.013777777777777778
0 0.0465 0.9897777777777778 0.0075 0.017777777777777778
0 0.2905 0.1 0.0085 0.011111111111111112
0 0.08025 0.06666666666666667 0.0095 0.018222222222222223
0 0.074 0.06177777777777778 0.01075 0.019555555555555555