0 0.763671875 0.7304415182029435 0.01015625 0.013942680092951201
0 0.4138671875 0.26800929512006194 0.012890625 0.015491866769945779
0 0.688671875 0.8067389620449265 0.00859375 0.013168086754453912
0 0.2455078125 0.34275755228505034 0.008984375 0.01471727343144849
0 0.4818359375 0.2997676219984508 0.012890625 0.015491866769945779
0 0.90546875 0.5782339271882262 0.00859375 0.016266460108443067
0 0.933984375 0.7517428350116189 0.01171875 0.017815646785437646
0 0.8123046875 0.23586367157242447 0.013671875 0.016266460108443067
0 0.7330078125 0.9554608830364059 0.012109375 0.016266460108443067
0 0.3248046875 0.2893106119287374 0.012109375 0.017815646785437646
0 0.5076171875 0.18783888458559256 0.012109375 0.016266460108443067
0 0.564453125 0.3044151820294346 0.009375 0.017041053446940357
0 0.436328125 0.5197521301316809 0.0140625 0.013942680092951201
0 0.4296875 0.01471727343144849 0.0140625 0.015491866769945779
0 0.3697265625 0.768009295120062 0.008984375 0.016266460108443067
0 0.32734375 0.9376452362509683 0.009375 0.01471727343144849
0 0.5673828125 0.3745158791634392 0.012109375 0.01471727343144849
0 0.23125 0.9430673896204492 0.009375 0.016266460108443067
0 0.2912109375 0.731990704879938 0.012109375 0.018590240123934933
0 0.9287109375 0.37993803253292024 0.009765625 0.01471727343144849
0 0.1419921875 0.8288148721920992 0.012109375 0.013942680092951201
0 0.7416015625 0.5034856700232379 0.012109375 0.012393493415956624
0 0.2310546875 0.09643687064291247 0.008984375 0.019364833462432222
0 0.37890625 0.919442292796282 0.01015625 0.012393493415956624
0 0.9533203125 0.8822618125484121 0.012890625 0.015491866769945779
0 0.005859375 0.3268783888458559 0.0109375 0.012393493415956624
0 0.831640625 0.45352439969016267 0.0109375 0.019364833462432222
0 0.76484375 0.11657629744384199 0.01171875 0.013168086754453912
0 0.8330078125 0.524012393493416 0.010546875 0.013168086754453912
0 0.8919921875 0.15530596436870642 0.008203125 0.016266460108443067
0 0.8681640625 0.24903175832687838 0.008984375 0.017815646785437646
0 0.753515625 0.17738187451587917 0.009375 0.020139426800929512
0 0.5986328125 0.8226181254841208 0.012890625 0.015491866769945779
0 0.9366953125 0.21138652207591013 0.010109375 0.02618900077459334
0 0.0615234375 0.22075910147172734 0.009765625 0.013942680092951201
0 0.496875 0.1297443841982959 0.00859375 0.013168086754453912
0 0.2744140625 0.18745158791634392 0.008984375 0.021688613477924088
0 0.9861328125 0.5530596436870643 0.009765625 0.017041053446940357
0 0.476953125 0.4171185127807901 0.01171875 0.017815646785437646
0 0.5671875 0.7835011618900077 0.00703125 0.016266460108443067
0 0.8986328125 0.966305189775368 0.007421875 0.013168086754453912
0 0.55703125 0.8857474825716499 0.00859375 0.019364833462432222
0 0.741015625 0.47521301316808673 0.00859375 0.017815646785437646
0 0.933203125 0.47947327652982186 0.009375 0.018590240123934933
0 0.18828125 0.5166537567776918 0.01015625 0.013942680092951201
0 0.5771484375 0.25058094500387296 0.012109375 0.013168086754453912
0 0.5931640625 0.5170410534469404 0.010546875 0.011618900077459334
0 0.73125 0.3048024786986832 0.01015625 0.013168086754453912
0 0.151953125 0.7893106119287374 0.01171875 0.017041053446940357
0 0.4291015625 0.7250193648334624 0.008203125 0.013942680092951201
0 0.841796875 0.06003098373353989 0.01328125 0.016266460108443067
0 0.263671875 0.6874515879163439 0.009375 0.01471727343144849
0 0.8562265625000001 0.08715724244771494 0.013234375000000001 0.017784663051897753
0 0.0186953125 0.9572501936483346 0.00973046875 0.02841208365608056
0 0.044578125 0.9284043377226955 0.01449609375 0.014732765298218434
0 0.04956640625 0.9171030209140202 0.006105468750000001 0.035321456235476376
0 0.058636718750000004 0.8835786212238576 0.009984375 0.022478698683191325
0 0.086328125 0.8533927188226181 0.0074375 0.03219209914794733
0 0.07828125 0.8409450038729668 0.0076796875 0.029124709527498065
0 0.104296875 0.826878388845856 0.0125 0.013168086754453912
0 0.423046875 0.44229279628195195 0.00859375 0.015491866769945779
0 0.9711328124999999 0.8754066615027112 0.006558593749999999 0.023524399690162665
0 0.9734375 0.8636715724244771 0.01015625 0.015491866769945779
0 0.8919921875 0.20410534469403563 0.010546875 0.020914020139426802
0 0.8703125 0.3764523625096824 0.009375 0.013942680092951201
0 0.6681640625 0.5433772269558482 0.008984375 0.016266460108443067
0 0.6419921875 0.9209914794732765 0.008984375 0.017041053446940357
0 0.934375 0.03601859024012394 0.009375 0.016266460108443067
0 0.508203125 0.238574748257165 0.0078125 0.012393493415956624
0 0.1841875 0.9803330751355538 0.008058593749999999 0.0116576297443842
0 0.194140625 0.9697908597986057 0.00859375 0.015491866769945779
0 0.8115234375 0.84856700232378 0.008984375 0.011618900077459334
0 0.2876953125 0.8086754453911696 0.011328125 0.012393493415956624
0 0.9423828125 0.7257939581719597 0.011328125 0.013942680092951201
0 0.5857421875 0.32184353214562356 0.006640625 0.016266460108443067
0 0.0359375 0.19442292796281951 0.0109375 0.015491866769945779
0 0.14765625 0.3303640588690937 0.00859375 0.016266460108443067
0 0.24778906250000002 0.2256235476374903 0.008078125 0.028311386522075908
0 0.728515625 0.3625096824167312 0.009375 0.015491866769945779
0 0.8555703125 0.9060108443067391 0.011921875 0.0113710302091402
0 0.2046875 0.09682416731216112 0.00859375 0.017041053446940357
0 0.87421875 0.13168086754453912 0.00859375 0.020139426800929512
0 0.4294921875 0.3129357087529047 0.011328125 0.013942680092951201
0 0.59375 0.6316808675445391 0.0078125 0.017815646785437646
0 0.2546875 0.03292021688613478 0.01015625 0.013168086754453912
0 0.234375 0.29899302865995353 0.00859375 0.018590240123934933
0 0.3787109375 0.37838884585592564 0.011328125 0.013168086754453912
0 0.9880859375 0.7900852052672347 0.008984375 0.015491866769945779
0 0.1560546875 0.8586367157242448 0.012109375 0.017815646785437646
0 0.3599609375 0.07745933384972889 0.009765625 0.020139426800929512
0 0.615625 0.7765298218435321 0.00859375 0.017815646785437646
0 0.709375 0.9360960495739736 0.0109375 0.011618900077459334
0 0.1259765625 0.9806351665375678 0.008203125 0.015491866769945779
0 0.61866015625 0.14058869093725793 0.013105468749999998 0.013168086754453912
0 0.4490234375 0.2474825716498838 0.007421875 0.019364833462432222
0 0.7525390625 0.6711851278079008 0.007421875 0.017815646785437646
0 0.4154296875 0.7916343919442292 0.008203125 0.015491866769945779
0 0.4400390625 0.069713400464756 0.008984375 0.013942680092951201
0 0.5248046875 0.19442292796281951 0.009765625 0.012393493415956624
0 0.6021484375 0.7316034082106894 0.008203125 0.019364833462432222
0 0.8087890625 0.3996901626646011 0.012109375 0.013942680092951201
0 0.8906054687499999 0.38078233927188226 0.01245703125 0.023872966692486446
0 0.9822265625 0.1890007745933385 0.007421875 0.018590240123934933
0 0.7056640625 0.16498838109992253 0.010546875 0.013942680092951201
0 0.4345703125 0.3400464756003098 0.010546875 0.013942680092951201
0 0.85423828125 0.9561502711076686 0.00926171875 0.0207436096049574
0 0.8859375 0.6146398140975987 0.00859375 0.011618900077459334
0 0.1337890625 0.3009295120061967 0.008984375 0.016266460108443067
0 0.646484375 0.5844306738962045 0.01015625 0.017815646785437646
0 0.694921875 0.6967467079783114 0.01015625 0.019364833462432222
0 0.5263671875 0.5352439969016266 0.014453125 0.015491866769945779
0 0.226171875 0.9860573199070488 0.00859375 0.009295120061967466
0 0.0556640625 0.8241673121611154 0.014453125 0.015491866769945779
0 0.0931640625 0.21572424477149496 0.014453125 0.016266460108443067
0 0.61796875 0.6525948876839659 0.00703125 0.017815646785437646
0 0.7982109375 0.21035631293570875 0.012046875 0.023903950426026336
0 0.349609375 0.8532145623547638 0.009375 0.016266460108443067
0 0.3099609375 0.8919442292796282 0.012109375 0.013168086754453912
0 0.8109375 0.7304415182029435 0.009375 0.021688613477924088
0 0.8634765625 0.3396591789310612 0.008984375 0.019364833462432222
0 0.3201171875 0.8439194422927963 0.012109375 0.013168086754453912
0 0.85747265625 0.5092408985282726 0.0141640625 0.010178156467854377
0 0.14140625 0.7118512780790085 0.01015625 0.018590240123934933
0 0.91458984375 0.707126258714175 0.00887109375 0.02463981409759876
0 0.89296875 0.5302091402013943 0.01171875 0.013168086754453912
0 0.4478515625 0.5143299767621998 0.006640625 0.012393493415956624
0 0.796875 0.04608830364058869 0.01328125 0.013168086754453912
0 0.09261328125 0.9159488768396592 0.0054375 0.030650658404337724
0 0.126953125 0.8950426026336173 0.01015625 0.016266460108443067
0 0.3755859375 0.23663826491092177 0.009765625 0.013168086754453912
0 0.7218125 0.8965453137103021 0.00690625 0.02701006971340046
0 0.955078125 0.5352439969016266 0.0078125 0.015491866769945779
0 0.9501953125 0.0801704105344694 0.011328125 0.017815646785437646
0 0.75078125 0.5309837335398916 0.01015625 0.011618900077459334
0 0.5351250000000001 0.9276219984508133 0.01087890625 0.02721146398140976
0 0.4958984375 0.33462432223082883 0.008203125 0.013942680092951201
0 0.63191015625 0.6752285050348568 0.00745703125 0.029357087529047247
0 0.636328125 0.661115414407436 0.00859375 0.011618900077459334
0 0.45079296874999997 0.784577846630519 0.009398437499999999 0.0265143299767622
0 0.205078125 0.7532920216886135 0.009375 0.020914020139426802
0 0.895703125 0.1522075910147173 0.01015625 0.020914020139426802
0 0.0923828125 0.6049573973663827 0.008984375 0.020139426800929512
0 0.601953125 0.4087141750580945 0.00677734375 0.03148721920991479
0 0.9326171875 0.3303640588690937 0.008203125 0.016266460108443067
0 0.7306640625 0.8822618125484121 0.008984375 0.012393493415956624
0 0.7646484375 0.30286599535243997 0.008203125 0.020139426800929512
0 0.6134765625 0.9616576297443842 0.008203125 0.017815646785437646
0 0.3951171875 0.5220759101471727 0.008203125 0.020139426800929512
0 0.35390625 0.21804802478698684 0.00625 0.01471727343144849
0 0.4296875 0.7401239349341595 0.009375 0.016266460108443067
0 0.4216796875 0.9883810999225406 0.012890625 0.0077459333849728895
0 0.2271484375 0.18086754453911696 0.008984375 0.017815646785437646
0 0.96015625 0.6409759876065065 0.00859375 0.019364833462432222
0 0.23835156249999997 0.04500387296669249 0.006386718750000001 0.023090627420604182
0 0.0287109375 0.28621223857474826 0.016015625 0.01471727343144849
0 0.5810546875 0.4113090627420604 0.008203125 0.018590240123934933
0 0.8771484375 0.6223857474825717 0.008203125 0.01471727343144849
0 0.18275 0.13975213013168086 0.0076875 0.025437645236250972
0 0.9259765625 0.36560805577072036 0.008203125 0.015491866769945779
0 0.15 0.24089852827265684 0.01171875 0.012393493415956624
0 0.4048828125 0.4016266460108443 0.009765625 0.011618900077459334
0 0.390625 0.09527498063516654 0.0078125 0.017041053446940357
0 0.4568359375 0.9500387296669248 0.005859375 0.016266460108443067
0 0.145703125 0.46475600309837334 0.0078125 0.017041053446940357
0 0.7753359375 0.857699457784663 0.008703125 0.02721146398140976
0 0.0609375 0.14949651432997677 0.01015625 0.021688613477924088
0 0.3732421875 0.8350116189000775 0.011328125 0.013942680092951201
0 0.30194921875 0.4355770720371805 0.0086796875 0.022269558481797055
0 0.3142578125 0.9051123160340822 0.010546875 0.016266460108443067
0 0.5857421875 0.8574748257164988 0.008984375 0.021688613477924088
0 0.22847656249999998 0.9733694810224631 0.00898046875 0.021595662277304414
0 0.236328125 0.959721146398141 0.00703125 0.015491866769945779
0 0.3845703125 0.29085979860573197 0.007421875 0.019364833462432222
0 0.230859375 0.8164213787761425 0.00703125 0.018590240123934933
0 0.56337890625 0.1353137103020914 0.0069101562500000005 0.02775367931835786
0 0.5671875 0.1150271107668474 0.009375 0.019364833462432222
0 0.1421875 0.9116963594113091 0.0109375 0.012393493415956624
0 0.0896484375 0.16227730441518204 0.011328125 0.017815646785437646
0 0.9751953125 0.703718048024787 0.008984375 0.017815646785437646
0 0.487890625 0.4039504260263362 0.00859375 0.01471727343144849
0 0.69317578125 0.28851278079008524 0.008183593749999999 0.01777691711851278
0 0.27265625 0.6320681642137878 0.0125 0.010844306738962044
0 0.3998046875 0.40898528272656853 0.006640625 0.012393493415956624
0 0.911328125 0.4539116963594113 0.0078125 0.018590240123934933
0 0.4148515625 0.13241673121611153 0.00625 0.017041053446940357
0 0.9554453125 0.4266305189775368 0.007765625 0.029775367931835786
0 0.5505312499999999 0.8282029434546864 0.01065625 0.025112316034082108
0 0.88058203125 0.4564523625096824 0.008367187500000001 0.020573199070487994
0 0.405078125 0.5866769945778466 0.00625 0.02541440743609605
0 0.628125 0.29568551510457014 0.00625 0.02126258714175058
0 0.3076171875 0.28156467854376455 0.008984375 0.016266460108443067
0 0.965625 0.8903950426026336 0.0078125 0.017815646785437646
0 0.428640625 0.803439194422928 0.008546874999999999 0.011355538342370256
0 0.43671875 0.8009295120061968 0.0078125 0.013942680092951201
0 0.5203125 0.8729666924864447 0.009375 0.015491866769945779
0 0.492578125 0.38884585592563903 0.009375 0.012393493415956624
0 0.2985703125 0.7826878388845856 0.006515625 0.027041053446940355
0 0.0611328125 0.9910921766072812 0.010546875 0.01471727343144849
0 0.25245703124999996 0.9147560030983733 0.00541796875 0.028272656855151047
0 0.20939843749999998 0.9093803253292022 0.0096328125 0.012811773818745159
0 0.07191015625 0.9662199845081333 0.01513671875 0.01571649883810999
0 0.0668359375 0.941409759876065 0.0085546875 0.027374128582494193
0 0.0673203125 0.9010224632068164 0.01551171875 0.01729666924864446
0 0.1335390625 0.14807900852052672 0.00584375 0.02855151045701007
0 0.16515625 0.23657629744384198 0.01346484375 0.021587916343919444
0 0.1334921875 0.25257939581719596 0.01258984375 0.030511231603408212
0 0.22094140625 0.2036948102246321 0.00991796875 0.028574748257164988
0 0.1955390625 0.29919442292796283 0.00808203125 0.026506584043377225
0 0.1131640625 0.3978388845855926 0.008484374999999999 0.030735863671572425
0 0.04459375 0.38393493415956625 0.0085625 0.028109992254066615
0 0.10108203125 0.5213555383423703 0.00830859375 0.02804802478698683
0 0.1652890625 0.4820914020139427 0.0090234375 0.02576297443841983
0 0.27880078125 0.3382416731216112 0.012750000000000001 0.022757552285050348
0 0.355796875 0.4868241673121611 0.011050781249999999 0.02053446940356313
0 0.35288671875 0.40286599535244 0.01064453125 0.028900077459333852
0 0.35667578125 0.3635166537567777 0.01598828125 0.015243996901626646
0 0.40196875 0.3894887683965918 0.01144921875 0.016831913245546087
0 0.01680859375 0.7512161115414407 0.0067890625 0.026793183578621226
0 0.018308593749999998 0.918861347792409 0.01084765625 0.022130131680867544
0 0.12052734375 0.9762354763749032 0.0141796875 0.018652207591014717
0 0.37611328125 0.7381022463206817 0.009218750000000001 0.029945778466305188
0 0.35608984375 0.7928505034856701 0.011515625 0.021216111541440746
0 0.3457734375 0.8052672347017815 0.00887109375 0.021572424477149497
0 0.36526562500000004 0.917993803253292 0.00975 0.03227730441518203
0 0.49473828124999997 0.7836638264910922 0.00967578125 0.023841982958946555
0 0.4596796875 0.8532765298218434 0.00834765625 0.023160340821068937
0 0.56829296875 0.8721688613477925 0.00936328125 0.027366382649109216
0 0.596265625 0.8881719597211465 0.00703125 0.030689388071262584
0 0.58991796875 0.8215336948102245 0.012015625 0.019124709527498066
0 0.6039414062499999 0.9900542215336948 0.00619921875 0.019008520526723468
0 0.60976171875 0.9887374128582495 0.00619921875 0.018481797056545315
0 0.685875 0.8887838884585593 0.00744921875 0.026320681642137876
0 0.8227578125000001 0.9451897753679318 0.011226562499999999 0.030007745933384976
0 0.82955078125 0.8763594113090628 0.00893359375 0.02596436870642913
0 0.8041484375 0.7213942680092952 0.006937500000000001 0.025213013168086752
0 0.9977890625000001 0.8426103795507358 0.0044218750000000005 0.01791634391944229
0 0.9649140624999999 0.8779395817195973 0.0115859375 0.014430673896204492
0 0.9961367187500001 0.641146398140976 0.00641015625 0.02839659178931061
0 0.85215625 0.6240975987606507 0.00700390625 0.025770720371804806
0 0.8004296875 0.644562354763749 0.00755859375 0.024725019364833463
0 0.82534375 0.6575910147172734 0.00876171875 0.02700232378001549
0 0.77741015625 0.6272424477149496 0.00703125 0.021572424477149497
0 0.771765625 0.6450813323005422 0.014839843750000001 0.020395042602633615
0 0.94652734375 0.4892641363284276 0.00666796875 0.024709527498063516
0 0.92601953125 0.4689697908597987 0.0110625 0.017010069713400466
0 0.8577578125 0.425422153369481 0.013265625 0.024337722695584818
0 0.74794921875 0.3616808675445391 0.01268359375 0.012285050348567002
0 0.690796875 0.45902401239349344 0.0084609375 0.03278079008520527
0 0.83275390625 0.3174515879163439 0.0066484375 0.021053446940356314
0 0.8360156249999999 0.30660728117738184 0.007531250000000001 0.025941130906274208
0 0.93250390625 0.30004647560030984 0.0086796875 0.031711851278079004
0 0.9434414062500001 0.3268938807126259 0.01255859375 0.021053446940356314
0 0.9213906250000001 0.14632068164213788 0.011859375 0.02015491866769946
0 0.9430859375 0.07260263361735089 0.005078125 0.01750580945003873
0 0.9384570312499999 0.06192873741285825 0.00947265625 0.011556932610379551
0 0.78125 0.21682416731216111 0.0059453125 0.02474825716498838
0 0.6491328125 0.2086909372579396 0.01191796875 0.012672347017815647
0 0.52104296875 0.11380325329202168 0.008972656249999999 0.027862122385747482
0 0.46719921875 0.12927962819519753 0.007660156249999999 0.023144848954298993
0 0.4179375 0.10409759876065065 0.0102265625 0.023129357087529046
0 0.42116015625000003 0.11003872966692486 0.0076679687499999994 0.017536793183578623
0 0.47826562499999997 0.2831990704879938 0.00809765625 0.030185902401239348
0 0.34642578125 0.23570875290472504 0.0083125 0.02755228505034857
0 0.38179296875 0.09429899302865995 0.0095546875 0.021727343144848955
0 0.2345625 0.03309062742060418 0.01081640625 0.014732765298218434
0 0.43988671874999996 0.1789465530596437 0.0082734375 0.025236250968241673
0 0.43816796875 0.4321223857474826 0.007867187500000001 0.027947327652982183
0 0.609359375 0.31783888458559256 0.01044140625 0.03278079008520527
0 0.9016718750000001 0.5374670797831139 0.006628906249999999 0.019333849728892332
0 0.9573281250000001 0.5396746707978312 0.00628515625 0.025522850503485673
0 0.6567734375 0.561998450813323 0.00981640625 0.031270333075135555
0 0.6546015625 0.5847560030983733 0.0081484375 0.022881487219209913
0 0.59142578125 0.4929434546862897 0.01258984375 0.01423702556158017
0 0.9973906250000001 0.4420139426800929 0.005218749999999999 0.021951975213013168
0 0.832984375 0.9076374903175832 0.0061796875 0.02268009295120062
0 0.94301171875 0.9904957397366383 0.00876171875 0.01343144848954299
0 0.99638671875 0.9261967467079784 0.007222656249999999 0.020038729666924864
0 0.4853203125 0.5411231603408211 0.009160156249999999 0.027529047250193648
0 0.44025 0.5915027110766847 0.011015625 0.024895429899302865
0 0.41312109374999995 0.4878698683191325 0.0078085937499999996 0.030604182804027883
0 0.498859375 0.5252130131680868 0.01083203125 0.024872192099147948
0 0.51830078125 0.6226568551510457 0.012671874999999999 0.018272656855151045
0 0.5232578125 0.6061967467079783 0.0115078125 0.02069713400464756
0 0.54821875 0.6138187451587916 0.015074218750000002 0.017389620449264134
0 0.6711679687500001 0.6412161115414406 0.0118671875 0.028884585592563905
0 0.41736328125 0.12061967467079783 0.011128906249999999 0.01597986057319907
0 0.28591796875000003 0.4155228505034857 0.0076757812499999994 0.024353214562354765
0 0.2761328125 0.4124786986831913 0.008828125000000001 0.02130906274206042
0 0.18479296875 0.4939039504260263 0.01343359375 0.02130906274206042
0 0.30433984375 0.4204647560030984 0.013046875 0.02206816421378776
0 0.30951953125 0.41057319907048795 0.0126640625 0.014461657629744386
0 0.20417187499999997 0.7104182804027885 0.015351562499999999 0.020549961270333077
0 0.40949609374999996 0.8036405886909372 0.009210937499999999 0.024353214562354765
0 0.41659765625 0.8047869868319133 0.01036328125 0.014461657629744386
0 0.45746875 0.8641440743609604 0.01228125 0.020549961270333077
0 0.22758203125 0.9193183578621223 0.010746093750000001 0.024353214562354765
0 0.27843359375 0.9824864446165764 0.011898437500000001 0.015220759101471725
0 0.0276328125 0.8241905499612703 0.01381640625 0.016738962044926413
0 0.0188046875 0.8481642137877614 0.0099765625 0.020549961270333077
0 0.6286367187499999 0.8329434546862896 0.010746093750000001 0.01597986057319907
0 0.63228125 0.8656700232378001 0.011898437500000001 0.01597986057319907
0 0.5253984375 0.7804337722695585 0.009210937499999999 0.02206816421378776
0 0.7819570312499999 0.6461115414407436 0.01036328125 0.015220759101471725
0 0.668359375 0.5840898528272657 0.011128906249999999 0.014461657629744386
0 0.8876914062499999 0.21270333075135556 0.00844140625 0.026638264910921767
0 0.52137109375 0.17656080557707204 0.0065234375 0.02130906274206042
0 0.87368359375 0.3542602633617351 0.007292968750000001 0.01750580945003873
0 0.64840234375 0.21460883036405887 0.014199218750000001 0.010650658404337723
0 0.75509375 0.03500387296669248 0.01036328125 0.013694810224632068