0 0.59325 0.6297777777777778 0.0125 0.021333333333333333
0 0.56325 0.8417777777777777 0.00525 0.024
0 0.83625 0.47733333333333333 0.00625 0.018222222222222223
0 0.8315 0.4631111111111111 0.0075 0.015555555555555555
0 0.55875 0.8288888888888889 0.01175 0.013333333333333334
0 0.568 0.7924444444444444 0.00975 0.013333333333333334
0 0.60225 0.7893333333333333 0.008 0.021333333333333333
0 0.1885 0.3888888888888889 0.00825 0.024
0 0.21225 0.37555555555555553 0.00675 0.021333333333333333
0 0.21025 0.3586666666666667 0.00625 0.022222222222222223
0 0.17875 0.3844444444444444 0.01 0.012444444444444444
0 0.2135 0.41955555555555557 0.00825 0.016888888888888887
0 0.2645 0.4955555555555556 0.00675 0.018222222222222223
0 0.29125 0.49244444444444446 0.0105 0.013333333333333334
0 0.29125 0.47155555555555556 0.009 0.009333333333333334
0 0.38325 0.4262222222222222 0.01325 0.012888888888888889
0 0.42425 0.37066666666666664 0.01 0.02
0 0.43025 0.45111111111111113 0.00825 0.021333333333333333
0 0.4025 0.6022222222222222 0.012 0.014666666666666666
0 0.398 0.5977777777777777 0.006 0.023555555555555555
0 0.42575 0.592 0.00575 0.022222222222222223
0 0.448 0.5946666666666667 0.0075 0.02311111111111111
0 0.16475 0.5146666666666667 0.00975 0.012
0 0.3265 0.496 0.00925 0.017333333333333333
0 0.324 0.468 0.009 0.013777777777777778
0 0.261 0.6346666666666667 0.0065 0.02266666666666667
0 0.48725 0.5435555555555556 0.00775 0.019555555555555555
0 0.5025 0.6182222222222222 0.011 0.016888888888888887
0 0.468 0.6244444444444445 0.01075 0.011555555555555555
0 0.3785 0.5875555555555556 0.0075 0.024444444444444446
0 0.31625 0.7386666666666667 0.01025 0.016
0 0.34225 0.7435555555555555 0.0055 0.026222222222222223
0 0.25375 0.7684444444444445 0.01125 0.010222222222222223
0 0.25625 0.7786666666666666 0.00475 0.018666666666666668
0 0.354 0.8933333333333333 0.0115 0.02
0 0.36725 0.8675555555555555 0.00875 0.021333333333333333
0 0.3815 0.8711111111111111 0.0085 0.015555555555555555
0 0.39425 0.8706666666666667 0.0095 0.027555555555555555
0 0.398 0.8404444444444444 0.01175 0.016444444444444446
0 0.34375 0.8911111111111111 0.00875 0.017777777777777778
0 0.28325 0.9924444444444445 0.01175 0.011111111111111112
0 0.28025 0.9631111111111111 0.00825 0.02311111111111111
0 0.39825 0.7471111111111111 0.008 0.020888888888888887
0 0.38075 0.9448888888888889 0.008 0.022222222222222223
0 0.40675 0.9626666666666667 0.01025 0.015111111111111112
0 0.55925 0.9573333333333334 0.0055 0.024444444444444446
0 0.58825 0.9368888888888889 0.01025 0.015111111111111112
0 0.6445 0.8568888888888889 0.00975 0.016888888888888887
0 0.5415 0.7568888888888889 0.00975 0.011111111111111112
0 0.57725 0.5768888888888889 0.01 0.020444444444444446
0 0.433 0.94 0.006 0.020444444444444446
0 0.4335 0.9915555555555555 0.00725 0.016444444444444446
0 0.661 0.5617777777777778 0.01 0.016
0 0.66775 0.6546666666666666 0.00975 0.01911111111111111
0 0.489 0.7115555555555556 0.0055 0.02311111111111111
0 0.5955 0.4902222222222222 0.0075 0.018666666666666668
0 0.17825 0.8373333333333334 0.0135 0.010666666666666666
0 0.1745 0.7964444444444444 0.005 0.016
0 0.1785 0.8053333333333333 0.0035 0.013777777777777778
0 0.181 0.7933333333333333 0.0055 0.021777777777777778
0 0.4005 0.1368888888888889 0.0055 0.025333333333333333
0 0.4615 0.2791111111111111 0.0145 0.009333333333333334
0 0.46225 0.2702222222222222 0.01 0.012888888888888889
0 0.473 0.2693333333333333 0.0055 0.02711111111111111
0 0.83325 0.4706666666666667 0.012 0.032
0 0.4525 0.6408888888888888 0.00925 0.022222222222222223
0 0.744 0.608 0.00925 0.020888888888888887
0 0.7605 0.9617777777777777 0.00825 0.024888888888888887
0 0.71925 0.8511111111111112 0.009 0.014666666666666666
0 0.67975 0.6537777777777778 0.01175 0.012444444444444444
0 0.53225 0.8871111111111111 0.00925 0.024444444444444446
0 0.69075 0.5773333333333334 0.00725 0.016444444444444446
0 0.607 0.8488888888888889 0.00625 0.02266666666666667
0 0.56175 0.19555555555555557 0.0075 0.02711111111111111
0 0.591 0.14666666666666667 0.0125 0.02
0 0.71325 0.7946666666666666 0.00625 0.023555555555555555
0 0.73625 0.7657777777777778 0.009 0.025333333333333333
0 0.915 0.6542222222222223 0.01125 0.012
0 0.246 0.5297777777777778 0.012 0.013333333333333334
0 0.51625 0.49333333333333335 0.011 0.014666666666666666
0 0.84375 0.6044444444444445 0.01025 0.021777777777777778
0 0.792 0.5573333333333333 0.00725 0.028
0 0.5505 0.2262222222222222 0.007 0.02311111111111111
0 0.55375 0.19555555555555557 0.00825 0.022222222222222223
0 0.58375 0.19866666666666666 0.01075 0.020444444444444446
0 0.23075 0.6124444444444445 0.00875 0.014222222222222223
0 0.72575 0.9444444444444444 0.00575 0.026222222222222223
0 0.83525 0.20622222222222222 0.009 0.022222222222222223
0 0.926 0.7724444444444445 0.006 0.019555555555555555
0 0.7495 0.4742222222222222 0.00725 0.03288888888888889
0 0.56725 0.9897777777777778 0.006 0.020444444444444446
0 0.58575 0.9844444444444445 0.008 0.026222222222222223
0 0.69475 0.47555555555555556 0.01375 0.013333333333333334
0 0.98425 0.4537777777777778 0.0135 0.014222222222222223
0 0.101 0.6115555555555555 0.00775 0.018222222222222223
0 0.7575 0.15422222222222223 0.00975 0.013777777777777778
0 0.26775 0.8822222222222222 0.00425 0.019555555555555555
0 0.28275 0.8555555555555555 0.007 0.025777777777777778
0 0.87075 0.5355555555555556 0.012 0.019555555555555555
0 0.77 0.052444444444444446 0.012 0.015555555555555555
0 0.73875 0.22755555555555557 0.00525 0.017777777777777778
0 0.7235 0.21733333333333332 0.006 0.021333333333333333
0 0.743 0.20133333333333334 0.0115 0.02266666666666667
0 0.189 0.9 0.00925 0.021777777777777778
0 0.092 0.9168888888888889 0.0095 0.024888888888888887
0 0.88025 0.49644444444444447 0.00625 0.027555555555555555
0 0.928 0.04933333333333333 0.00925 0.020888888888888887
0 0.906 0.5773333333333334 0.01375 0.012444444444444444
0 0.88725 0.9497777777777778 0.006 0.02666666666666667
0 0.2775 0.31244444444444447 0.00525 0.017777777777777778
0 0.29075 0.31377777777777777 0.006 0.026222222222222223
0 0.1235 0.2902222222222222 0.00725 0.025777777777777778
0 0.22325 0.11955555555555555 0.008 0.024444444444444446
0 0.225 0.06355555555555556 0.0125 0.015555555555555555
0 0.37825 0.11022222222222222 0.011 0.015555555555555555
0 0.10425 0.8071111111111111 0.0065 0.024444444444444446
0 0.12075 0.8102222222222222 0.005 0.016444444444444446
0 0.148 0.824 0.00475 0.021333333333333333
0 0.13875 0.8093333333333333 0.00775 0.009777777777777778
0 0.15275 0.8293333333333334 0.00375 0.016444444444444446
0 0.00325 0.008444444444444444 0.0065 0.010222222222222223
0 0.033 0.021333333333333333 0.007 0.022222222222222223
0 0.12325 0.21422222222222223 0.00475 0.024
0 0.157 0.11466666666666667 0.00525 0.02266666666666667
0 0.176 0.19511111111111112 0.00975 0.012888888888888889
0 0.159 0.25822222222222224 0.00475 0.018222222222222223
0 0.27275 0.06088888888888889 0.0125 0.012444444444444444
0 0.23275 0.037333333333333336 0.006 0.02266666666666667
0 0.1815 0.27555555555555555 0.00525 0.024888888888888887
0 0.1845 0.24177777777777779 0.00775 0.013777777777777778
0 0.27825 0.10622222222222222 0.00925 0.014666666666666666
0 0.038 0.2657777777777778 0.0045 0.015555555555555555
0 0.022 0.3933333333333333 0.013 0.017777777777777778
0 0.0395 0.3648888888888889 0.0055 0.023555555555555555
0 0.0435 0.6488888888888888 0.01175 0.012888888888888889
0 0.02375 0.9893333333333333 0.0075 0.021333333333333333
0 0.2075 0.9671111111111111 0.0065 0.02
0 0.21325 0.9666666666666667 0.00675 0.017777777777777778
0 0.17575 0.5097777777777778 0.0075 0.011111111111111112
0 0.205 0.2688888888888889 0.00875 0.018666666666666668
0 0.3235 0.18266666666666667 0.0045 0.015555555555555555
0 0.32575 0.15466666666666667 0.00525 0.01911111111111111
0 0.32025 0.22755555555555557 0.00625 0.02266666666666667
0 0.40175 0.09466666666666666 0.00925 0.012888888888888889
0 0.40525 0.2111111111111111 0.007 0.01911111111111111
0 0.382 0.2813333333333333 0.015 0.012
0 0.4285 0.264 0.006 0.022222222222222223
0 0.46275 0.11777777777777777 0.0065 0.018666666666666668
0 0.50875 0.2782222222222222 0.014 0.011111111111111112
0 0.52 0.27466666666666667 0.01 0.009333333333333334
0 0.525 0.2813333333333333 0.01 0.011111111111111112
0 0.534 0.276 0.0055 0.01911111111111111
0 0.5615 0.060444444444444446 0.00725 0.021777777777777778
0 0.66275 0.152 0.01125 0.010666666666666666
0 0.60125 0.1968888888888889 0.00825 0.01911111111111111
0 0.61275 0.19244444444444445 0.0075 0.016888888888888887
0 0.6215 0.2528888888888889 0.006 0.02311111111111111
0 0.5535 0.328 0.00925 0.013333333333333334
0 0.53425 0.09733333333333333 0.00625 0.012444444444444444
0 0.57 0.010222222222222223 0.00575 0.016888888888888887
0 0.66175 0.035555555555555556 0.00675 0.018666666666666668
0 0.54425 0.25022222222222223 0.01025 0.011555555555555555
0 0.678 0.3502222222222222 0.006 0.023555555555555555
0 0.66625 0.44177777777777777 0.00775 0.022222222222222223
0 0.672 0.40444444444444444 0.01 0.009333333333333334
0 0.47375 0.3893333333333333 0.0055 0.01911111111111111
0 0.4605 0.42488888888888887 0.00525 0.017777777777777778
0 0.65825 0.4862222222222222 0.00925 0.012888888888888889
0 0.60875 0.36133333333333334 0.013 0.013333333333333334
0 0.5435 0.3831111111111111 0.00625 0.019555555555555555
0 0.58475 0.572 0.0055 0.010666666666666666
0 0.52325 0.7088888888888889 0.0125 0.009777777777777778
0 0.52375 0.7013333333333334 0.01125 0.012444444444444444
0 0.53675 0.7977777777777778 0.007 0.018666666666666668
0 0.49325 0.728 0.00725 0.018222222222222223
0 0.65175 0.8 0.00425 0.018666666666666668
0 0.6315 0.9133333333333333 0.00725 0.011111111111111112
0 0.46975 0.9817777777777777 0.01075 0.010666666666666666
0 0.31525 0.8871111111111111 0.00875 0.012888888888888889
0 0.36825 0.7444444444444445 0.00925 0.015555555555555555
0 0.262 0.8906666666666667 0.011 0.015111111111111112
0 0.18125 0.7551111111111111 0.01125 0.011555555555555555
0 0.146 0.7457777777777778 0.00925 0.009777777777777778
0 0.172 0.9546666666666667 0.005 0.016888888888888887
0 0.15725 0.824 0.00525 0.010666666666666666
0 0.34275 0.6511111111111111 0.00625 0.016
0 0.2185 0.22355555555555556 0.0105 0.013333333333333334
0 0.41175 0.328 0.0085 0.018666666666666668
0 0.71225 0.2644444444444444 0.008 0.024444444444444446
0 0.5575 0.11155555555555556 0.00825 0.020444444444444446
0 0.526 0.072 0.00725 0.01911111111111111
0 0.489 0.08488888888888889 0.00775 0.012444444444444444
0 0.607 0.018222222222222223 0.011 0.011555555555555555
0 0.60725 0.003111111111111111 0.00875 0.006222222222222222
0 0.88125 0.232 0.009 0.014666666666666666
0 0.902 0.20577777777777778 0.0085 0.015111111111111112
0 0.9065 0.18266666666666667 0.0065 0.019555555555555555
0 0.90825 0.15866666666666668 0.009 0.016888888888888887
0 0.9205 0.029777777777777778 0.01225 0.012
0 0.9945 0.26844444444444443 0.01075 0.018222222222222223
0 0.864 0.21466666666666667 0.007 0.01911111111111111
0 0.843 0.2866666666666667 0.008 0.013777777777777778
0 0.85325 0.25555555555555554 0.011 0.012444444444444444
0 0.87775 0.27066666666666667 0.00775 0.013333333333333334
0 0.93975 0.37155555555555553 0.01125 0.014222222222222223
0 0.92475 0.424 0.0075 0.013777777777777778
0 0.91525 0.4728888888888889 0.00975 0.014666666666666666
0 0.903 0.5302222222222223 0.00775 0.012888888888888889
0 0.92725 0.49644444444444447 0.009 0.021333333333333333
0 0.69125 0.212 0.0135 0.013777777777777778
0 0.81925 0.29644444444444445 0.00725 0.012888888888888889
0 0.8235 0.3022222222222222 0.00725 0.011111111111111112
0 0.82675 0.3075555555555556 0.007 0.013333333333333334
0 0.83275 0.3071111111111111 0.005 0.02266666666666667
0 0.8195 0.2808888888888889 0.008 0.010222222222222223
0 0.77475 0.3675555555555556 0.00575 0.014666666666666666
0 0.78 0.3466666666666667 0.0065 0.030222222222222223
0 0.79175 0.35644444444444445 0.00675 0.01911111111111111
0 0.75625 0.3582222222222222 0.00975 0.02
0 0.775 0.33244444444444443 0.00775 0.013777777777777778
0 0.828 0.04133333333333333 0.00925 0.021777777777777778
0 0.825 0.018666666666666668 0.00775 0.017777777777777778
0 0.702 0.02 0.01025 0.009333333333333334
0 0.71175 0.02311111111111111 0.006 0.024888888888888887
0 0.7645 0.3088888888888889 0.00525 0.018666666666666668
0 0.7425 0.2991111111111111 0.006 0.02
0 0.84175 0.4222222222222222 0.00525 0.018666666666666668
0 0.79275 0.6444444444444445 0.01275 0.016888888888888887
0 0.72975 0.7191111111111111 0.013 0.012888888888888889
0 0.725 0.7004444444444444 0.00525 0.024
0 0.7415 0.7044444444444444 0.00875 0.012444444444444444
0 0.99 0.616 0.006 0.017777777777777778
0 0.94325 0.5404444444444444 0.00925 0.014222222222222223
0 0.938 0.47733333333333333 0.0055 0.02
0 0.943 0.5071111111111111 0.00825 0.01911111111111111
0 0.997 0.5902222222222222 0.006 0.01911111111111111
0 0.80675 0.7186666666666667 0.01075 0.013777777777777778
0 0.926 0.724 0.006 0.025333333333333333
0 0.96325 0.7888888888888889 0.0075 0.014222222222222223
0 0.98075 0.7351111111111112 0.005 0.021333333333333333
0 0.9935 0.11466666666666667 0.00775 0.015555555555555555
0 0.89 0.17733333333333334 0.0105 0.009333333333333334
0 0.9165 0.5893333333333334 0.00525 0.017777777777777778
0 0.8555 0.7053333333333334 0.01175 0.013333333333333334
0 0.8975 0.8013333333333333 0.00725 0.015555555555555555
0 0.908 0.8102222222222222 0.00725 0.022222222222222223
0 0.898 0.9373333333333334 0.0055 0.017777777777777778
0 0.912 0.9266666666666666 0.00975 0.016888888888888887
0 0.99525 0.8471111111111111 0.0095 0.02
0 0.856 0.09555555555555556 0.00675 0.018222222222222223
0 0.75025 0.23555555555555555 0.006 0.018222222222222223
0 0.7525 0.7946666666666666 0.00525 0.016888888888888887
0 0.0785 0.2088888888888889 0.0125 0.026222222222222223
0 0.0295 0.16977777777777778 0.0065 0.028
0 0.069 0.0026666666666666666 0.01675 0.005333333333333333