0 0.172 0.5968888888888889 0.0095 0.016444444444444446
0 0.5335 0.316 0.01175 0.016888888888888887
0 0.64825 0.5675555555555556 0.01375 0.016444444444444446
0 0.199 0.104 0.012 0.016444444444444446
0 0.5675 0.264 0.01375 0.013777777777777778
0 0.84025 0.9231111111111111 0.014 0.011555555555555555
0 0.039 0.08177777777777778 0.01325 0.013333333333333334
0 0.146 0.32844444444444443 0.01125 0.016888888888888887
0 0.77775 0.21155555555555555 0.011 0.013777777777777778
0 0.37475 0.6555555555555556 0.01125 0.011555555555555555
0 0.4925 0.8871111111111111 0.0095 0.013333333333333334
0 0.19675 0.2328888888888889 0.013 0.016444444444444446
0 0.471 0.7266666666666667 0.011 0.013777777777777778
0 0.00875 0.6671111111111111 0.013 0.016888888888888887
0 0.13 0.40444444444444444 0.009 0.016888888888888887
0 0.243 0.9306666666666666 0.01325 0.019555555555555555
0 0.5565 0.47733333333333333 0.00975 0.013333333333333334
0 0.174 0.30933333333333335 0.0145 0.014666666666666666
0 0.35375 0.2288888888888889 0.00975 0.019555555555555555
0 0.553 0.6515555555555556 0.011 0.013777777777777778
0 0.4355 0.2617777777777778 0.01025 0.018666666666666668
0 0.25975 0.26266666666666666 0.011 0.012444444444444444
0 0.17675 0.46444444444444444 0.00975 0.017777777777777778
0 0.5085 0.2568888888888889 0.0105 0.013333333333333334
0 0.28825 0.7048888888888889 0.01175 0.013777777777777778
0 0.3335 0.08622222222222223 0.011 0.017777777777777778
0 0.65125 0.6613333333333333 0.0085 0.016888888888888887
0 0.37425 0.7093333333333334 0.0095 0.016888888888888887
0 0.78175 0.6191111111111111 0.0125 0.016444444444444446
0 0.69625 0.7657777777777778 0.00675 0.016444444444444446
0 0.7395 0.33555555555555555 0.01025 0.015555555555555555
0 0.21475 0.04933333333333333 0.0105 0.017777777777777778
0 0.6865 0.10755555555555556 0.01125 0.018666666666666668
0 0.794 0.7448888888888889 0.01125 0.017777777777777778
0 0.3075 0.32133333333333336 0.013 0.012444444444444444
0 0.4155 0.4671111111111111 0.0085 0.015555555555555555
0 0.396 0.6973333333333334 0.00775 0.015555555555555555
0 0.418 0.6288888888888889 0.011 0.013777777777777778
0 0.6145 0.876 0.014 0.015555555555555555
0 0.255 0.17644444444444443 0.01025 0.010666666666666666
0 0.27825 0.4746666666666667 0.006 0.021777777777777778
0 0.81625 0.408 0.00825 0.016888888888888887
0 0.76925 0.6613333333333333 0.00775 0.016888888888888887
0 0.33875 0.5568888888888889 0.0075 0.015555555555555555
0 0.0375 0.14888888888888888 0.011 0.015555555555555555
0 0.58175 0.896 0.0095 0.011555555555555555
0 0.5865 0.1991111111111111 0.009 0.016888888888888887
0 0.193 0.21022222222222223 0.01025 0.016444444444444446
0 0.57625 0.4271111111111111 0.00575 0.014666666666666666
0 0.46025 0.596 0.01125 0.014666666666666666
0 0.4505 0.23733333333333334 0.0095 0.017777777777777778
0 0.1265 0.652 0.0085 0.017777777777777778
0 0.785 0.5875555555555556 0.0145 0.013333333333333334
0 0.8005 0.7666666666666667 0.009 0.016444444444444446
0 0.382 0.011111111111111112 0.01025 0.014666666666666666
0 0.229 0.022222222222222223 0.01325 0.013333333333333334
0 0.045 0.7177777777777777 0.0105 0.019555555555555555
0 0.6155 0.7008888888888889 0.012 0.013777777777777778
0 0.8645 0.021777777777777778 0.0085 0.02
0 0.285 0.8404444444444444 0.0105 0.013777777777777778
0 0.982 0.4488888888888889 0.007 0.017777777777777778
0 0.2975 0.15911111111111112 0.00825 0.011555555555555555
0 0.55875 0.16311111111111112 0.01125 0.014666666666666666
0 0.47525 0.43422222222222223 0.0105 0.013333333333333334
0 0.416 0.31022222222222223 0.0095 0.019555555555555555
0 0.37375 0.8146666666666667 0.012 0.012888888888888889
0 0.03 0.7711111111111111 0.00825 0.017777777777777778
0 0.47625 0.7128888888888889 0.009 0.017777777777777778
0 0.488 0.48 0.00825 0.016444444444444446
0 0.86125 0.9524444444444444 0.0125 0.016444444444444446
0 0.03 0.5808888888888889 0.0095 0.016888888888888887
0 0.22725 0.4493333333333333 0.01025 0.011111111111111112
0 0.2235 0.43822222222222224 0.01325 0.011555555555555555
0 0.79475 0.8426666666666667 0.01375 0.013777777777777778
0 0.57225 0.37644444444444447 0.007 0.013777777777777778
0 0.64575 0.632 0.0095 0.02
0 0.42675 0.6342222222222222 0.0075 0.015555555555555555
0 0.8505 0.016444444444444446 0.014 0.019555555555555555
0 0.23925 0.528 0.01075 0.020444444444444446
0 0.4925 0.3231111111111111 0.00825 0.010666666666666666
0 0.51825 0.2982222222222222 0.0075 0.016888888888888887
0 0.72175 0.6617777777777778 0.00675 0.014666666666666666
0 0.412 0.5586666666666666 0.00825 0.016444444444444446
0 0.9765 0.5044444444444445 0.0125 0.015555555555555555
0 0.477 0.22711111111111112 0.00775 0.016888888888888887
0 0.337 0.632 0.00675 0.026222222222222223
0 0.60475 0.44755555555555554 0.01025 0.013777777777777778
0 0.9765 0.788 0.00775 0.014666666666666666
0 0.02525 0.23155555555555554 0.009 0.03422222222222222
0 0.0245 0.20622222222222222 0.01025 0.012444444444444444
0 0.1825 0.1671111111111111 0.00825 0.016888888888888887
0 0.18 0.12977777777777777 0.011 0.019555555555555555
0 0.26225 0.41555555555555557 0.0075 0.020888888888888887
0 0.164 0.168 0.0105 0.014222222222222223
0 0.81375 0.019555555555555555 0.01525 0.011555555555555555
0 0.9435 0.10666666666666667 0.00975 0.016444444444444446
0 0.90475 0.6035555555555555 0.01725 0.013777777777777778
0 0.7385 0.023555555555555555 0.0075 0.017777777777777778
0 0.38525 0.8995555555555556 0.007 0.016444444444444446
0 0.25725 0.20933333333333334 0.009 0.015555555555555555
0 0.57675 0.23866666666666667 0.00975 0.02
0 0.09875 0.45955555555555555 0.009 0.017777777777777778
0 0.366 0.9382222222222222 0.01375 0.010222222222222223
0 0.42425 0.8653333333333333 0.007 0.016888888888888887
0 0.8715 0.8826666666666667 0.01175 0.020888888888888887
0 0.886 0.5368888888888889 0.01325 0.016888888888888887
0 0.42625 0.2262222222222222 0.00675 0.015555555555555555
0 0.59275 0.13777777777777778 0.0075 0.016888888888888887
0 0.3585 0.4568888888888889 0.009 0.013777777777777778
0 0.411 0.764 0.01025 0.016444444444444446
0 0.741 0.30177777777777776 0.01025 0.019555555555555555
0 0.86675 0.5217777777777778 0.008 0.027555555555555555
0 0.738 0.7684444444444445 0.0095 0.026222222222222223
0 0.737 0.7497777777777778 0.0155 0.010666666666666666
0 0.10275 0.5791111111111111 0.0095 0.020888888888888887
0 0.37275 0.6684444444444444 0.01125 0.012444444444444444
0 0.88175 0.10311111111111111 0.007 0.018666666666666668
0 0.4755 0.5888888888888889 0.00825 0.02
0 0.11275 0.38177777777777777 0.00675 0.015555555555555555
0 0.76 0.12577777777777777 0.0085 0.02666666666666667
0 0.755 0.10711111111111112 0.011 0.015555555555555555
0 0.5755 0.08222222222222222 0.00775 0.018666666666666668
0 0.50825 0.5977777777777777 0.007 0.017777777777777778
0 0.561 0.9022222222222223 0.01325 0.017777777777777778
0 0.115 0.9897777777777778 0.0075 0.016888888888888887
0 0.3315 0.050666666666666665 0.009 0.013333333333333334
0 0.05775 0.3408888888888889 0.0115 0.015111111111111112
0 0.96825 0.3217777777777778 0.013 0.017777777777777778
0 0.111 0.31466666666666665 0.0095 0.017777777777777778
0 0.389 0.7124444444444444 0.00775 0.015555555555555555
0 0.5935 0.8724444444444445 0.00575 0.014666666666666666
0 0.1095 0.46044444444444443 0.012 0.013333333333333334
0 0.693 0.8186666666666667 0.01 0.02666666666666667
0 0.68 0.14133333333333334 0.007 0.019555555555555555
0 0.91325 0.3928888888888889 0.00775 0.018666666666666668
0 0.10575 0.11022222222222222 0.0095 0.024
0 0.14425 0.1817777777777778 0.01125 0.025333333333333333
0 0.51275 0.5635555555555556 0.00675 0.028444444444444446
0 0.81725 0.37733333333333335 0.00725 0.023555555555555555
0 0.2535 0.023555555555555555 0.01025 0.017777777777777778
0 0.857 0.07733333333333334 0.011 0.02711111111111111
0 0.87225 0.07022222222222223 0.01275 0.035555555555555556
0 0.89275 0.09555555555555556 0.00725 0.02711111111111111
0 0.9635 0.10711111111111112 0.01075 0.029777777777777778
0 0.94575 0.09244444444444444 0.012 0.016888888888888887
0 0.853 0.284 0.01025 0.025333333333333333
0 0.9765 0.2848888888888889 0.00875 0.03155555555555556
0 0.97725 0.4862222222222222 0.0175 0.017777777777777778
0 0.8675 0.4875555555555556 0.01175 0.028
0 0.8615 0.5208888888888888 0.0125 0.01911111111111111
0 0.884 0.5946666666666667 0.014 0.014666666666666666
0 0.93775 0.5471111111111111 0.0095 0.02666666666666667
0 0.89775 0.6657777777777778 0.0155 0.017333333333333333
0 0.80425 0.5844444444444444 0.01 0.029777777777777778
0 0.98275 0.6217777777777778 0.01125 0.029333333333333333
0 0.9675 0.7244444444444444 0.01125 0.018222222222222223
0 0.94625 0.7164444444444444 0.00925 0.028444444444444446
0 0.917 0.8 0.013 0.029777777777777778
0 0.93725 0.8297777777777777 0.009 0.024888888888888887
0 0.9825 0.8088888888888889 0.012 0.024444444444444446
0 0.80875 0.8653333333333333 0.01175 0.026222222222222223
0 0.74525 0.9853333333333333 0.0075 0.024
0 0.733 0.9831111111111112 0.007 0.030666666666666665
0 0.7335 0.5524444444444444 0.01075 0.028
0 0.74975 0.5222222222222223 0.0155 0.015555555555555555
0 0.60225 0.5564444444444444 0.00975 0.03288888888888889
0 0.5035 0.5728888888888889 0.00725 0.024
0 0.5855 0.6564444444444445 0.0095 0.028
0 0.50475 0.22044444444444444 0.007 0.02
0 0.635 0.029333333333333333 0.00775 0.016888888888888887
0 0.67225 0.3422222222222222 0.00775 0.028
0 0.671 0.3791111111111111 0.00725 0.02711111111111111
0 0.653 0.7911111111111111 0.0085 0.028444444444444446
0 0.58875 0.8653333333333333 0.01375 0.013777777777777778
0 0.5785 0.8835555555555555 0.0065 0.02311111111111111
0 0.6105 0.9875555555555555 0.0145 0.02
0 0.60425 0.8711111111111111 0.0115 0.028
0 0.489 0.948 0.00975 0.029333333333333333
0 0.3315 0.8942222222222223 0.00775 0.026222222222222223
0 0.4525 0.996 0.0145 0.007555555555555556
0 0.33075 0.6422222222222222 0.00575 0.024444444444444446
0 0.451 0.46355555555555555 0.012 0.02311111111111111
0 0.472 0.42444444444444446 0.01375 0.012
0 0.34525 0.37466666666666665 0.01025 0.02266666666666667
0 0.44475 0.22933333333333333 0.00625 0.025333333333333333
0 0.37425 0.18977777777777777 0.006 0.030222222222222223
0 0.36525 0.2031111111111111 0.00825 0.032
0 0.4035 0.048 0.007 0.025333333333333333
0 0.494 0.035555555555555556 0.0135 0.014222222222222223
0 0.48775 0.32266666666666666 0.009 0.013777777777777778
0 0.31225 0.11155555555555556 0.0065 0.02666666666666667
0 0.2985 0.07822222222222222 0.00925 0.018222222222222223
0 0.19025 0.10088888888888889 0.007 0.024888888888888887
0 0.046 0.2786666666666667 0.008 0.023555555555555555
0 0.2075 0.32266666666666666 0.0095 0.025777777777777778
0 0.2115 0.7457777777777778 0.00925 0.03333333333333333
0 0.2085 0.7364444444444445 0.00775 0.028
0 0.308 0.9151111111111111 0.008 0.02711111111111111
0 0.27225 0.9133333333333333 0.017 0.021777777777777778
0 0.2615 0.9644444444444444 0.0065 0.02666666666666667
0 0.221 0.9533333333333334 0.009 0.028444444444444446
0 0.0215 0.8093333333333333 0.01175 0.03111111111111111
0 0.2525 0.008444444444444444 0.00775 0.016888888888888887
0 0.75925 0.14755555555555555 0.01075 0.02711111111111111
0 0.76675 0.08533333333333333 0.02075 0.016
0 0.59225 0.2982222222222222 0.0075 0.02311111111111111
0 0.5755 0.2897777777777778 0.01475 0.014222222222222223
0 0.40725 0.2071111111111111 0.01425 0.02
0 0.36075 0.33244444444444443 0.01175 0.021333333333333333
0 0.262 0.292 0.01525 0.014222222222222223
0 0.86925 0.32844444444444443 0.00875 0.02311111111111111
0 0.95425 0.6573333333333333 0.01025 0.02
0 0.7965 0.6004444444444444 0.007 0.02711111111111111
0 0.717 0.5271111111111111 0.00975 0.026222222222222223
0 0.64 0.5088888888888888 0.00875 0.025333333333333333
0 0.64375 0.4151111111111111 0.01225 0.02311111111111111
0 0.54475 0.4328888888888889 0.00925 0.032
0 0.5085 0.6315555555555555 0.0075 0.025333333333333333
0 0.4455 0.4408888888888889 0.00875 0.022222222222222223
0 0.9815 0.1902222222222222 0.00875 0.024
0 0.99425 0.20266666666666666 0.01075 0.01911111111111111
0 0.84825 0.049777777777777775 0.01525 0.01911111111111111
0 0.84 0.6235555555555555 0.00975 0.02711111111111111
0 0.47025 0.7564444444444445 0.01125 0.02711111111111111
0 0.74 0.8088888888888889 0.01775 0.014222222222222223
0 0.1785 0.37866666666666665 0.01125 0.02311111111111111
0 0.0515 0.5284444444444445 0.01625 0.018222222222222223
0 0.057 0.5728888888888889 0.01425 0.015111111111111112
0 0.01325 0.9124444444444444 0.01375 0.02311111111111111
0 0.185 0.712 0.01125 0.02311111111111111