0 0.068 0.06177777777777778 0.00975 0.020888888888888887
0 0.10725 0.033777777777777775 0.009 0.02311111111111111
0 0.13875 0.043555555555555556 0.0175 0.013777777777777778
0 0.1475 0.018222222222222223 0.0105 0.014666666666666666
0 0.06175 0.012444444444444444 0.01125 0.017333333333333333
0 0.06975 0.10044444444444445 0.01125 0.018222222222222223
0 0.0765 0.12577777777777777 0.0075 0.024
0 0.1375 0.08177777777777778 0.01225 0.016
0 0.089 0.16666666666666666 0.00675 0.027555555555555555
0 0.0815 0.18622222222222223 0.0115 0.013777777777777778
0 0.1515 0.1448888888888889 0.00625 0.023555555555555555
0 0.1575 0.14444444444444443 0.00625 0.01911111111111111
0 0.10875 0.22311111111111112 0.011 0.016888888888888887
0 0.0175 0.22311111111111112 0.0125 0.016888888888888887
0 0.0095 0.2568888888888889 0.0155 0.013777777777777778
0 0.05875 0.22577777777777777 0.0105 0.021777777777777778
0 0.06925 0.2391111111111111 0.00825 0.02711111111111111
0 0.038 0.296 0.0125 0.015111111111111112
0 0.13325 0.2826666666666667 0.00725 0.026222222222222223
0 0.15925 0.22755555555555557 0.009 0.018222222222222223
0 0.15975 0.24711111111111111 0.0065 0.026222222222222223
0 0.18675 0.13155555555555556 0.01275 0.015111111111111112
0 0.19725 0.13733333333333334 0.008 0.02711111111111111
0 0.21975 0.17333333333333334 0.00975 0.020444444444444446
0 0.23475 0.22711111111111112 0.00825 0.024
0 0.24275 0.20177777777777778 0.00725 0.032
0 0.24925 0.20444444444444446 0.006 0.02266666666666667
0 0.24625 0.22311111111111112 0.0115 0.016888888888888887
0 0.2945 0.04666666666666667 0.0105 0.018222222222222223
0 0.31175 0.09822222222222222 0.011 0.020888888888888887
0 0.29625 0.16666666666666666 0.0105 0.020444444444444446
0 0.2985 0.18755555555555556 0.0095 0.02
0 0.31775 0.19111111111111112 0.00925 0.018222222222222223
0 0.28675 0.26 0.01175 0.013333333333333334
0 0.2655 0.2693333333333333 0.0145 0.014666666666666666
0 0.22525 0.2808888888888889 0.01375 0.013777777777777778
0 0.219 0.31866666666666665 0.01275 0.014222222222222223
0 0.25875 0.31733333333333336 0.0105 0.02266666666666667
0 0.29775 0.304 0.006 0.021333333333333333
0 0.302 0.30933333333333335 0.00725 0.017777777777777778
0 0.301 0.32266666666666666 0.009 0.015555555555555555
0 0.345 0.152 0.008 0.023555555555555555
0 0.34375 0.036444444444444446 0.00825 0.029333333333333333
0 0.393 0.11155555555555556 0.0085 0.022222222222222223
0 0.4075 0.11688888888888889 0.00675 0.027555555555555555
0 0.412 0.15644444444444444 0.01225 0.019555555555555555
0 0.44575 0.059555555555555556 0.00975 0.024
0 0.30925 0.27955555555555556 0.01125 0.016444444444444446
0 0.34225 0.2831111111111111 0.0055 0.025333333333333333
0 0.345 0.2991111111111111 0.01125 0.015111111111111112
0 0.36575 0.26 0.0145 0.015111111111111112
0 0.38725 0.24266666666666667 0.01375 0.011555555555555555
0 0.388 0.25244444444444447 0.0135 0.011111111111111112
0 0.39175 0.272 0.0055 0.02311111111111111
0 0.403 0.2848888888888889 0.01225 0.02711111111111111
0 0.42725 0.27066666666666667 0.01325 0.013333333333333334
0 0.45825 0.17466666666666666 0.01475 0.014666666666666666
0 0.48175 0.1622222222222222 0.01275 0.015111111111111112
0 0.463 0.228 0.01275 0.015111111111111112
0 0.48475 0.22533333333333333 0.0105 0.018666666666666668
0 0.44875 0.2617777777777778 0.01275 0.013777777777777778
0 0.457 0.2693333333333333 0.0115 0.017777777777777778
0 0.49175 0.2617777777777778 0.00725 0.02666666666666667
0 0.44525 0.3031111111111111 0.012 0.016
0 0.42475 0.32 0.0115 0.019555555555555555
0 0.44075 0.33066666666666666 0.01375 0.014666666666666666
0 0.47575 0.3257777777777778 0.00875 0.017333333333333333
0 0.50925 0.2857777777777778 0.013 0.016
0 0.51325 0.29288888888888887 0.01 0.015555555555555555
0 0.504 0.3088888888888889 0.0085 0.026222222222222223
0 0.0635 0.3453333333333333 0.0115 0.018222222222222223
0 0.084 0.3542222222222222 0.012 0.014666666666666666
0 0.09675 0.356 0.0105 0.009333333333333334
0 0.09475 0.37155555555555553 0.00925 0.025333333333333333
0 0.14075 0.3471111111111111 0.01225 0.014666666666666666
0 0.0235 0.38177777777777777 0.011 0.015111111111111112
0 0.0125 0.43555555555555553 0.00675 0.016888888888888887
0 0.00575 0.44 0.007 0.015111111111111112
0 0.07725 0.4177777777777778 0.01425 0.014222222222222223
0 0.0785 0.43022222222222223 0.01325 0.011555555555555555
0 0.05825 0.45955555555555555 0.0085 0.02711111111111111
0 0.0515 0.5293333333333333 0.009 0.028444444444444446
0 0.004 0.5075555555555555 0.008 0.019555555555555555
0 0.1535 0.464 0.00925 0.023555555555555555
0 0.1345 0.5595555555555556 0.0105 0.017777777777777778
0 0.149 0.6057777777777777 0.01125 0.016888888888888887
0 0.13475 0.6324444444444445 0.01275 0.016
0 0.08475 0.6213333333333333 0.007 0.02311111111111111
0 0.083 0.6333333333333333 0.008 0.018222222222222223
0 0.075 0.6422222222222222 0.01075 0.011111111111111112
0 0.03225 0.6115555555555555 0.00625 0.021333333333333333
0 0.01625 0.6244444444444445 0.00925 0.012888888888888889
0 0.00325 0.5417777777777778 0.0065 0.016888888888888887
0 0.00375 0.5613333333333334 0.0075 0.019555555555555555
0 0.209 0.348 0.00975 0.018666666666666668
0 0.2955 0.35733333333333334 0.007 0.01911111111111111
0 0.303 0.36088888888888887 0.00925 0.015111111111111112
0 0.30675 0.36666666666666664 0.01 0.017777777777777778
0 0.257 0.40444444444444444 0.01075 0.016444444444444446
0 0.2295 0.4102222222222222 0.01125 0.017777777777777778
0 0.189 0.4128888888888889 0.0075 0.02266666666666667
0 0.1395 0.6484444444444445 0.0065 0.01911111111111111
0 0.13075 0.6426666666666667 0.012 0.008888888888888889
0 0.17475 0.5862222222222222 0.01025 0.018222222222222223
0 0.1935 0.5071111111111111 0.01375 0.012888888888888889
0 0.21775 0.4577777777777778 0.00825 0.032
0 0.21425 0.5071111111111111 0.00975 0.025333333333333333
0 0.256 0.42044444444444445 0.0105 0.014666666666666666
0 0.2625 0.4275555555555556 0.00975 0.012
0 0.2525 0.43777777777777777 0.00975 0.018222222222222223
0 0.26125 0.44666666666666666 0.011 0.012
0 0.193 0.6075555555555555 0.01375 0.012
0 0.1885 0.6204444444444445 0.00625 0.021333333333333333
0 0.19625 0.6373333333333333 0.012 0.015111111111111112
0 0.23575 0.6422222222222222 0.006 0.019555555555555555
0 0.27275 0.6182222222222222 0.0155 0.014666666666666666
0 0.27825 0.6022222222222222 0.01575 0.012444444444444444
0 0.25775 0.49822222222222223 0.00675 0.024
0 0.28025 0.4875555555555556 0.01225 0.016
0 0.2865 0.504 0.008 0.02711111111111111
0 0.283 0.4444444444444444 0.008 0.024
0 0.2925 0.44 0.007 0.03155555555555556
0 0.3135 0.4693333333333333 0.00875 0.020888888888888887
0 0.32025 0.5955555555555555 0.0065 0.027555555555555555
0 0.3315 0.568 0.01425 0.018222222222222223
0 0.31075 0.6497777777777778 0.009 0.016444444444444446
0 0.342 0.35733333333333334 0.0085 0.017333333333333333
0 0.3785 0.3448888888888889 0.01275 0.014666666666666666
0 0.388 0.352 0.00625 0.020888888888888887
0 0.42475 0.35733333333333334 0.00875 0.02311111111111111
0 0.4915 0.388 0.008 0.03155555555555556
0 0.49975 0.39022222222222225 0.0075 0.024888888888888887
0 0.4885 0.4137777777777778 0.01025 0.015555555555555555
0 0.36075 0.5511111111111111 0.0155 0.015555555555555555
0 0.37475 0.6 0.0075 0.02266666666666667
0 0.4335 0.564 0.012 0.01911111111111111
0 0.50225 0.5017777777777778 0.015 0.018666666666666668
0 0.3735 0.6528888888888889 0.00675 0.022222222222222223
0 0.38275 0.6555555555555556 0.011 0.024
0 0.48325 0.49377777777777776 0.00925 0.018666666666666668
0 0.07325 0.66 0.01125 0.025333333333333333
0 0.1105 0.6795555555555556 0.0145 0.012
0 0.0425 0.7 0.01075 0.025333333333333333
0 0.003 0.9244444444444444 0.006 0.02311111111111111
0 0.08175 0.7524444444444445 0.00625 0.024888888888888887
0 0.08425 0.7417777777777778 0.00975 0.024888888888888887
0 0.092 0.732 0.0115 0.016888888888888887
0 0.1005 0.7342222222222222 0.0065 0.02266666666666667
0 0.09725 0.7555555555555555 0.01325 0.016888888888888887
0 0.1505 0.7706666666666667 0.011 0.017777777777777778
0 0.1115 0.8053333333333333 0.0095 0.02711111111111111
0 0.083 0.808 0.0125 0.014222222222222223
0 0.02575 0.852 0.00825 0.016888888888888887
0 0.02775 0.8493333333333334 0.007 0.025333333333333333
0 0.03225 0.8448888888888889 0.006 0.026222222222222223
0 0.05375 0.8768888888888889 0.00975 0.02266666666666667
0 0.0875 0.8711111111111111 0.0115 0.016444444444444446
0 0.052 0.8946666666666667 0.00975 0.012888888888888889
0 0.1465 0.9097777777777778 0.0115 0.014222222222222223
0 0.144 0.9204444444444444 0.00725 0.016888888888888887
0 0.07125 0.9724444444444444 0.00775 0.024888888888888887
0 0.01725 0.9417777777777778 0.00825 0.019555555555555555
0 0.01825 0.9666666666666667 0.0075 0.027555555555555555
0 0.108 0.9937777777777778 0.012 0.011111111111111112
0 0.16925 0.7835555555555556 0.01125 0.016444444444444446
0 0.17625 0.9182222222222223 0.00725 0.02711111111111111
0 0.2095 0.7231111111111111 0.0115 0.02266666666666667
0 0.2315 0.7382222222222222 0.01525 0.016888888888888887
0 0.242 0.672 0.00775 0.026222222222222223
0 0.24375 0.6911111111111111 0.013 0.015111111111111112
0 0.31 0.7088888888888889 0.00625 0.029333333333333333
0 0.28525 0.8697777777777778 0.0125 0.021777777777777778
0 0.23225 0.8768888888888889 0.008 0.029777777777777778
0 0.23175 0.916 0.0175 0.013777777777777778
0 0.2035 0.9253333333333333 0.013 0.011111111111111112
0 0.2075 0.9542222222222222 0.00775 0.020888888888888887
0 0.18175 0.9822222222222222 0.012 0.013777777777777778
0 0.1995 0.9368888888888889 0.00675 0.015555555555555555
0 0.1925 0.9226666666666666 0.00725 0.015555555555555555
0 0.1925 0.9408888888888889 0.0055 0.014222222222222223
0 0.215 0.9888888888888889 0.00725 0.015555555555555555
0 0.22175 0.9853333333333333 0.0055 0.016
0 0.229 0.9888888888888889 0.00675 0.013777777777777778
0 0.25125 0.9928888888888889 0.006 0.014222222222222223
0 0.334 0.7817777777777778 0.014 0.017777777777777778
0 0.34975 0.7911111111111111 0.01125 0.016444444444444446
0 0.34125 0.8102222222222222 0.00675 0.020444444444444446
0 0.32375 0.8413333333333334 0.0115 0.017333333333333333
0 0.3385 0.9053333333333333 0.0085 0.020888888888888887
0 0.3635 0.8417777777777777 0.01375 0.012444444444444444
0 0.3675 0.8688888888888889 0.0125 0.020888888888888887
0 0.39925 0.884 0.0135 0.013777777777777778
0 0.45875 0.7693333333333333 0.007 0.032
0 0.454 0.8377777777777777 0.01 0.02311111111111111
0 0.4015 0.9515555555555556 0.0105 0.011555555555555555
0 0.40425 0.9635555555555556 0.0115 0.013777777777777778
0 0.42275 0.9657777777777777 0.01225 0.015111111111111112
0 0.47525 0.9928888888888889 0.013 0.014222222222222223
0 0.4995 0.9288888888888889 0.00925 0.026222222222222223
0 0.4885 0.7248888888888889 0.011 0.016
0 0.498 0.7195555555555555 0.01375 0.03422222222222222
0 0.51125 0.7817777777777778 0.00525 0.025777777777777778
0 0.486 0.06755555555555555 0.00575 0.014222222222222223
0 0.521 0.096 0.00725 0.021777777777777778
0 0.52225 0.08355555555555555 0.01 0.012
0 0.53025 0.08755555555555555 0.01225 0.022222222222222223
0 0.60925 0.028444444444444446 0.011 0.016
0 0.658 0.05422222222222222 0.0075 0.028
0 0.67425 0.09377777777777778 0.008 0.029777777777777778
0 0.697 0.1111111111111111 0.01225 0.013333333333333334
0 0.71175 0.11066666666666666 0.0125 0.014222222222222223
0 0.7345 0.049777777777777775 0.0155 0.015555555555555555
0 0.74875 0.09822222222222222 0.01375 0.014222222222222223
0 0.77075 0.02311111111111111 0.012 0.013333333333333334
0 0.79475 0.08844444444444445 0.00675 0.024
0 0.82125 0.049777777777777775 0.01175 0.020888888888888887
0 0.61675 0.12844444444444444 0.00725 0.026222222222222223
0 0.615 0.14933333333333335 0.01025 0.018666666666666668
0 0.52575 0.18 0.0155 0.012444444444444444
0 0.512 0.17733333333333334 0.00975 0.011111111111111112
0 0.535 0.23155555555555554 0.0115 0.014666666666666666
0 0.57425 0.2311111111111111 0.012 0.021777777777777778
0 0.60325 0.21288888888888888 0.00875 0.028444444444444446
0 0.604 0.236 0.011 0.013333333333333334
0 0.58025 0.25955555555555554 0.0115 0.018222222222222223
0 0.54775 0.312 0.0075 0.02711111111111111
0 0.58625 0.29555555555555557 0.01425 0.013777777777777778
0 0.9855 0.0044444444444444444 0.00875 0.008444444444444444
0 0.99125 0.03911111111111111 0.00925 0.020888888888888887
0 0.99 0.11422222222222222 0.014 0.016444444444444446
0 0.9655 0.14177777777777778 0.01025 0.022222222222222223
0 0.797 0.18933333333333333 0.006 0.025777777777777778
0 0.9555 0.19244444444444445 0.01 0.013777777777777778
0 0.94875 0.20044444444444445 0.00625 0.023555555555555555
0 0.9395 0.22755555555555557 0.00925 0.019555555555555555
0 0.7105 0.2617777777777778 0.01 0.028888888888888888
0 0.80175 0.2613333333333333 0.00875 0.023555555555555555
0 0.83475 0.28444444444444444 0.00875 0.02
0 0.874 0.2613333333333333 0.012 0.016
0 0.8705 0.27555555555555555 0.01475 0.016444444444444446
0 0.833 0.3035555555555556 0.0105 0.019555555555555555
0 0.85275 0.32844444444444443 0.011 0.020444444444444446
0 0.80475 0.30666666666666664 0.00925 0.016888888888888887
0 0.80675 0.32755555555555554 0.008 0.021777777777777778
0 0.741 0.30266666666666664 0.01275 0.013333333333333334
0 0.726 0.30444444444444446 0.015 0.012444444444444444
0 0.75225 0.31822222222222224 0.01225 0.015111111111111112
0 0.7285 0.31377777777777777 0.01525 0.012444444444444444
0 0.7695 0.35555555555555557 0.011 0.018666666666666668
0 0.749 0.39511111111111114 0.01125 0.023555555555555555
0 0.7175 0.36666666666666664 0.01525 0.013333333333333334
0 0.69675 0.38266666666666665 0.00775 0.029777777777777778
0 0.984 0.356 0.00775 0.029333333333333333
0 0.8595 0.4066666666666667 0.00875 0.024888888888888887
0 0.84425 0.42444444444444446 0.00675 0.02666666666666667
0 0.831 0.43244444444444446 0.01275 0.013777777777777778
0 0.812 0.4666666666666667 0.01375 0.015555555555555555
0 0.923 0.42133333333333334 0.0095 0.020888888888888887
0 0.92325 0.44 0.0085 0.012888888888888889
0 0.91075 0.46266666666666667 0.01325 0.012444444444444444
0 0.9005 0.46755555555555556 0.0105 0.015555555555555555
0 0.627 0.4093333333333333 0.0115 0.017333333333333333
0 0.6615 0.4151111111111111 0.00975 0.020888888888888887
0 0.71525 0.43555555555555553 0.016 0.013333333333333334
0 0.628 0.45511111111111113 0.011 0.020888888888888887
0 0.611 0.44266666666666665 0.01075 0.023555555555555555
0 0.77375 0.492 0.0155 0.017333333333333333
0 0.62625 0.5368888888888889 0.01275 0.014222222222222223
0 0.627 0.5466666666666666 0.01125 0.016888888888888887
0 0.56175 0.564 0.015 0.012888888888888889
0 0.711 0.5244444444444445 0.00925 0.014222222222222223
0 0.7085 0.5386666666666666 0.0125 0.011555555555555555
0 0.722 0.5511111111111111 0.006 0.022222222222222223
0 0.71425 0.5471111111111111 0.0085 0.014666666666666666
0 0.7215 0.5151111111111111 0.00575 0.015555555555555555
0 0.725 0.524 0.0095 0.017333333333333333
0 0.7365 0.5591111111111111 0.014 0.014222222222222223
0 0.746 0.5568888888888889 0.00675 0.028888888888888888
0 0.7055 0.5644444444444444 0.011 0.013777777777777778
0 0.65925 0.6062222222222222 0.00925 0.024888888888888887
0 0.717 0.5937777777777777 0.017 0.013777777777777778
0 0.69725 0.6235555555555555 0.00725 0.03288888888888889
0 0.51075 0.7026666666666667 0.0075 0.021333333333333333
0 0.53425 0.7 0.0095 0.018666666666666668
0 0.537 0.6493333333333333 0.01425 0.014666666666666666
0 0.58225 0.6502222222222223 0.01275 0.017333333333333333
0 0.61225 0.652 0.01325 0.015555555555555555
0 0.60775 0.6768888888888889 0.0135 0.012444444444444444
0 0.59825 0.6924444444444444 0.0065 0.024444444444444446
0 0.57025 0.7035555555555556 0.00675 0.030666666666666665
0 0.60325 0.7093333333333334 0.0065 0.028
0 0.611 0.7128888888888889 0.01275 0.015111111111111112
0 0.6295 0.6875555555555556 0.01475 0.012444444444444444
0 0.6505 0.6915555555555556 0.01075 0.014666666666666666
0 0.6595 0.6644444444444444 0.01325 0.014666666666666666
0 0.6825 0.6626666666666666 0.0135 0.015555555555555555
0 0.6835 0.6866666666666666 0.0125 0.02266666666666667
0 0.731 0.7275555555555555 0.01475 0.013777777777777778
0 0.7435 0.6511111111111111 0.01475 0.015555555555555555
0 0.551 0.8008888888888889 0.012 0.016888888888888887
0 0.561 0.8368888888888889 0.012 0.020888888888888887
0 0.58275 0.8413333333333334 0.01125 0.017333333333333333
0 0.62025 0.8453333333333334 0.01075 0.024
0 0.597 0.748 0.01025 0.024888888888888887
0 0.5785 0.7937777777777778 0.00875 0.014666666666666666
0 0.5805 0.7755555555555556 0.00775 0.021777777777777778
0 0.64275 0.9155555555555556 0.0125 0.016444444444444446
0 0.6935 0.9008888888888889 0.011 0.021777777777777778
0 0.72025 0.8986666666666666 0.00825 0.03333333333333333
0 0.753 0.8977777777777778 0.007 0.028
0 0.76275 0.8493333333333334 0.012 0.016
0 0.71225 0.9608888888888889 0.00825 0.022222222222222223
0 0.7425 0.9764444444444444 0.01275 0.014666666666666666
0 0.7585 0.9835555555555555 0.00875 0.016444444444444446
0 0.7465 0.9937777777777778 0.00675 0.012
0 0.88025 0.4786666666666667 0.00625 0.025333333333333333
0 0.87225 0.49244444444444446 0.01075 0.012
0 0.84525 0.5195555555555555 0.01325 0.014666666666666666
0 0.86875 0.5195555555555555 0.01025 0.017777777777777778
0 0.87625 0.5128888888888888 0.0075 0.018222222222222223
0 0.88 0.5364444444444444 0.0075 0.024
0 0.8545 0.5573333333333333 0.01375 0.016888888888888887
0 0.87425 0.5657777777777778 0.012 0.017777777777777778
0 0.912 0.5422222222222223 0.01125 0.023555555555555555
0 0.939 0.5115555555555555 0.0125 0.01911111111111111
0 0.95025 0.5497777777777778 0.0085 0.02266666666666667
0 0.95775 0.5733333333333334 0.01375 0.012444444444444444
0 0.8085 0.5648888888888889 0.01075 0.029333333333333333
0 0.893 0.6542222222222223 0.00875 0.028
0 0.9445 0.6933333333333334 0.0145 0.016888888888888887
0 0.83975 0.756 0.0135 0.013777777777777778
0 0.80075 0.7213333333333334 0.01175 0.017333333333333333
0 0.81575 0.9133333333333333 0.01 0.024
0 0.80975 0.9453333333333334 0.00775 0.024444444444444446
0 0.817 0.9537777777777777 0.00975 0.018666666666666668
0 0.86875 0.9657777777777777 0.016 0.017333333333333333
0 0.87925 0.908 0.012 0.019555555555555555
0 0.89275 0.8582222222222222 0.0145 0.017333333333333333
0 0.96975 0.8417777777777777 0.00875 0.016888888888888887
0 0.98975 0.8786666666666667 0.00675 0.028444444444444446
0 0.92225 0.9586666666666667 0.01525 0.015555555555555555
0 0.95125 0.9786666666666667 0.01425 0.017333333333333333
0 0.903 0.9586666666666667 0.01225 0.016
0 0.90125 0.976 0.0135 0.011555555555555555
0 0.90425 0.9848888888888889 0.01025 0.012888888888888889
0 0.979 0.6266666666666667 0.00725 0.01911111111111111
0 0.9535 0.12177777777777778 0.01725 0.015111111111111112
0 0.719 0.08577777777777777 0.01225 0.03244444444444444
0 0.43175 0.8777777777777778 0.0105 0.015111111111111112
0 0.42525 0.9288888888888889 0.01075 0.015555555555555555
0 0.51875 0.972 0.0115 0.018222222222222223