0 0.079 0.06311111111111112 0.011 0.025777777777777778
0 0.125 0.035111111111111114 0.00925 0.028444444444444446
0 0.0545 0.06933333333333333 0.01725 0.015555555555555555
0 0.017 0.04933333333333333 0.01175 0.014666666666666666
0 0.03175 0.08044444444444444 0.00875 0.019555555555555555
0 0.0335 0.10044444444444445 0.00975 0.022222222222222223
0 0.01625 0.10977777777777778 0.0135 0.01911111111111111
0 0.0075 0.09022222222222222 0.011 0.018222222222222223
0 0.13725 0.108 0.00875 0.028
0 0.035 0.1302222222222222 0.0135 0.02311111111111111
0 0.043 0.13555555555555557 0.0125 0.015111111111111112
0 0.053 0.16177777777777777 0.01625 0.020444444444444446
0 0.04575 0.18 0.01075 0.02
0 0.0345 0.16444444444444445 0.0115 0.024444444444444446
0 0.0715 0.20355555555555555 0.012 0.022222222222222223
0 0.04175 0.21155555555555555 0.01425 0.015555555555555555
0 0.06425 0.248 0.01375 0.025777777777777778
0 0.096 0.25733333333333336 0.0125 0.02
0 0.04475 0.2568888888888889 0.00875 0.029333333333333333
0 0.01425 0.264 0.00925 0.02311111111111111
0 0.019 0.28 0.00775 0.028444444444444446
0 0.02775 0.304 0.00925 0.028888888888888888
0 0.04925 0.3231111111111111 0.00775 0.026222222222222223
0 0.057 0.31866666666666665 0.01225 0.015555555555555555
0 0.089 0.296 0.011 0.015111111111111112
0 0.1445 0.2613333333333333 0.013 0.015555555555555555
0 0.15625 0.26222222222222225 0.008 0.021777777777777778
0 0.16175 0.22088888888888888 0.01125 0.02266666666666667
0 0.1635 0.2591111111111111 0.01175 0.015111111111111112
0 0.153 0.3048888888888889 0.00975 0.016888888888888887
0 0.1465 0.31777777777777777 0.012 0.013777777777777778
0 0.16725 0.32666666666666666 0.00775 0.027555555555555555
0 0.18975 0.19644444444444445 0.01175 0.024444444444444446
0 0.1885 0.224 0.008 0.02311111111111111
0 0.181 0.2897777777777778 0.0115 0.020888888888888887
0 0.1845 0.31377777777777777 0.0125 0.015555555555555555
0 0.20075 0.035111111111111114 0.0075 0.028444444444444446
0 0.2265 0.02 0.01975 0.014666666666666666
0 0.238 0.04133333333333333 0.0145 0.017333333333333333
0 0.25225 0.025333333333333333 0.0095 0.026222222222222223
0 0.267 0.012444444444444444 0.008 0.024444444444444446
0 0.282 0.06222222222222222 0.014 0.016
0 0.2065 0.09688888888888889 0.008 0.029333333333333333
0 0.2675 0.164 0.016 0.017333333333333333
0 0.31775 0.096 0.01475 0.016
0 0.229 0.24888888888888888 0.0085 0.03111111111111111
0 0.2795 0.1991111111111111 0.01375 0.015555555555555555
0 0.3005 0.20222222222222222 0.0065 0.025777777777777778
0 0.30875 0.18266666666666667 0.013 0.012888888888888889
0 0.31975 0.2088888888888889 0.0075 0.02711111111111111
0 0.31275 0.24844444444444444 0.00675 0.02666666666666667
0 0.277 0.26 0.00975 0.021333333333333333
0 0.26975 0.2617777777777778 0.00975 0.024444444444444446
0 0.2565 0.2733333333333333 0.0105 0.012888888888888889
0 0.2395 0.2773333333333333 0.01325 0.018222222222222223
0 0.26675 0.2773333333333333 0.01075 0.018222222222222223
0 0.26225 0.2946666666666667 0.0145 0.016444444444444446
0 0.2795 0.2991111111111111 0.012 0.017333333333333333
0 0.23375 0.3208888888888889 0.01325 0.022222222222222223
0 0.20575 0.336 0.0145 0.011555555555555555
0 0.282 0.33644444444444443 0.0085 0.032
0 0.29325 0.3551111111111111 0.0135 0.012888888888888889
0 0.21475 0.3675555555555556 0.0165 0.013777777777777778
0 0.2715 0.39244444444444443 0.00925 0.021777777777777778
0 0.30475 0.376 0.011 0.013777777777777778
0 0.338 0.3466666666666667 0.01325 0.016444444444444446
0 0.371 0.22711111111111112 0.00725 0.028444444444444446
0 0.3715 0.20355555555555555 0.0125 0.013777777777777778
0 0.38675 0.20222222222222222 0.011 0.019555555555555555
0 0.38825 0.18755555555555556 0.0115 0.02311111111111111
0 0.377 0.12977777777777777 0.01275 0.013777777777777778
0 0.369 0.09822222222222222 0.01275 0.016444444444444446
0 0.36275 0.016 0.00825 0.023555555555555555
0 0.40875 0.08977777777777778 0.01775 0.013777777777777778
0 0.4005 0.11777777777777777 0.01325 0.014666666666666666
0 0.41225 0.10933333333333334 0.01025 0.013777777777777778
0 0.41325 0.12133333333333333 0.0105 0.012888888888888889
0 0.4085 0.13155555555555556 0.017 0.013333333333333334
0 0.44575 0.10577777777777778 0.00775 0.03111111111111111
0 0.42775 0.027555555555555555 0.01125 0.022222222222222223
0 0.42675 0.0057777777777777775 0.01025 0.011555555555555555
0 0.44775 0.009333333333333334 0.0095 0.018222222222222223
0 0.4605 0.164 0.008 0.030666666666666665
0 0.48975 0.14844444444444443 0.0105 0.020444444444444446
0 0.49875 0.18755555555555556 0.013 0.027555555555555555
0 0.49275 0.24444444444444444 0.008 0.030222222222222223
0 0.45025 0.2826666666666667 0.00675 0.025333333333333333
0 0.48675 0.29555555555555557 0.01525 0.016
0 0.406 0.3128888888888889 0.013 0.014222222222222223
0 0.40725 0.32666666666666666 0.0105 0.017333333333333333
0 0.43375 0.3128888888888889 0.01225 0.016888888888888887
0 0.44375 0.3128888888888889 0.00675 0.024
0 0.3665 0.32755555555555554 0.0145 0.017333333333333333
0 0.40575 0.35777777777777775 0.00775 0.02666666666666667
0 0.41275 0.3595555555555556 0.0115 0.015555555555555555
0 0.44825 0.3408888888888889 0.016 0.019555555555555555
0 0.466 0.34 0.01125 0.02
0 0.4945 0.3408888888888889 0.01175 0.02311111111111111
0 0.023 0.3977777777777778 0.01175 0.016
0 0.08175 0.3511111111111111 0.00725 0.020888888888888887
0 0.08575 0.36088888888888887 0.0135 0.012444444444444444
0 0.103 0.3675555555555556 0.0105 0.023555555555555555
0 0.11525 0.38666666666666666 0.00875 0.018666666666666668
0 0.135 0.3408888888888889 0.011 0.016888888888888887
0 0.13775 0.40844444444444444 0.0135 0.015555555555555555
0 0.1215 0.4235555555555556 0.01525 0.012888888888888889
0 0.091 0.4 0.0135 0.014666666666666666
0 0.07625 0.43333333333333335 0.0075 0.026222222222222223
0 0.0245 0.4231111111111111 0.0135 0.014222222222222223
0 0.03475 0.444 0.01125 0.024888888888888887
0 0.05975 0.44355555555555554 0.0165 0.016
0 0.05525 0.46044444444444443 0.01 0.021333333333333333
0 0.01 0.4568888888888889 0.01 0.02666666666666667
0 0.013 0.512 0.01175 0.02
0 0.098 0.5137777777777778 0.00925 0.027555555555555555
0 0.08525 0.5484444444444444 0.01225 0.021777777777777778
0 0.169 0.44044444444444447 0.0065 0.022222222222222223
0 0.16575 0.45111111111111113 0.011 0.02311111111111111
0 0.1605 0.484 0.0085 0.021333333333333333
0 0.15175 0.5262222222222223 0.00725 0.025777777777777778
0 0.1805 0.5515555555555556 0.01125 0.01911111111111111
0 0.18925 0.5613333333333334 0.00875 0.025333333333333333
0 0.22725 0.48844444444444446 0.011 0.028
0 0.276 0.44133333333333336 0.01 0.025333333333333333
0 0.2425 0.5133333333333333 0.00725 0.028444444444444446
0 0.3085 0.508 0.0145 0.017777777777777778
0 0.3 0.5395555555555556 0.01375 0.015555555555555555
0 0.31625 0.5417777777777778 0.011 0.018666666666666668
0 0.32625 0.56 0.0115 0.015555555555555555
0 0.24775 0.44222222222222224 0.00975 0.015111111111111112
0 0.028 0.5902222222222222 0.0115 0.019555555555555555
0 0.0125 0.6222222222222222 0.00875 0.03422222222222222
0 0.05675 0.616 0.0135 0.017777777777777778
0 0.06675 0.6404444444444445 0.0135 0.012888888888888889
0 0.06225 0.6497777777777778 0.00775 0.023555555555555555
0 0.05725 0.6573333333333333 0.01175 0.016444444444444446
0 0.09475 0.6426666666666667 0.00725 0.024444444444444446
0 0.14675 0.472 0.0065 0.021333333333333333
0 0.15725 0.5991111111111111 0.00725 0.020444444444444446
0 0.18 0.6195555555555555 0.0085 0.022222222222222223
0 0.172 0.628 0.01525 0.012888888888888889
0 0.18175 0.6386666666666667 0.01 0.016
0 0.22225 0.6128888888888889 0.00725 0.021777777777777778
0 0.2415 0.6008888888888889 0.0105 0.016444444444444446
0 0.27575 0.5937777777777777 0.0105 0.02
0 0.31475 0.6017777777777777 0.01 0.02
0 0.313 0.6488888888888888 0.0135 0.013777777777777778
0 0.34175 0.6382222222222222 0.0085 0.017333333333333333
0 0.33975 0.5302222222222223 0.0125 0.017777777777777778
0 0.33775 0.5137777777777778 0.00925 0.021333333333333333
0 0.356 0.42133333333333334 0.01375 0.012888888888888889
0 0.35925 0.4151111111111111 0.0145 0.014222222222222223
0 0.37125 0.42044444444444445 0.00675 0.027555555555555555
0 0.37725 0.4222222222222222 0.00825 0.030666666666666665
0 0.3855 0.39466666666666667 0.0135 0.020444444444444446
0 0.42775 0.42088888888888887 0.00825 0.030222222222222223
0 0.441 0.408 0.00975 0.02666666666666667
0 0.452 0.3884444444444444 0.0095 0.028
0 0.466 0.44133333333333336 0.01 0.021777777777777778
0 0.42375 0.45466666666666666 0.01125 0.021777777777777778
0 0.4415 0.4622222222222222 0.00825 0.024444444444444446
0 0.4475 0.5164444444444445 0.00725 0.02711111111111111
0 0.39425 0.4862222222222222 0.0085 0.023555555555555555
0 0.403 0.4671111111111111 0.011 0.017777777777777778
0 0.41775 0.5057777777777778 0.0145 0.017777777777777778
0 0.37075 0.5613333333333334 0.012 0.016
0 0.414 0.5546666666666666 0.00775 0.022222222222222223
0 0.48575 0.44266666666666665 0.0135 0.009777777777777778
0 0.49675 0.4497777777777778 0.01025 0.016444444444444446
0 0.48775 0.452 0.01225 0.015111111111111112
0 0.48675 0.4951111111111111 0.00525 0.020888888888888887
0 0.506 0.5071111111111111 0.0065 0.03288888888888889
0 0.49975 0.37822222222222224 0.00825 0.018666666666666668
0 0.5075 0.37822222222222224 0.01325 0.024
0 0.37475 0.6013333333333334 0.00925 0.02711111111111111
0 0.38575 0.6497777777777778 0.01075 0.015555555555555555
0 0.4105 0.6404444444444445 0.007 0.025777777777777778
0 0.42775 0.6546666666666666 0.014 0.017333333333333333
0 0.43975 0.6808888888888889 0.015 0.015111111111111112
0 0.48775 0.6217777777777778 0.0105 0.025333333333333333
0 0.48825 0.5835555555555556 0.01225 0.02666666666666667
0 0.02325 0.6862222222222222 0.01525 0.014666666666666666
0 0.0845 0.6853333333333333 0.00975 0.02311111111111111
0 0.091 0.72 0.011 0.021777777777777778
0 0.05175 0.7391111111111112 0.0075 0.024888888888888887
0 0.0455 0.7502222222222222 0.01025 0.016
0 0.08475 0.7395555555555555 0.0145 0.015555555555555555
0 0.08375 0.7675555555555555 0.00925 0.022222222222222223
0 0.061 0.788 0.00825 0.022222222222222223
0 0.08375 0.8075555555555556 0.0125 0.016888888888888887
0 0.09025 0.8275555555555556 0.01325 0.011555555555555555
0 0.10525 0.8297777777777777 0.011 0.012
0 0.028 0.7973333333333333 0.00775 0.02266666666666667
0 0.0195 0.8004444444444444 0.0115 0.012888888888888889
0 0.014 0.8084444444444444 0.01375 0.012
0 0.0115 0.8226666666666667 0.00975 0.014222222222222223
0 0.06425 0.8684444444444445 0.0145 0.011555555555555555
0 0.09575 0.8902222222222222 0.012 0.013777777777777778
0 0.14125 0.7995555555555556 0.0095 0.021333333333333333
0 0.1405 0.7604444444444445 0.01375 0.016444444444444446
0 0.15025 0.7044444444444444 0.0125 0.016888888888888887
0 0.17725 0.7208888888888889 0.00775 0.025333333333333333
0 0.16725 0.7795555555555556 0.00925 0.022222222222222223
0 0.18025 0.8 0.01175 0.015555555555555555
0 0.20275 0.812 0.00925 0.025777777777777778
0 0.2285 0.8048888888888889 0.01175 0.015555555555555555
0 0.22675 0.784 0.012 0.013777777777777778
0 0.22325 0.7 0.0115 0.02
0 0.272 0.6826666666666666 0.01 0.016444444444444446
0 0.27725 0.7124444444444444 0.0135 0.017777777777777778
0 0.22275 0.98 0.016 0.013777777777777778
0 0.1595 0.9742222222222222 0.015 0.012444444444444444
0 0.00925 0.9768888888888889 0.0085 0.021777777777777778
0 0.30825 0.9502222222222222 0.006 0.028
0 0.31125 0.9648888888888889 0.014 0.016444444444444446
0 0.35025 0.8728888888888889 0.00925 0.028444444444444446
0 0.3735 0.9075555555555556 0.0135 0.016444444444444446
0 0.35775 0.9924444444444445 0.0085 0.014666666666666666
0 0.349 0.8333333333333334 0.01 0.014666666666666666
0 0.3735 0.8355555555555556 0.01125 0.015111111111111112
0 0.3625 0.7 0.00975 0.017777777777777778
0 0.38125 0.6995555555555556 0.00675 0.02711111111111111
0 0.3995 0.7351111111111112 0.00825 0.024888888888888887
0 0.4545 0.8093333333333333 0.008 0.02
0 0.47325 0.7924444444444444 0.00975 0.014666666666666666
0 0.4785 0.7635555555555555 0.014 0.020444444444444446
0 0.4885 0.7208888888888889 0.0125 0.016888888888888887
0 0.49225 0.7417777777777778 0.01525 0.014222222222222223
0 0.4345 0.8817777777777778 0.0135 0.015555555555555555
0 0.4145 0.984 0.017 0.013777777777777778
0 0.44025 0.9564444444444444 0.012 0.02
0 0.468 0.9431111111111111 0.013 0.017777777777777778
0 0.4595 0.9826666666666667 0.014 0.021333333333333333
0 0.31 0.7475555555555555 0.01225 0.015111111111111112
0 0.57625 0.012888888888888889 0.008 0.025333333333333333
0 0.59175 0.084 0.00875 0.028444444444444446
0 0.564 0.09155555555555556 0.01475 0.013333333333333334
0 0.621 0.03155555555555556 0.00975 0.013777777777777778
0 0.63 0.09111111111111111 0.00675 0.03244444444444444
0 0.646 0.08755555555555555 0.0145 0.015111111111111112
0 0.67525 0.112 0.0085 0.029777777777777778
0 0.7025 0.08666666666666667 0.00875 0.03155555555555556
0 0.70125 0.03422222222222222 0.012 0.021333333333333333
0 0.76675 0.026222222222222223 0.0155 0.015111111111111112
0 0.79975 0.028 0.00975 0.01911111111111111
0 0.79475 0.04666666666666667 0.0065 0.02311111111111111
0 0.8025 0.042222222222222223 0.00875 0.02266666666666667
0 0.8015 0.06177777777777778 0.013 0.014666666666666666
0 0.8075 0.050666666666666665 0.00725 0.025333333333333333
0 0.81675 0.07644444444444444 0.0125 0.012888888888888889
0 0.75625 0.1368888888888889 0.01025 0.019555555555555555
0 0.8115 0.13644444444444445 0.015 0.015111111111111112
0 0.82425 0.124 0.01425 0.014222222222222223
0 0.83875 0.10711111111111112 0.01325 0.013333333333333334
0 0.84625 0.08488888888888889 0.01475 0.013777777777777778
0 0.856 0.11066666666666666 0.01525 0.02266666666666667
0 0.86475 0.14266666666666666 0.00875 0.032
0 0.85275 0.024444444444444446 0.008 0.032
0 0.8815 0.06488888888888888 0.01275 0.014666666666666666
0 0.89775 0.10044444444444445 0.00725 0.020444444444444446
0 0.91725 0.11555555555555555 0.00975 0.014222222222222223
0 0.8965 0.04044444444444444 0.0085 0.02311111111111111
0 0.901 0.034666666666666665 0.0085 0.028
0 0.95925 0.02711111111111111 0.01425 0.015111111111111112
0 0.978 0.030666666666666665 0.01325 0.020444444444444446
0 0.989 0.008888888888888889 0.01 0.017777777777777778
0 0.9675 0.044 0.00975 0.015555555555555555
0 0.846 0.15511111111111112 0.0125 0.011111111111111112
0 0.5175 0.16355555555555557 0.00825 0.016444444444444446
0 0.55125 0.1511111111111111 0.00825 0.017333333333333333
0 0.56425 0.1511111111111111 0.01125 0.013777777777777778
0 0.55325 0.1622222222222222 0.0065 0.019555555555555555
0 0.55025 0.18088888888888888 0.00725 0.02
0 0.5335 0.2088888888888889 0.006 0.02266666666666667
0 0.535 0.2222222222222222 0.00925 0.012444444444444444
0 0.5455 0.2222222222222222 0.00775 0.02711111111111111
0 0.54225 0.2328888888888889 0.0075 0.021777777777777778
0 0.5655 0.22977777777777778 0.0065 0.028
0 0.57025 0.2111111111111111 0.008 0.021333333333333333
0 0.5925 0.22 0.012 0.014666666666666666
0 0.51675 0.31422222222222224 0.01375 0.014666666666666666
0 0.53075 0.3408888888888889 0.01275 0.018666666666666668
0 0.5235 0.3675555555555556 0.00825 0.032
0 0.563 0.2946666666666667 0.00975 0.020888888888888887
0 0.56275 0.32222222222222224 0.008 0.03111111111111111
0 0.602 0.2777777777777778 0.01125 0.015555555555555555
0 0.65325 0.3293333333333333 0.007 0.022222222222222223
0 0.76925 0.37777777777777777 0.00725 0.017777777777777778
0 0.73375 0.39066666666666666 0.00875 0.016888888888888887
0 0.8935 0.36666666666666664 0.01375 0.013777777777777778
0 0.89575 0.4013333333333333 0.015 0.015111111111111112
0 0.91525 0.4444444444444444 0.012 0.015555555555555555
0 0.9635 0.36977777777777776 0.00875 0.017777777777777778
0 0.59 0.37333333333333335 0.013 0.014222222222222223
0 0.62575 0.3631111111111111 0.01325 0.016444444444444446
0 0.6475 0.3582222222222222 0.0165 0.02311111111111111
0 0.56275 0.4782222222222222 0.012 0.023555555555555555
0 0.60375 0.4315555555555556 0.0115 0.020444444444444446
0 0.57025 0.5053333333333333 0.00575 0.024888888888888887
0 0.55075 0.5408888888888889 0.00925 0.03688888888888889
0 0.53225 0.5551111111111111 0.0125 0.016444444444444446
0 0.5425 0.6035555555555555 0.00875 0.027555555555555555
0 0.601 0.592 0.01025 0.016444444444444446
0 0.6085 0.5502222222222222 0.008 0.02311111111111111
0 0.66125 0.44044444444444447 0.00875 0.025777777777777778
0 0.70475 0.4817777777777778 0.013 0.014666666666666666
0 0.704 0.49777777777777776 0.01375 0.013777777777777778
0 0.73 0.47244444444444444 0.01025 0.020444444444444446
0 0.79525 0.5071111111111111 0.00775 0.028888888888888888
0 0.843 0.5044444444444445 0.01375 0.015111111111111112
0 0.84075 0.5702222222222222 0.00875 0.028
0 0.899 0.584 0.01475 0.014666666666666666
0 0.90425 0.5662222222222222 0.00825 0.025777777777777778
0 0.9235 0.5737777777777778 0.0125 0.018666666666666668
0 0.9235 0.5964444444444444 0.00925 0.020888888888888887
0 0.9075 0.6111111111111112 0.01375 0.014222222222222223
0 0.87225 0.6306666666666667 0.00775 0.028888888888888888
0 0.891 0.668 0.01475 0.016888888888888887
0 0.9005 0.7022222222222222 0.01575 0.014666666666666666
0 0.9495 0.7515555555555555 0.011 0.01911111111111111
0 0.9855 0.7884444444444444 0.0125 0.01911111111111111
0 0.728 0.5453333333333333 0.015 0.013333333333333334
0 0.742 0.5888888888888889 0.008 0.030666666666666665
0 0.788 0.644 0.0115 0.024
0 0.808 0.6577777777777778 0.008 0.011111111111111112
0 0.82275 0.6897777777777778 0.00925 0.017777777777777778
0 0.86075 0.6862222222222222 0.01375 0.014666666666666666
0 0.70925 0.5955555555555555 0.012 0.022222222222222223
0 0.71525 0.5897777777777777 0.01075 0.017777777777777778
0 0.6675 0.596 0.01325 0.018222222222222223
0 0.51375 0.6693333333333333 0.008 0.020444444444444446
0 0.50725 0.668 0.00775 0.019555555555555555
0 0.5755 0.6795555555555556 0.00875 0.028
0 0.57025 0.6942222222222222 0.008 0.024888888888888887
0 0.65175 0.7235555555555555 0.01275 0.024444444444444446
0 0.70625 0.6742222222222222 0.014 0.015555555555555555
0 0.73525 0.6835555555555556 0.01075 0.016
0 0.51825 0.8373333333333334 0.01375 0.012888888888888889
0 0.53125 0.9115555555555556 0.0055 0.034666666666666665
0 0.53825 0.9031111111111111 0.0085 0.015555555555555555
0 0.565 0.8995555555555556 0.0115 0.016444444444444446
0 0.57525 0.9022222222222223 0.00775 0.022222222222222223
0 0.58675 0.8808888888888889 0.01075 0.020444444444444446
0 0.63 0.8653333333333333 0.0105 0.017777777777777778
0 0.6375 0.9106666666666666 0.00975 0.022222222222222223
0 0.612 0.9226666666666666 0.011 0.020444444444444446
0 0.5865 0.9466666666666667 0.00925 0.020444444444444446
0 0.59125 0.9551111111111111 0.0065 0.019555555555555555
0 0.601 0.9448888888888889 0.01425 0.010666666666666666
0 0.57575 0.9795555555555555 0.0145 0.016444444444444446
0 0.73175 0.7533333333333333 0.0075 0.016
0 0.73675 0.7564444444444445 0.0065 0.028888888888888888
0 0.765 0.7644444444444445 0.0105 0.02
0 0.8645 0.7666666666666667 0.013 0.014222222222222223
0 0.8685 0.7826666666666666 0.01425 0.014222222222222223
0 0.88275 0.7857777777777778 0.0075 0.013333333333333334
0 0.7265 0.8048888888888889 0.01 0.017333333333333333
0 0.73725 0.8057777777777778 0.01075 0.020888888888888887
0 0.70525 0.8697777777777778 0.01425 0.013777777777777778
0 0.642 0.9537777777777777 0.0105 0.018666666666666668
0 0.6395 0.9711111111111111 0.0075 0.018666666666666668
0 0.6445 0.9804444444444445 0.00725 0.02311111111111111
0 0.64975 0.9786666666666667 0.007 0.019555555555555555
0 0.658 0.996 0.016 0.008
0 0.6765 0.9475555555555556 0.00825 0.02666666666666667
0 0.7295 0.9026666666666666 0.008 0.024888888888888887
0 0.73 0.92 0.01725 0.016444444444444446
0 0.761 0.8902222222222222 0.015 0.020444444444444446
0 0.78075 0.9182222222222223 0.00925 0.027555555555555555
0 0.75425 0.9591111111111111 0.00825 0.027555555555555555
0 0.84825 0.8933333333333333 0.012 0.020444444444444446
0 0.8935 0.8853333333333333 0.016 0.018666666666666668
0 0.92725 0.9457777777777778 0.0075 0.029777777777777778
0 0.989 0.9751111111111112 0.0085 0.022222222222222223
0 0.883 0.9328888888888889 0.008 0.026222222222222223
0 0.89725 0.9524444444444444 0.01325 0.016444444444444446
0 0.909 0.9626666666666667 0.00925 0.022222222222222223
0 0.88625 0.9671111111111111 0.01125 0.012444444444444444
0 0.83175 0.9782222222222222 0.013 0.014222222222222223
0 0.83675 0.9844444444444445 0.00875 0.016444444444444446
0 0.9085 0.9946666666666667 0.01475 0.010666666666666666
0 0.72925 0.492 0.009 0.018666666666666668
0 0.42 0.043555555555555556 0.0085 0.017777777777777778
0 0.5825 0.1471111111111111 0.0085 0.024888888888888887