0 0.93675 0.5408888888888889 0.015 0.017777777777777778
0 0.136 0.9573333333333334 0.012 0.016888888888888887
0 0.8265 0.07066666666666667 0.0115 0.017777777777777778
0 0.11375 0.7688888888888888 0.017 0.012444444444444444
0 0.087 0.9666666666666667 0.0155 0.016888888888888887
0 0.6035 0.28755555555555556 0.0135 0.016
0 0.0425 0.4693333333333333 0.012 0.017777777777777778
0 0.94225 0.6395555555555555 0.013 0.021333333333333333
0 0.777 0.8671111111111112 0.015 0.017777777777777778
0 0.0415 0.04622222222222222 0.014 0.016
0 0.5755 0.7346666666666667 0.018 0.016888888888888887
0 0.35875 0.14533333333333334 0.011 0.016888888888888887
0 0.28925 0.5568888888888889 0.013 0.017777777777777778
0 0.98375 0.31066666666666665 0.016 0.016
0 0.116 0.12266666666666666 0.014 0.016888888888888887
0 0.268 0.021333333333333333 0.015 0.016
0 0.32025 0.1302222222222222 0.0155 0.017777777777777778
0 0.074 0.6311111111111111 0.015 0.018666666666666668
0 0.73425 0.04711111111111111 0.0105 0.021333333333333333
0 0.40075 0.058222222222222224 0.018 0.016
0 0.06475 0.7786666666666666 0.015 0.019555555555555555
0 0.54275 0.5924444444444444 0.016 0.019555555555555555
0 0.54475 0.468 0.011 0.021333333333333333
0 0.202 0.2564444444444444 0.013 0.019555555555555555
0 0.57575 0.042666666666666665 0.014 0.019555555555555555
0 0.07075 0.21466666666666667 0.0115 0.021333333333333333
0 0.06475 0.5666666666666667 0.0105 0.021333333333333333
0 0.92475 0.6871111111111111 0.0155 0.017777777777777778
0 0.35225 0.4862222222222222 0.0155 0.014222222222222223
0 0.77475 0.46444444444444444 0.009 0.017777777777777778
0 0.4905 0.07333333333333333 0.011 0.022222222222222223
0 0.15125 0.25244444444444447 0.0085 0.021333333333333333
0 0.2045 0.6617777777777778 0.013 0.018666666666666668
0 0.616 0.42133333333333334 0.0095 0.019555555555555555
0 0.71275 0.7431111111111111 0.0105 0.021333333333333333
0 0.4745 0.16533333333333333 0.0135 0.016
0 0.23775 0.16133333333333333 0.0165 0.013333333333333334
0 0.80825 0.006222222222222222 0.015 0.012444444444444444
0 0.2795 0.5395555555555556 0.013 0.016
0 0.74225 0.9853333333333333 0.018 0.017777777777777778
0 0.1245 0.18355555555555556 0.012 0.014222222222222223
0 0.756 0.6853333333333333 0.0165 0.016888888888888887
0 0.631 0.5391111111111111 0.011 0.021333333333333333
0 0.64375 0.7613333333333333 0.0105 0.019555555555555555
0 0.6795 0.264 0.0085 0.021333333333333333
0 0.545 0.8857777777777778 0.0145 0.020444444444444446
0 0.10325 0.7031111111111111 0.0115 0.016
0 0.2965 0.04933333333333333 0.013 0.017777777777777778
0 0.6295 0.2048888888888889 0.017 0.016
0 0.87025 0.16133333333333333 0.0145 0.020444444444444446
0 0.04225 0.4093333333333333 0.009 0.018666666666666668
0 0.2175 0.484 0.0155 0.013333333333333334
0 0.81 0.4235555555555556 0.014 0.016
0 0.52875 0.6733333333333333 0.014 0.021333333333333333
0 0.1645 0.8115555555555556 0.014 0.014222222222222223
0 0.98125 0.050222222222222224 0.0095 0.022222222222222223
0 0.48875 0.856 0.018 0.021333333333333333
0 0.7765 0.9466666666666667 0.014 0.019555555555555555
0 0.70475 0.8484444444444444 0.011 0.022222222222222223
0 0.656 0.05644444444444444 0.014 0.016888888888888887
0 0.356 0.6311111111111111 0.0085 0.017777777777777778
0 0.56225 0.11244444444444444 0.0125 0.02311111111111111
0 0.2165 0.8177777777777778 0.0105 0.022222222222222223
0 0.55125 0.4071111111111111 0.0125 0.019555555555555555
0 0.27975 0.43733333333333335 0.0135 0.019555555555555555
0 0.619 0.09822222222222222 0.013 0.016
0 0.46125 0.4066666666666667 0.0125 0.015111111111111112
0 0.3665 0.992 0.015 0.016
0 0.2505 0.14844444444444443 0.015 0.015111111111111112
0 0.7425 0.39555555555555555 0.0175 0.017777777777777778
0 0.95125 0.03777777777777778 0.0105 0.028444444444444446
0 0.45025 0.4408888888888889 0.011 0.019555555555555555
0 0.46475 0.8106666666666666 0.016 0.015111111111111112
0 0.29925 0.4693333333333333 0.009 0.019555555555555555
0 0.01575 0.7377777777777778 0.012 0.016
0 0.7655 0.3244444444444444 0.0165 0.017777777777777778
0 0.0845 0.07377777777777778 0.009 0.020444444444444446
0 0.6465 0.6022222222222222 0.012 0.02311111111111111
0 0.7095 0.26755555555555555 0.017 0.019555555555555555
0 0.677 0.7155555555555555 0.01 0.021333333333333333
0 0.043 0.10711111111111112 0.011 0.02311111111111111
0 0.514 0.43644444444444447 0.013 0.016888888888888887
0 0.31475 0.9626666666666667 0.0115 0.027555555555555555
0 0.70225 0.8084444444444444 0.016 0.016
0 0.247 0.5791111111111111 0.015 0.02311111111111111
0 0.32075 0.7488888888888889 0.0095 0.025777777777777778
0 0.259 0.3635555555555556 0.0095 0.024888888888888887
0 0.8495 0.08488888888888889 0.01 0.018666666666666668
0 0.61975 0.8248888888888889 0.011 0.022222222222222223
0 0.2255 0.9524444444444444 0.014 0.016888888888888887
0 0.06975 0.3128888888888889 0.01 0.02311111111111111
0 0.11825 0.5782222222222222 0.008 0.020444444444444446
0 0.40125 0.22133333333333333 0.012 0.019555555555555555
0 0.94825 0.1608888888888889 0.017 0.017777777777777778
0 0.81075 0.9568888888888889 0.013 0.021333333333333333
0 0.07225 0.6013333333333334 0.0185 0.015111111111111112
0 0.42375 0.5244444444444445 0.008 0.021333333333333333
0 0.135 0.9053333333333333 0.011 0.019555555555555555
0 0.70675 0.010222222222222223 0.0095 0.020444444444444446
0 0.19775 0.7231111111111111 0.009 0.02311111111111111
0 0.698 0.9804444444444445 0.017 0.022222222222222223
0 0.15175 0.11911111111111111 0.01 0.02311111111111111
0 0.573 0.9586666666666667 0.01 0.019555555555555555
0 0.51225 0.11688888888888889 0.011 0.012444444444444444
0 0.41 0.5782222222222222 0.014 0.015111111111111112
0 0.09825 0.9004444444444445 0.0105 0.02311111111111111
0 0.079 0.3831111111111111 0.0095 0.021333333333333333
0 0.3885 0.7311111111111112 0.0145 0.021333333333333333
0 0.45625 0.3595555555555556 0.009 0.02311111111111111
0 0.42025 0.644 0.009 0.028444444444444446
0 0.367 0.816 0.008 0.028444444444444446
0 0.19025 0.176 0.008 0.019555555555555555
0 0.80775 0.8924444444444445 0.018 0.016
0 0.96725 0.8466666666666667 0.0145 0.017777777777777778
0 0.86025 0.7284444444444444 0.008 0.028444444444444446
0 0.41425 0.94 0.012 0.018666666666666668
0 0.8255 0.2697777777777778 0.0185 0.016
0 0.9355 0.2511111111111111 0.0125 0.016
0 0.616 0.13466666666666666 0.01 0.017777777777777778
0 0.791 0.28044444444444444 0.0125 0.020444444444444446
0 0.91775 0.018222222222222223 0.013 0.02311111111111111
0 0.71025 0.06 0.008 0.027555555555555555
0 0.79575 0.584 0.014 0.02311111111111111
0 0.9555 0.027555555555555555 0.011 0.02311111111111111
0 0.636 0.6831111111111111 0.012 0.02311111111111111
0 0.36525 0.059111111111111114 0.012 0.016
0 0.86025 0.12311111111111112 0.018 0.016
0 0.65025 0.28444444444444444 0.0095 0.024888888888888887
0 0.88525 0.4493333333333333 0.011 0.02311111111111111
0 0.54375 0.37066666666666664 0.013 0.014222222222222223
0 0.05575 0.7608888888888888 0.0095 0.022222222222222223
0 0.41525 0.13066666666666665 0.011 0.022222222222222223
0 0.74525 0.6173333333333333 0.015 0.022222222222222223
0 0.89625 0.20044444444444445 0.01 0.024888888888888887
0 0.4975 0.6137777777777778 0.014 0.013333333333333334
0 0.7645 0.2942222222222222 0.009 0.022222222222222223
0 0.68675 0.36444444444444446 0.012 0.02311111111111111
0 0.2175 0.7351111111111112 0.01 0.024
0 0.80775 0.020444444444444446 0.014 0.017777777777777778
0 0.09275 0.8991111111111111 0.011 0.028444444444444446
0 0.792 0.8204444444444444 0.017 0.016
0 0.49425 0.4524444444444444 0.0095 0.021333333333333333
0 0.307 0.8364444444444444 0.0145 0.02311111111111111
0 0.33425 0.5831111111111111 0.014 0.016
0 0.58525 0.004888888888888889 0.0165 0.009777777777777778
0 0.95825 0.3471111111111111 0.013 0.014222222222222223
0 0.87725 0.19111111111111112 0.0115 0.021333333333333333
0 0.29575 0.9106666666666666 0.017 0.016
0 0.973 0.24266666666666667 0.014 0.017777777777777778
0 0.5245 0.8133333333333334 0.01 0.028444444444444446
0 0.355 0.5804444444444444 0.009 0.028444444444444446
0 0.49925 0.20355555555555555 0.013 0.02311111111111111
0 0.22075 0.512 0.009 0.020444444444444446
0 0.952 0.8164444444444444 0.0125 0.017777777777777778
0 0.62825 0.49733333333333335 0.0095 0.02311111111111111
0 0.80675 0.7235555555555555 0.009 0.032
0 0.93975 0.8813333333333333 0.009 0.017777777777777778
0 0.11475 0.5302222222222223 0.009 0.02311111111111111
0 0.328 0.1817777777777778 0.0125 0.012444444444444444
0 0.25 0.19333333333333333 0.01 0.02311111111111111
0 0.2405 0.3164444444444444 0.01 0.021333333333333333
0 0.9375 0.25866666666666666 0.013 0.021333333333333333
0 0.58225 0.248 0.01 0.025777777777777778
0 0.21625 0.49822222222222223 0.014 0.014222222222222223
0 0.8055 0.9097777777777778 0.016 0.016
0 0.5015 0.12177777777777778 0.011 0.02311111111111111
0 0.78025 0.7751111111111111 0.018 0.017777777777777778
0 0.756 0.35333333333333333 0.009 0.021333333333333333
0 0.09875 0.6977777777777778 0.013 0.028444444444444446
0 0.65575 0.11777777777777777 0.0125 0.02311111111111111
0 0.464 0.12755555555555556 0.007 0.02311111111111111
0 0.59 0.5177777777777778 0.0165 0.016
0 0.96775 0.3488888888888889 0.013 0.015111111111111112
0 0.4595 0.144 0.016 0.019555555555555555
0 0.67575 0.8351111111111111 0.0125 0.020444444444444446
0 0.23225 0.5395555555555556 0.0105 0.027555555555555555
0 0.20975 0.5128888888888888 0.01 0.018666666666666668
0 0.15925 0.2391111111111111 0.011 0.012444444444444444
0 0.226 0.2351111111111111 0.01 0.024888888888888887
0 0.2465 0.4182222222222222 0.01 0.02666666666666667
0 0.96425 0.6008888888888889 0.009 0.022222222222222223
0 0.4135 0.9506666666666667 0.009 0.021333333333333333
0 0.7205 0.016444444444444446 0.01 0.021333333333333333
0 0.441 0.6937777777777778 0.013 0.019555555555555555
0 0.1315 0.060444444444444446 0.0145 0.017777777777777778
0 0.64175 0.66 0.01 0.02666666666666667
0 0.69775 0.9617777777777777 0.01 0.021333333333333333
0 0.12125 0.9857777777777778 0.0105 0.02311111111111111
0 0.55075 0.38711111111111113 0.007 0.019555555555555555
0 0.0205 0.16533333333333333 0.0105 0.016
0 0.02175 0.19822222222222222 0.009 0.024888888888888887
0 0.14775 0.24755555555555556 0.008 0.021333333333333333
0 0.2165 0.2088888888888889 0.009 0.028444444444444446
0 0.1765 0.14044444444444446 0.0105 0.024
0 0.1845 0.2853333333333333 0.0065 0.028444444444444446
0 0.2985 0.03688888888888889 0.0095 0.019555555555555555
0 0.327 0.06488888888888888 0.008 0.02666666666666667
0 0.3335 0.06933333333333333 0.007 0.020444444444444446
0 0.32 0.18755555555555556 0.008 0.02311111111111111
0 0.32275 0.21022222222222223 0.008 0.021333333333333333
0 0.3335 0.1942222222222222 0.0095 0.019555555555555555
0 0.34575 0.12044444444444445 0.0065 0.024888888888888887
0 0.35 0.09422222222222222 0.006 0.028444444444444446
0 0.389 0.10622222222222222 0.0125 0.024888888888888887
0 0.39375 0.12266666666666666 0.007 0.02666666666666667
0 0.41475 0.10177777777777777 0.008 0.028444444444444446
0 0.3725 0.16044444444444445 0.0065 0.024
0 0.409 0.148 0.0125 0.013333333333333334
0 0.4145 0.15733333333333333 0.008 0.025777777777777778
0 0.42075 0.2817777777777778 0.0115 0.030222222222222223
0 0.4925 0.2911111111111111 0.0085 0.028444444444444446
0 0.492 0.3168888888888889 0.009 0.017777777777777778
0 0.35 0.24222222222222223 0.007 0.016888888888888887
0 0.18275 0.3408888888888889 0.01 0.017777777777777778
0 0.2305 0.3751111111111111 0.008 0.028444444444444446
0 0.33175 0.37644444444444447 0.013 0.017777777777777778
0 0.243 0.46266666666666667 0.0115 0.024
0 0.269 0.4826666666666667 0.009 0.024888888888888887
0 0.21225 0.5746666666666667 0.008 0.02666666666666667
0 0.178 0.5044444444444445 0.008 0.024
0 0.03775 0.5217777777777778 0.007 0.027555555555555555
0 0.08225 0.5511111111111111 0.012 0.024888888888888887
0 0.09 0.6044444444444445 0.007 0.03111111111111111
0 0.0205 0.6475555555555556 0.0075 0.02666666666666667
0 0.40725 0.4271111111111111 0.009 0.019555555555555555
0 0.4865 0.6284444444444445 0.01 0.02666666666666667
0 0.5065 0.568 0.012 0.024888888888888887
0 0.3105 0.672 0.0115 0.033777777777777775
0 0.3505 0.6977777777777778 0.008 0.030222222222222223
0 0.3955 0.7351111111111112 0.008 0.02311111111111111
0 0.4295 0.8373333333333334 0.0105 0.024888888888888887
0 0.39125 0.6946666666666667 0.009 0.018666666666666668
0 0.39775 0.6893333333333334 0.0125 0.016
0 0.45025 0.692 0.009 0.028444444444444446
0 0.33175 0.7764444444444445 0.0085 0.02311111111111111
0 0.24575 0.8182222222222222 0.009 0.030222222222222223
0 0.249 0.8551111111111112 0.0085 0.035555555555555556
0 0.29525 0.848 0.016 0.021333333333333333
0 0.19825 0.8617777777777778 0.009 0.02666666666666667
0 0.05175 0.744 0.014 0.012444444444444444
0 0.0265 0.7088888888888889 0.0065 0.02666666666666667
0 0.0055 0.8831111111111111 0.011 0.021333333333333333
0 0.0035 0.912 0.007 0.028444444444444446
0 0.0085 0.9231111111111111 0.006 0.028444444444444446
0 0.01825 0.9137777777777778 0.013 0.011555555555555555
0 0.06 0.9955555555555555 0.013 0.008888888888888889
0 0.1755 0.9177777777777778 0.008 0.022222222222222223
0 0.185 0.916 0.007 0.024888888888888887
0 0.2155 0.952 0.006 0.021333333333333333
0 0.2795 0.9848888888888889 0.008 0.017777777777777778
0 0.242 0.9324444444444444 0.0115 0.011555555555555555
0 0.38725 0.9595555555555556 0.007 0.028444444444444446
0 0.46175 0.9515555555555556 0.009 0.028444444444444446
0 0.493 0.9537777777777777 0.011 0.021333333333333333
0 0.996 0.7622222222222222 0.008 0.020444444444444446
0 0.90125 0.8084444444444444 0.012 0.027555555555555555
0 0.928 0.8066666666666666 0.009 0.024888888888888887
0 0.9325 0.8217777777777778 0.014 0.017777777777777778
0 0.94425 0.852 0.01 0.021333333333333333
0 0.95175 0.8644444444444445 0.01 0.017777777777777778
0 0.914 0.9017777777777778 0.0105 0.030222222222222223
0 0.8385 0.9497777777777778 0.009 0.02666666666666667
0 0.8265 0.8808888888888889 0.008 0.028444444444444446
0 0.8065 0.988 0.008 0.02311111111111111
0 0.74 0.9564444444444444 0.014 0.014222222222222223
0 0.7125 0.9662222222222222 0.009 0.02311111111111111
0 0.78375 0.9524444444444444 0.014 0.013333333333333334
0 0.80825 0.7946666666666666 0.0095 0.024
0 0.7885 0.76 0.008 0.02311111111111111
0 0.74025 0.744 0.01 0.029333333333333333
0 0.55775 0.8773333333333333 0.01 0.027555555555555555
0 0.54775 0.7391111111111112 0.008 0.028444444444444446
0 0.677 0.6368888888888888 0.01 0.024
0 0.70675 0.6262222222222222 0.01 0.027555555555555555
0 0.7255 0.5702222222222222 0.008 0.03111111111111111
0 0.7815 0.6506666666666666 0.008 0.02666666666666667
0 0.8055 0.5582222222222222 0.007 0.028444444444444446
0 0.945 0.6062222222222222 0.008 0.027555555555555555
0 0.97125 0.6048888888888889 0.0065 0.032
0 0.99675 0.6168888888888889 0.0065 0.024888888888888887
0 0.95375 0.5395555555555556 0.009 0.024888888888888887
0 0.8345 0.46 0.01 0.03111111111111111
0 0.65425 0.5857777777777777 0.0105 0.030222222222222223
0 0.6645 0.5422222222222223 0.009 0.02666666666666667
0 0.66875 0.5177777777777778 0.013 0.016
0 0.688 0.4928888888888889 0.0155 0.012444444444444444
0 0.723 0.5053333333333333 0.008 0.032
0 0.6915 0.512 0.007 0.024
0 0.5805 0.5306666666666666 0.01 0.028444444444444446
0 0.5775 0.572 0.007 0.03111111111111111
0 0.52275 0.5164444444444445 0.008 0.019555555555555555
0 0.54775 0.35644444444444445 0.0105 0.019555555555555555
0 0.56175 0.376 0.016 0.017777777777777778
0 0.55925 0.33466666666666667 0.008 0.030222222222222223
0 0.5875 0.3591111111111111 0.008 0.02311111111111111
0 0.62225 0.3431111111111111 0.008 0.034666666666666665
0 0.73475 0.3662222222222222 0.0055 0.024888888888888887
0 0.7615 0.36444444444444446 0.006 0.021333333333333333
0 0.82225 0.4182222222222222 0.01 0.030222222222222223
0 0.85675 0.39955555555555555 0.017 0.011555555555555555
0 0.859 0.41155555555555556 0.013 0.017777777777777778
0 0.95525 0.38755555555555554 0.008 0.03111111111111111
0 0.968 0.37155555555555553 0.007 0.02666666666666667
0 0.97025 0.408 0.008 0.024888888888888887
0 0.9975 0.4008888888888889 0.005 0.02666666666666667
0 0.91475 0.29555555555555557 0.007 0.028444444444444446
0 0.891 0.3244444444444444 0.0115 0.014222222222222223
0 0.97825 0.24933333333333332 0.006 0.020444444444444446
0 0.9615 0.3297777777777778 0.009 0.024888888888888887
0 0.5235 0.15911111111111112 0.0075 0.02666666666666667
0 0.59775 0.15911111111111112 0.008 0.027555555555555555
0 0.604 0.12977777777777777 0.009 0.010666666666666666
0 0.60875 0.12 0.014 0.009777777777777778
0 0.8865 0.17333333333333334 0.013 0.020444444444444446
0 0.91075 0.18844444444444444 0.0085 0.02666666666666667
0 0.97525 0.10177777777777777 0.01 0.02311111111111111
0 0.87325 0.07066666666666667 0.007 0.024
0 0.69225 0.051111111111111114 0.0065 0.033777777777777775
0 0.53275 0.024888888888888887 0.0075 0.024888888888888887