0 0.04425 0.06488888888888888 0.0085 0.028
0 0.07625 0.06666666666666667 0.006 0.018222222222222223
0 0.07825 0.076 0.00925 0.019555555555555555
0 0.12175 0.06177777777777778 0.009 0.021777777777777778
0 0.0875 0.07822222222222222 0.009 0.017333333333333333
0 0.1335 0.08444444444444445 0.0085 0.017777777777777778
0 0.07575 0.1831111111111111 0.00775 0.029333333333333333
0 0.0865 0.1791111111111111 0.007 0.02666666666666667
0 0.02825 0.236 0.011 0.022222222222222223
0 0.16075 0.19955555555555557 0.007 0.028
0 0.03725 0.30044444444444446 0.00975 0.024888888888888887
0 0.0765 0.2906666666666667 0.0065 0.026222222222222223
0 0.0815 0.30177777777777776 0.009 0.023555555555555555
0 0.0915 0.30177777777777776 0.01625 0.014222222222222223
0 0.1475 0.28933333333333333 0.00675 0.025777777777777778
0 0.1725 0.19511111111111112 0.014 0.01911111111111111
0 0.2015 0.037333333333333336 0.007 0.018222222222222223
0 0.235 0.050666666666666665 0.01025 0.02
0 0.24575 0.068 0.01625 0.015555555555555555
0 0.2605 0.10488888888888889 0.01125 0.02311111111111111
0 0.2925 0.11377777777777778 0.01125 0.012888888888888889
0 0.3175 0.02 0.01475 0.015111111111111112
0 0.2545 0.22711111111111112 0.01375 0.013333333333333334
0 0.3005 0.21466666666666667 0.0135 0.017333333333333333
0 0.2575 0.24222222222222223 0.01525 0.014222222222222223
0 0.25575 0.2688888888888889 0.011 0.027555555555555555
0 0.24025 0.2737777777777778 0.0105 0.024888888888888887
0 0.284 0.29333333333333333 0.01175 0.018666666666666668
0 0.274 0.31066666666666665 0.0115 0.016
0 0.3445 0.07955555555555556 0.0095 0.021333333333333333
0 0.3465 0.022222222222222223 0.0115 0.025777777777777778
0 0.3865 0.016444444444444446 0.012 0.013333333333333334
0 0.42475 0.035111111111111114 0.0085 0.028444444444444446
0 0.414 0.07866666666666666 0.00925 0.025777777777777778
0 0.483 0.10488888888888889 0.015 0.017333333333333333
0 0.49125 0.027555555555555555 0.00825 0.028444444444444446
0 0.4615 0.2982222222222222 0.011 0.026222222222222223
0 0.471 0.3035555555555556 0.01225 0.012444444444444444
0 0.47975 0.3048888888888889 0.0065 0.020444444444444446
0 0.47625 0.32755555555555554 0.00775 0.021333333333333333
0 0.5045 0.21911111111111112 0.0085 0.028
0 0.477 0.19244444444444445 0.01 0.013777777777777778
0 0.09675 0.32844444444444443 0.014 0.018666666666666668
0 0.03225 0.3626666666666667 0.0125 0.023555555555555555
0 0.124 0.3844444444444444 0.00775 0.023555555555555555
0 0.146 0.38622222222222224 0.01275 0.016
0 0.1775 0.352 0.008 0.02311111111111111
0 0.253 0.3595555555555556 0.00825 0.020888888888888887
0 0.201 0.3595555555555556 0.00625 0.016
0 0.2075 0.36177777777777775 0.00775 0.012
0 0.201 0.376 0.00925 0.018222222222222223
0 0.35275 0.372 0.01225 0.018222222222222223
0 0.314 0.37377777777777776 0.0105 0.013333333333333334
0 0.3095 0.3937777777777778 0.00825 0.024
0 0.2995 0.4066666666666667 0.0095 0.02311111111111111
0 0.1975 0.4097777777777778 0.01325 0.019555555555555555
0 0.21275 0.43022222222222223 0.012 0.019555555555555555
0 0.25325 0.472 0.00675 0.029333333333333333
0 0.29575 0.4493333333333333 0.014 0.014222222222222223
0 0.31875 0.4622222222222222 0.00825 0.02311111111111111
0 0.32225 0.42977777777777776 0.01125 0.020444444444444446
0 0.3335 0.3968888888888889 0.0085 0.024444444444444446
0 0.34375 0.3844444444444444 0.01 0.011111111111111112
0 0.34625 0.3942222222222222 0.012 0.011555555555555555
0 0.3595 0.404 0.01275 0.014222222222222223
0 0.3485 0.4053333333333333 0.01025 0.011555555555555555
0 0.35275 0.41333333333333333 0.011 0.010222222222222223
0 0.0135 0.48088888888888887 0.01225 0.017333333333333333
0 0.078 0.4751111111111111 0.0085 0.020888888888888887
0 0.08525 0.4617777777777778 0.00725 0.024
0 0.0845 0.5062222222222222 0.0075 0.030222222222222223
0 0.15575 0.5306666666666666 0.00725 0.02711111111111111
0 0.05525 0.5688888888888889 0.00775 0.022222222222222223
0 0.06125 0.5657777777777778 0.00675 0.021777777777777778
0 0.07175 0.5666666666666667 0.00825 0.024888888888888887
0 0.0785 0.5768888888888889 0.00975 0.016
0 0.15475 0.6337777777777778 0.01125 0.015111111111111112
0 0.24875 0.6253333333333333 0.008 0.02266666666666667
0 0.24325 0.5053333333333333 0.013 0.02266666666666667
0 0.26775 0.5782222222222222 0.01175 0.016444444444444446
0 0.2735 0.584 0.00825 0.029333333333333333
0 0.327 0.5826666666666667 0.0105 0.018222222222222223
0 0.34025 0.5648888888888889 0.00575 0.028
0 0.34525 0.5626666666666666 0.0065 0.024888888888888887
0 0.36775 0.5151111111111111 0.01325 0.016444444444444446
0 0.38825 0.5275555555555556 0.00975 0.016888888888888887
0 0.39875 0.5995555555555555 0.0085 0.025333333333333333
0 0.42625 0.6115555555555555 0.00775 0.02311111111111111
0 0.44625 0.5191111111111111 0.007 0.028
0 0.401 0.4013333333333333 0.01225 0.016
0 0.40975 0.37155555555555553 0.016 0.017333333333333333
0 0.4605 0.4368888888888889 0.008 0.03111111111111111
0 0.488 0.5217777777777778 0.009 0.027555555555555555
0 0.5015 0.5591111111111111 0.013 0.016
0 0.50175 0.5488888888888889 0.007 0.018222222222222223
0 0.02175 0.6746666666666666 0.00825 0.028444444444444446
0 0.127 0.6951111111111111 0.014 0.020888888888888887
0 0.2875 0.676 0.0115 0.016444444444444446
0 0.28275 0.6924444444444444 0.00825 0.019555555555555555
0 0.2955 0.7048888888888889 0.01175 0.021777777777777778
0 0.38375 0.704 0.01475 0.016
0 0.42475 0.6982222222222222 0.0085 0.027555555555555555
0 0.465 0.7177777777777777 0.0085 0.024888888888888887
0 0.0085 0.7848888888888889 0.00675 0.025777777777777778
0 0.02275 0.792 0.00675 0.020888888888888887
0 0.0125 0.8155555555555556 0.009 0.024888888888888887
0 0.042 0.8511111111111112 0.008 0.024444444444444446
0 0.068 0.8568888888888889 0.012 0.014666666666666666
0 0.01125 0.8826666666666667 0.0085 0.02311111111111111
0 0.0175 0.944 0.013 0.016444444444444446
0 0.1755 0.7986666666666666 0.007 0.025333333333333333
0 0.236 0.8133333333333334 0.0065 0.020444444444444446
0 0.2425 0.8124444444444444 0.00825 0.020444444444444446
0 0.27975 0.7688888888888888 0.01175 0.021777777777777778
0 0.40625 0.7893333333333333 0.00675 0.028888888888888888
0 0.4 0.8275555555555556 0.012 0.020444444444444446
0 0.386 0.8568888888888889 0.0065 0.028
0 0.34675 0.8644444444444445 0.0085 0.021333333333333333
0 0.22325 0.8946666666666667 0.00975 0.021333333333333333
0 0.18725 0.9253333333333333 0.00725 0.026222222222222223
0 0.25875 0.92 0.012 0.016
0 0.275 0.9337777777777778 0.00875 0.012888888888888889
0 0.269 0.9422222222222222 0.00775 0.015111111111111112
0 0.2995 0.9315555555555556 0.0075 0.025777777777777778
0 0.30925 0.9195555555555556 0.01125 0.015111111111111112
0 0.26225 0.9608888888888889 0.01375 0.014222222222222223
0 0.269 0.9888888888888889 0.00675 0.021777777777777778
0 0.221 0.984 0.00925 0.016
0 0.213 0.9871111111111112 0.00775 0.025777777777777778
0 0.0815 0.9915555555555555 0.009 0.016888888888888887
0 0.447 0.9453333333333334 0.00975 0.032
0 0.46725 0.8635555555555555 0.00925 0.02311111111111111
0 0.46225 0.8728888888888889 0.013 0.011111111111111112
0 0.46325 0.8835555555555555 0.0095 0.012444444444444444
0 0.50025 0.9062222222222223 0.00775 0.02711111111111111
0 0.487 0.9417777777777778 0.01375 0.017777777777777778
0 0.46175 0.9226666666666666 0.00675 0.02711111111111111
0 0.461 0.9408888888888889 0.00875 0.019555555555555555
0 0.53625 0.024 0.0075 0.029777777777777778
0 0.53275 0.11066666666666666 0.00725 0.028
0 0.5815 0.05555555555555555 0.013 0.013777777777777778
0 0.58725 0.035111111111111114 0.0095 0.028
0 0.61075 0.06533333333333333 0.00775 0.02666666666666667
0 0.62175 0.08533333333333333 0.00925 0.025777777777777778
0 0.65975 0.04933333333333333 0.00875 0.02311111111111111
0 0.662 0.08133333333333333 0.0065 0.027555555555555555
0 0.66825 0.08977777777777778 0.009 0.030222222222222223
0 0.69825 0.10888888888888888 0.014 0.015111111111111112
0 0.71875 0.10088888888888889 0.013 0.018666666666666668
0 0.57425 0.19644444444444445 0.01375 0.015111111111111112
0 0.53025 0.2 0.014 0.014222222222222223
0 0.7145 0.014666666666666666 0.0065 0.02711111111111111
0 0.724 0.010666666666666666 0.007 0.021333333333333333
0 0.79225 0.011111111111111112 0.01225 0.018222222222222223
0 0.84125 0.04933333333333333 0.01025 0.02311111111111111
0 0.78275 0.07111111111111111 0.00875 0.016444444444444446
0 0.79225 0.08222222222222222 0.01025 0.024444444444444446
0 0.87525 0.09022222222222222 0.01125 0.017333333333333333
0 0.8925 0.013333333333333334 0.00875 0.02666666666666667
0 0.91775 0.009777777777777778 0.0145 0.015111111111111112
0 0.941 0.024 0.009 0.023555555555555555
0 0.94925 0.034666666666666665 0.01175 0.011111111111111112
0 0.94825 0.027555555555555555 0.0065 0.01911111111111111
0 0.96325 0.012 0.0075 0.02
0 0.97025 0.017777777777777778 0.0095 0.015111111111111112
0 0.97375 0.03422222222222222 0.01 0.018666666666666668
0 0.99175 0.07466666666666667 0.00675 0.03155555555555556
0 0.97925 0.11555555555555555 0.01 0.02
0 0.95425 0.128 0.00775 0.03288888888888889
0 0.91625 0.13733333333333334 0.0105 0.014222222222222223
0 0.909 0.14222222222222222 0.0105 0.013777777777777778
0 0.8955 0.17422222222222222 0.00775 0.024444444444444446
0 0.98475 0.17466666666666666 0.00825 0.028888888888888888
0 0.6825 0.1688888888888889 0.01025 0.021333333333333333
0 0.64525 0.248 0.011 0.022222222222222223
0 0.6595 0.25155555555555553 0.00825 0.021333333333333333
0 0.66575 0.2577777777777778 0.00775 0.02266666666666667
0 0.688 0.2391111111111111 0.01025 0.020444444444444446
0 0.742 0.24488888888888888 0.00775 0.018666666666666668
0 0.82325 0.22533333333333333 0.01425 0.01911111111111111
0 0.8355 0.208 0.0085 0.030222222222222223
0 0.84325 0.21333333333333335 0.01225 0.016888888888888887
0 0.938 0.22844444444444445 0.00775 0.027555555555555555
0 0.9445 0.22 0.00825 0.028444444444444446
0 0.9445 0.24888888888888888 0.00675 0.020444444444444446
0 0.99425 0.26622222222222225 0.0105 0.01911111111111111
0 0.875 0.248 0.011 0.016888888888888887
0 0.8725 0.2613333333333333 0.014 0.017333333333333333
0 0.88675 0.26266666666666666 0.00825 0.026222222222222223
0 0.89125 0.29333333333333333 0.00825 0.029777777777777778
0 0.9185 0.28933333333333333 0.007 0.023555555555555555
0 0.95625 0.3382222222222222 0.01075 0.02
0 0.98775 0.372 0.00625 0.030222222222222223
0 0.928 0.39466666666666667 0.01125 0.027555555555555555
0 0.8935 0.39466666666666667 0.013 0.021333333333333333
0 0.8405 0.304 0.0085 0.017777777777777778
0 0.84125 0.32266666666666666 0.01025 0.016888888888888887
0 0.83475 0.33866666666666667 0.01175 0.016888888888888887
0 0.82825 0.356 0.011 0.016
0 0.811 0.35244444444444445 0.0135 0.01911111111111111
0 0.84325 0.38133333333333336 0.014 0.012888888888888889
0 0.73775 0.2946666666666667 0.014 0.012888888888888889
0 0.75075 0.3511111111111111 0.01125 0.025777777777777778
0 0.558 0.3457777777777778 0.00775 0.02711111111111111
0 0.583 0.3982222222222222 0.00925 0.024888888888888887
0 0.65 0.41955555555555557 0.01575 0.016
0 0.70675 0.4137777777777778 0.0095 0.026222222222222223
0 0.66925 0.44177777777777777 0.007 0.024888888888888887
0 0.654 0.43644444444444447 0.006 0.026222222222222223
0 0.583 0.44533333333333336 0.01325 0.016444444444444446
0 0.794 0.4662222222222222 0.00675 0.029333333333333333
0 0.89575 0.43333333333333335 0.01425 0.018222222222222223
0 0.97175 0.45022222222222225 0.0105 0.017777777777777778
0 0.81125 0.4902222222222222 0.00825 0.025777777777777778
0 0.83975 0.48533333333333334 0.008 0.02266666666666667
0 0.916 0.5217777777777778 0.00675 0.021333333333333333
0 0.92 0.5253333333333333 0.007 0.018666666666666668
0 0.9315 0.5111111111111111 0.0075 0.02311111111111111
0 0.52925 0.5457777777777778 0.0085 0.024
0 0.536 0.5337777777777778 0.01325 0.014222222222222223
0 0.54575 0.5311111111111111 0.008 0.012444444444444444
0 0.551 0.5391111111111111 0.0095 0.012444444444444444
0 0.5555 0.5311111111111111 0.00875 0.020444444444444446
0 0.6 0.4955555555555556 0.00975 0.024444444444444446
0 0.6075 0.48533333333333334 0.012 0.012888888888888889
0 0.61525 0.5111111111111111 0.009 0.024
0 0.6335 0.47955555555555557 0.01275 0.016888888888888887
0 0.651 0.5115555555555555 0.012 0.017333333333333333
0 0.665 0.5355555555555556 0.00675 0.028888888888888888
0 0.689 0.5168888888888888 0.0105 0.026222222222222223
0 0.69325 0.5573333333333333 0.00825 0.021333333333333333
0 0.52 0.5791111111111111 0.0075 0.025333333333333333
0 0.50875 0.5746666666666667 0.01225 0.016
0 0.5145 0.644 0.00825 0.02
0 0.5475 0.6737777777777778 0.0085 0.030222222222222223
0 0.564 0.6662222222222223 0.0065 0.030222222222222223
0 0.62375 0.6617777777777778 0.011 0.016
0 0.62475 0.6804444444444444 0.00825 0.021333333333333333
0 0.63375 0.6804444444444444 0.0075 0.024888888888888887
0 0.6495 0.6693333333333333 0.0075 0.028444444444444446
0 0.65375 0.6928888888888889 0.0075 0.030222222222222223
0 0.62775 0.612 0.01025 0.021777777777777778
0 0.63925 0.6177777777777778 0.006 0.024888888888888887
0 0.64975 0.6111111111111112 0.00825 0.013333333333333334
0 0.63025 0.588 0.00825 0.02711111111111111
0 0.6445 0.5946666666666667 0.0125 0.014222222222222223
0 0.702 0.6382222222222222 0.01575 0.016
0 0.72725 0.6551111111111111 0.0125 0.018222222222222223
0 0.7845 0.6408888888888888 0.00925 0.02311111111111111
0 0.80325 0.6466666666666666 0.0085 0.025333333333333333
0 0.81425 0.6431111111111111 0.01225 0.012
0 0.85075 0.5902222222222222 0.0085 0.015111111111111112
0 0.85725 0.5888888888888889 0.00625 0.020444444444444446
0 0.9135 0.6022222222222222 0.00975 0.024
0 0.926 0.5826666666666667 0.007 0.026222222222222223
0 0.9535 0.7022222222222222 0.0075 0.028888888888888888
0 0.93275 0.6782222222222222 0.00825 0.024444444444444446
0 0.92 0.676 0.008 0.018222222222222223
0 0.91825 0.6911111111111111 0.01125 0.016444444444444446
0 0.91775 0.7066666666666667 0.00925 0.02
0 0.92725 0.7048888888888889 0.012 0.018666666666666668
0 0.933 0.7404444444444445 0.01325 0.016
0 0.9225 0.7817777777777778 0.013 0.013333333333333334
0 0.993 0.7893333333333333 0.014 0.016
0 0.84725 0.7693333333333333 0.0075 0.028
0 0.73 0.6848888888888889 0.00925 0.022222222222222223
0 0.51925 0.7528888888888889 0.01375 0.018666666666666668
0 0.5495 0.7475555555555555 0.00875 0.028
0 0.63225 0.7448888888888889 0.00875 0.03111111111111111
0 0.691 0.7382222222222222 0.00825 0.025333333333333333
0 0.73525 0.7093333333333334 0.00975 0.02311111111111111
0 0.75275 0.7222222222222222 0.01025 0.017333333333333333
0 0.75275 0.7422222222222222 0.0095 0.020888888888888887
0 0.86975 0.796 0.0095 0.013333333333333334
0 0.88975 0.7995555555555556 0.009 0.018666666666666668
0 0.9295 0.828 0.00625 0.025777777777777778
0 0.9735 0.8551111111111112 0.01225 0.016888888888888887
0 0.89725 0.8617777777777778 0.00775 0.03155555555555556
0 0.87175 0.8506666666666667 0.01175 0.013777777777777778
0 0.85025 0.8742222222222222 0.0095 0.025333333333333333
0 0.795 0.8195555555555556 0.01175 0.016888888888888887
0 0.734 0.7933333333333333 0.011 0.020444444444444446
0 0.6445 0.7622222222222222 0.0155 0.012
0 0.638 0.7804444444444445 0.0145 0.014222222222222223
0 0.64875 0.772 0.013 0.011555555555555555
0 0.64125 0.8035555555555556 0.00975 0.020444444444444446
0 0.62625 0.8177777777777778 0.0065 0.02711111111111111
0 0.63575 0.8346666666666667 0.0135 0.015555555555555555
0 0.53275 0.816 0.01225 0.013333333333333334
0 0.51275 0.8111111111111111 0.00875 0.02266666666666667
0 0.61875 0.9706666666666667 0.01175 0.021333333333333333
0 0.5635 0.9435555555555556 0.00925 0.015111111111111112
0 0.702 0.9564444444444444 0.008 0.028
0 0.7445 0.8893333333333333 0.0095 0.02711111111111111
0 0.7765 0.9546666666666667 0.012 0.02311111111111111
0 0.75575 0.992 0.01175 0.016
0 0.8245 0.9293333333333333 0.013 0.021777777777777778
0 0.79925 0.9151111111111111 0.00775 0.015111111111111112
0 0.78525 0.9933333333333333 0.00775 0.012888888888888889
0 0.856 0.9844444444444445 0.009 0.024444444444444446
0 0.8905 0.9537777777777777 0.0135 0.023555555555555555
0 0.915 0.9088888888888889 0.01375 0.016888888888888887
0 0.9535 0.9342222222222222 0.01325 0.02
0 0.98675 0.9035555555555556 0.00925 0.017777777777777778
0 0.9965 0.9057777777777778 0.007 0.016
0 0.9715 0.9884444444444445 0.00825 0.02311111111111111
0 0.94925 0.9897777777777778 0.01675 0.02
0 0.92275 0.9662222222222222 0.0125 0.014666666666666666
0 0.8965 0.9897777777777778 0.011 0.02
0 0.55175 0.9471111111111111 0.00825 0.021333333333333333
0 0.5695 0.9408888888888889 0.0105 0.011111111111111112
0 0.57825 0.7066666666666667 0.008 0.015555555555555555