0 0.445 0.2628378378378378 0.013333333333333334 0.014864864864864866
0 0.5823333333333334 0.28040540540540543 0.011666666666666667 0.016891891891891893
0 0.8906666666666667 0.6385135135135135 0.013666666666666667 0.014864864864864866
0 0.7353333333333333 0.3081081081081081 0.008333333333333333 0.014864864864864866
0 0.414 0.977027027027027 0.009666666666666667 0.016891891891891893
0 0.5436666666666666 0.2418918918918919 0.011666666666666667 0.012837837837837839
0 0.9606666666666667 0.7783783783783784 0.011 0.014864864864864866
0 0.9133333333333333 0.8587837837837838 0.01 0.012162162162162163
0 0.8846666666666667 0.2682432432432432 0.012666666666666666 0.01756756756756757
0 0.305 0.4358108108108108 0.009333333333333334 0.01756756756756757
0 0.348 0.2891891891891892 0.014 0.014864864864864866
0 0.529 0.06756756756756757 0.01 0.01418918918918919
0 0.8173333333333334 0.060810810810810814 0.011 0.01756756756756757
0 0.8856666666666667 0.17229729729729729 0.01 0.01756756756756757
0 0.554 0.9290540540540541 0.008666666666666666 0.016216216216216217
0 0.954 0.42364864864864865 0.009 0.016216216216216217
0 0.49266666666666664 0.8006756756756757 0.008666666666666666 0.012162162162162163
0 0.19433333333333333 0.8972972972972973 0.011333333333333334 0.01418918918918919
0 0.6513333333333333 0.24527027027027026 0.01 0.01418918918918919
0 0.356 0.14189189189189189 0.013 0.012837837837837839
0 0.869 0.22432432432432434 0.009 0.016891891891891893
0 0.5113333333333333 0.3290540540540541 0.014 0.012837837837837839
0 0.4673333333333333 0.1891891891891892 0.007666666666666666 0.012162162162162163
0 0.881 0.3533783783783784 0.010666666666666666 0.012837837837837839
0 0.5853333333333334 0.48783783783783785 0.009666666666666667 0.016216216216216217
0 0.5733333333333334 0.1945945945945946 0.012666666666666666 0.01418918918918919
0 0.6173333333333333 0.09662162162162162 0.011666666666666667 0.015540540540540541
0 0.6856666666666666 0.1445945945945946 0.013 0.012162162162162163
0 0.215 0.28445945945945944 0.011333333333333334 0.016216216216216217
0 0.6356666666666667 0.3277027027027027 0.009666666666666667 0.016891891891891893
0 0.6676666666666666 0.3716216216216216 0.01 0.012162162162162163
0 0.6866666666666666 0.3344594594594595 0.013333333333333334 0.014864864864864866
0 0.6463333333333333 0.46283783783783783 0.009333333333333334 0.014864864864864866
0 0.481 0.20405405405405405 0.008333333333333333 0.01756756756756757
0 0.5753333333333334 0.8756756756756757 0.015666666666666666 0.012837837837837839
0 0.712 0.47702702702702704 0.007 0.015540540540540541
0 0.5733333333333334 0.1472972972972973 0.012666666666666666 0.015540540540540541
0 0.684 0.6648648648648648 0.01 0.020945945945945947
0 0.5446666666666666 0.5459459459459459 0.009333333333333334 0.02027027027027027
0 0.848 0.7243243243243244 0.008666666666666666 0.01756756756756757
0 0.37133333333333335 0.5783783783783784 0.012666666666666666 0.012837837837837839
0 0.5063333333333333 0.4756756756756757 0.008333333333333333 0.01418918918918919
0 0.988 0.40135135135135136 0.011 0.012837837837837839
0 0.364 0.4837837837837838 0.009 0.021621621621621623
0 0.86 0.31486486486486487 0.008333333333333333 0.01756756756756757
0 0.951 0.23581081081081082 0.010666666666666666 0.01891891891891892
0 0.6156666666666667 0.9912162162162163 0.006 0.01418918918918919
0 0.507 0.022972972972972974 0.016 0.012162162162162163
0 0.23866666666666667 0.9175675675675675 0.015666666666666666 0.012837837837837839
0 0.8203333333333334 0.2560810810810811 0.011 0.01418918918918919
0 0.719 0.731081081081081 0.013 0.012837837837837839
0 0.15933333333333333 0.9878378378378379 0.015 0.015540540540540541
0 0.12766666666666668 0.4027027027027027 0.013333333333333334 0.016891891891891893
0 0.7073333333333334 0.4263513513513513 0.012 0.014864864864864866
0 0.30866666666666664 0.5337837837837838 0.011666666666666667 0.01891891891891892
0 0.7453333333333333 0.6067567567567568 0.006333333333333333 0.02702702702702703
0 0.74 0.19527027027027027 0.009 0.012837837837837839
0 0.6503333333333333 0.9797297297297297 0.009666666666666667 0.020945945945945947
0 0.128 0.012837837837837839 0.012 0.025675675675675677
0 0.6843333333333333 0.44324324324324327 0.009333333333333334 0.010810810810810811
0 0.8746666666666667 0.14662162162162162 0.009 0.02027027027027027
0 0.134 0.8554054054054054 0.011666666666666667 0.01418918918918919
0 0.3536666666666667 0.22837837837837838 0.009333333333333334 0.016891891891891893
0 0.6206666666666667 0.7236486486486486 0.006666666666666667 0.015540540540540541
0 0.05533333333333333 0.3641891891891892 0.012666666666666666 0.01756756756756757
0 0.23 0.65 0.008666666666666666 0.01418918918918919
0 0.5923333333333334 0.5763513513513514 0.007666666666666666 0.01891891891891892
0 0.36933333333333335 0.42567567567567566 0.006666666666666667 0.014864864864864866
0 0.9866666666666667 0.706081081081081 0.008666666666666666 0.01756756756756757
0 0.336 0.04594594594594595 0.007 0.025
0 0.9053333333333333 0.6317567567567568 0.009 0.012162162162162163
0 0.336 0.37432432432432433 0.008333333333333333 0.016891891891891893
0 0.527 0.03513513513513514 0.01 0.01756756756756757
0 0.31133333333333335 0.375 0.007 0.012837837837837839
0 0.6406666666666667 0.7756756756756756 0.012666666666666666 0.01891891891891892
0 0.972 0.6554054054054054 0.013333333333333334 0.012837837837837839
0 0.6033333333333334 0.8445945945945946 0.014666666666666666 0.011486486486486487
0 0.5173333333333333 0.6574324324324324 0.006666666666666667 0.026351351351351353
0 0.456 0.041891891891891894 0.009333333333333334 0.012162162162162163
0 0.10033333333333333 0.4060810810810811 0.013333333333333334 0.012837837837837839
0 0.5346666666666666 0.522972972972973 0.008333333333333333 0.016891891891891893
0 0.819 0.21824324324324323 0.012 0.01418918918918919
0 0.461 0.9804054054054054 0.011666666666666667 0.026351351351351353
0 0.4663333333333333 0.9824324324324324 0.011 0.0222972972972973
0 0.43966666666666665 0.09864864864864865 0.009 0.02027027027027027
0 0.594 0.3418918918918919 0.008333333333333333 0.015540540540540541
0 0.509 0.8891891891891892 0.009666666666666667 0.02837837837837838
0 0.30033333333333334 0.6378378378378379 0.012666666666666666 0.011486486486486487
0 0.9053333333333333 0.40337837837837837 0.008333333333333333 0.01756756756756757
0 0.7043333333333334 0.5871621621621622 0.008333333333333333 0.02027027027027027
0 0.21333333333333335 0.04054054054054054 0.006666666666666667 0.01891891891891892
0 0.757 0.7986486486486486 0.009333333333333334 0.021621621621621623
0 0.8053333333333333 0.5905405405405405 0.012666666666666666 0.01756756756756757
0 0.398 0.33716216216216216 0.006333333333333333 0.01756756756756757
0 0.9503333333333334 0.46959459459459457 0.011333333333333334 0.019594594594594596
0 0.9553333333333334 0.22567567567567567 0.011666666666666667 0.012162162162162163
0 0.7483333333333333 0.06959459459459459 0.010666666666666666 0.014864864864864866
0 0.246 0.12297297297297298 0.009333333333333334 0.01418918918918919
0 0.4663333333333333 0.28716216216216217 0.010666666666666666 0.011486486486486487
0 0.723 0.13851351351351351 0.006666666666666667 0.016891891891891893
0 0.7793333333333333 0.6574324324324324 0.011 0.020945945945945947
0 0.72 0.9304054054054054 0.006666666666666667 0.02027027027027027
0 0.929 0.39864864864864863 0.012 0.01418918918918919
0 0.4503333333333333 0.4804054054054054 0.007 0.019594594594594596
0 0.155 0.8858108108108108 0.014333333333333333 0.010135135135135136
0 0.30933333333333335 0.3587837837837838 0.006333333333333333 0.016891891891891893
0 0.48933333333333334 0.702027027027027 0.006333333333333333 0.014864864864864866
0 0.6083333333333333 0.7479729729729729 0.015 0.015540540540540541
0 0.3476666666666667 0.7445945945945946 0.009333333333333334 0.01891891891891892
0 0.802 0.7756756756756756 0.009 0.019594594594594596
0 0.4106666666666667 0.7783783783783784 0.006666666666666667 0.015540540540540541
0 0.512 0.2168918918918919 0.007666666666666666 0.015540540540540541
0 0.764 0.2831081081081081 0.010666666666666666 0.011486486486486487
0 0.8366666666666667 0.20337837837837838 0.008333333333333333 0.019594594594594596
0 0.9116666666666666 0.5648648648648649 0.007666666666666666 0.015540540540540541
0 0.727 0.26756756756756755 0.007 0.014864864864864866
0 0.43666666666666665 0.5114864864864865 0.010666666666666666 0.01418918918918919
0 0.14233333333333334 0.654054054054054 0.01 0.01756756756756757
0 0.6873333333333334 0.4891891891891892 0.009 0.020945945945945947
0 0.44 0.4189189189189189 0.008333333333333333 0.02027027027027027
0 0.2803333333333333 0.025675675675675677 0.010666666666666666 0.012837837837837839
0 0.4746666666666667 0.9831081081081081 0.006333333333333333 0.010810810810810811
0 0.43266666666666664 0.9743243243243244 0.011333333333333334 0.01418918918918919
0 0.5453333333333333 0.6310810810810811 0.007 0.016891891891891893
0 0.5813333333333334 0.12972972972972974 0.008666666666666666 0.019594594594594596
0 0.385 0.18175675675675676 0.006333333333333333 0.02702702702702703
0 0.3436666666666667 0.2277027027027027 0.009666666666666667 0.02027027027027027
0 0.707 0.9087837837837838 0.007333333333333333 0.016891891891891893
0 0.9406666666666667 0.5162162162162162 0.007 0.010810810810810811
0 0.394 0.28175675675675677 0.014 0.014864864864864866
0 0.215 0.21013513513513513 0.008333333333333333 0.020945945945945947
0 0.263 0.7236486486486486 0.007333333333333333 0.016216216216216217
0 0.47533333333333333 0.11486486486486487 0.008666666666666666 0.020945945945945947
0 0.9123333333333333 0.47364864864864864 0.009 0.012837837837837839
0 0.12266666666666666 0.5432432432432432 0.013333333333333334 0.015540540540540541
0 0.10366666666666667 0.85 0.009666666666666667 0.016891891891891893
0 0.7143333333333334 0.4175675675675676 0.008333333333333333 0.022972972972972974
0 0.4706666666666667 0.7662162162162162 0.007666666666666666 0.016216216216216217
0 0.791 0.9324324324324325 0.007666666666666666 0.02972972972972973
0 0.012 0.6587837837837838 0.011333333333333334 0.019594594594594596
0 0.371 0.37094594594594593 0.008333333333333333 0.019594594594594596
0 0.8426666666666667 0.5594594594594594 0.008333333333333333 0.021621621621621623
0 0.6223333333333333 0.4168918918918919 0.012 0.011486486486486487
0 0.6846666666666666 0.27837837837837837 0.007 0.01756756756756757
0 0.18933333333333333 0.37972972972972974 0.007666666666666666 0.01891891891891892
0 0.419 0.3858108108108108 0.007 0.019594594594594596
0 0.377 0.675 0.009666666666666667 0.01756756756756757
0 0.965 0.27297297297297296 0.008333333333333333 0.01418918918918919
0 0.4656666666666667 0.1662162162162162 0.010333333333333333 0.02027027027027027
0 0.472 0.17229729729729729 0.009 0.014864864864864866
0 0.8086666666666666 0.572972972972973 0.008333333333333333 0.019594594594594596
0 0.44766666666666666 0.40540540540540543 0.007666666666666666 0.016891891891891893
0 0.17966666666666667 0.3993243243243243 0.01 0.027702702702702704
0 0.17333333333333334 0.7128378378378378 0.009333333333333334 0.02837837837837838
0 0.37133333333333335 0.9945945945945946 0.013666666666666667 0.010810810810810811
0 0.197 0.725 0.012 0.012162162162162163
0 0.4503333333333333 0.038513513513513516 0.007666666666666666 0.02702702702702703
0 0.5086666666666667 0.010135135135135136 0.007 0.014864864864864866
0 0.30833333333333335 0.4743243243243243 0.007666666666666666 0.01756756756756757
0 0.276 0.602027027027027 0.009666666666666667 0.01891891891891892
0 0.33266666666666667 0.49324324324324326 0.009666666666666667 0.015540540540540541
0 0.4256666666666667 0.31891891891891894 0.006333333333333333 0.016891891891891893
0 0.9813333333333333 0.6756756756756757 0.009 0.01756756756756757
0 0.8486666666666667 0.39797297297297296 0.008 0.024324324324324326
0 0.7383333333333333 0.777027027027027 0.008 0.025
0 0.7856666666666666 0.10472972972972973 0.009 0.019594594594594596
0 0.626 0.497972972972973 0.009 0.0222972972972973
0 0.35833333333333334 0.6432432432432432 0.007 0.012162162162162163
0 0.173 0.377027027027027 0.007666666666666666 0.016216216216216217
0 0.9943333333333333 0.8783783783783784 0.009 0.01418918918918919
0 0.563 0.9006756756756756 0.013 0.01418918918918919
0 0.356 0.9175675675675675 0.011 0.012162162162162163
0 0.378 0.8128378378378378 0.01 0.016891891891891893
0 0.9576666666666667 0.7641891891891892 0.006333333333333333 0.012162162162162163
0 0.9286666666666666 0.8783783783783784 0.007333333333333333 0.015540540540540541
0 0.37533333333333335 0.5986486486486486 0.007333333333333333 0.019594594594594596
0 0.8803333333333333 0.9358108108108109 0.007333333333333333 0.016891891891891893
0 0.9063333333333333 0.9905405405405405 0.008333333333333333 0.016891891891891893
0 0.759 0.5831081081081081 0.007666666666666666 0.032432432432432434
0 0.643 0.5695945945945946 0.011333333333333334 0.015540540540540541
0 0.7033333333333334 0.9763513513513513 0.011 0.024324324324324326
0 0.35333333333333333 0.25067567567567567 0.007333333333333333 0.025675675675675677
0 0.336 0.35945945945945945 0.007333333333333333 0.01418918918918919
0 0.384 0.8324324324324325 0.008666666666666666 0.016216216216216217
0 0.49566666666666664 0.8128378378378378 0.006333333333333333 0.012162162162162163
0 0.936 0.9918918918918919 0.009333333333333334 0.016216216216216217
0 0.136 0.9358108108108109 0.009333333333333334 0.014864864864864866
0 0.6733333333333333 0.7094594594594594 0.009333333333333334 0.021621621621621623
0 0.6216666666666667 0.13918918918918918 0.006 0.026351351351351353
0 0.623 0.12027027027027028 0.007666666666666666 0.02027027027027027
0 0.944 0.45675675675675675 0.007333333333333333 0.01418918918918919
0 0.7313333333333333 0.4195945945945946 0.007 0.03175675675675676
0 0.5203333333333333 0.2864864864864865 0.008333333333333333 0.02364864864864865
0 0.277 0.5858108108108108 0.007333333333333333 0.016216216216216217
0 0.9106666666666666 0.33918918918918917 0.007 0.020945945945945947
0 0.3463333333333333 0.6081081081081081 0.006333333333333333 0.01756756756756757
0 0.4086666666666667 0.7648648648648648 0.006333333333333333 0.012837837837837839
0 0.645 0.3141891891891892 0.01 0.010135135135135136
0 0.532 0.45878378378378376 0.006666666666666667 0.01891891891891892
0 0.8986666666666666 0.5067567567567568 0.008666666666666666 0.021621621621621623
0 0.7833333333333333 0.09594594594594595 0.006666666666666667 0.01756756756756757
0 0.8926666666666667 0.09391891891891892 0.006333333333333333 0.02837837837837838
0 0.9003333333333333 0.08581081081081081 0.007 0.02364864864864865
0 0.029333333333333333 0.1966216216216216 0.007 0.02972972972972973
0 0.9753333333333334 0.5432432432432432 0.007666666666666666 0.01756756756756757
0 0.4796666666666667 0.6986486486486486 0.011 0.021621621621621623
0 0.4126666666666667 0.7932432432432432 0.007333333333333333 0.015540540540540541
0 0.06533333333333333 0.3567567567567568 0.009333333333333334 0.020945945945945947
0 0.529 0.23851351351351352 0.010666666666666666 0.010135135135135136
0 0.9216666666666666 0.947972972972973 0.006666666666666667 0.016891891891891893
0 0.76 0.7358108108108108 0.007333333333333333 0.020945945945945947
0 0.9706666666666667 0.5304054054054054 0.007666666666666666 0.019594594594594596
0 0.6423333333333333 0.17635135135135135 0.011 0.012162162162162163
0 0.14633333333333334 0.8445945945945946 0.012666666666666666 0.010810810810810811
0 0.9423333333333334 0.2608108108108108 0.007 0.016891891891891893
0 0.38066666666666665 0.5966216216216216 0.007333333333333333 0.020945945945945947
0 0.4073333333333333 0.6891891891891891 0.007666666666666666 0.030405405405405407
0 0.16733333333333333 0.754054054054054 0.009666666666666667 0.016216216216216217
0 0.057 0.5966216216216216 0.007666666666666666 0.019594594594594596
0 0.31466666666666665 0.23783783783783785 0.006666666666666667 0.02027027027027027
0 0.899 0.8797297297297297 0.007333333333333333 0.01891891891891892
0 0.313 0.6709459459459459 0.008333333333333333 0.019594594594594596
0 0.956 0.27635135135135136 0.008333333333333333 0.016216216216216217
0 0.488 0.779054054054054 0.009 0.026351351351351353
0 0.644 0.3614864864864865 0.006333333333333333 0.0222972972972973
0 0.12666666666666668 0.2141891891891892 0.01 0.026351351351351353
0 0.7336666666666667 0.23986486486486486 0.007666666666666666 0.0222972972972973
0 0.5223333333333333 0.22702702702702704 0.006 0.01756756756756757
0 0.13833333333333334 0.31013513513513513 0.011333333333333334 0.014864864864864866
0 0.6846666666666666 0.10810810810810811 0.007666666666666666 0.029054054054054056
0 0.5413333333333333 0.5756756756756757 0.008333333333333333 0.027702702702702704
0 0.20333333333333334 0.6695945945945946 0.006666666666666667 0.02837837837837838
0 0.984 0.2628378378378378 0.007 0.020945945945945947
0 0.49933333333333335 0.6114864864864865 0.008333333333333333 0.01891891891891892
0 0.4633333333333333 0.08108108108108109 0.008666666666666666 0.027702702702702704
0 0.5953333333333334 0.6871621621621622 0.008666666666666666 0.030405405405405407
0 0.7726666666666666 0.75 0.015 0.012162162162162163
0 0.005 0.2527027027027027 0.009 0.026351351351351353
0 0.017 0.2716216216216216 0.011 0.03175675675675676
0 0.328 0.6182432432432432 0.01 0.019594594594594596
0 0.468 0.8040540540540541 0.008 0.026351351351351353
0 0.5346666666666666 0.6135135135135135 0.011 0.021621621621621623
0 0.997 0.36283783783783785 0.006 0.026351351351351353
0 0.979 0.754054054054054 0.010333333333333333 0.016216216216216217
0 0.5303333333333333 0.652027027027027 0.005666666666666667 0.027702702702702704
0 0.24966666666666668 0.8966216216216216 0.009666666666666667 0.037162162162162164
0 0.18933333333333333 0.5574324324324325 0.012333333333333333 0.026351351351351353
0 0.9583333333333334 0.26013513513513514 0.007 0.016891891891891893
0 0.034666666666666665 0.6506756756756756 0.01633333333333333 0.021621621621621623
0 0.09033333333333333 0.9689189189189189 0.011666666666666667 0.026351351351351353
0 0.311 0.5466216216216216 0.012666666666666666 0.01891891891891892
0 0.42133333333333334 0.6817567567567567 0.01 0.01891891891891892
0 0.622 0.5168918918918919 0.012666666666666666 0.02027027027027027
0 0.9196666666666666 0.43513513513513513 0.011 0.027702702702702704
0 0.9633333333333334 0.6648648648648648 0.012666666666666666 0.01891891891891892