0 0.578 0.5662222222222222 0.012 0.016888888888888887
0 0.20525 0.3973333333333333 0.012 0.020888888888888887
0 0.2235 0.9182222222222223 0.014 0.017777777777777778
0 0.69525 0.17333333333333334 0.0135 0.016888888888888887
0 0.69225 0.2826666666666667 0.01475 0.015111111111111112
0 0.19125 0.44222222222222224 0.01375 0.017333333333333333
0 0.0835 0.128 0.0145 0.015111111111111112
0 0.197 0.24 0.0135 0.018222222222222223
0 0.8675 0.7244444444444444 0.01325 0.015555555555555555
0 0.58275 0.2644444444444444 0.01125 0.014666666666666666
0 0.524 0.6306666666666667 0.009 0.016
0 0.44375 0.26711111111111113 0.01075 0.015555555555555555
0 0.2875 0.8466666666666667 0.01125 0.021333333333333333
0 0.53175 0.39511111111111114 0.01225 0.015555555555555555
0 0.4435 0.05644444444444444 0.0095 0.018222222222222223
0 0.956 0.5088888888888888 0.016 0.016888888888888887
0 0.9935 0.8226666666666667 0.011 0.021333333333333333
0 0.034 0.8635555555555555 0.00975 0.016
0 0.27975 0.7422222222222222 0.00975 0.017777777777777778
0 0.299 0.34355555555555556 0.01125 0.017333333333333333
0 0.627 0.23066666666666666 0.00875 0.021333333333333333
0 0.321 0.428 0.0175 0.015555555555555555
0 0.549 0.7071111111111111 0.01175 0.017777777777777778
0 0.7355 0.5177777777777778 0.0135 0.015555555555555555
0 0.24325 0.7653333333333333 0.00975 0.02666666666666667
0 0.498 0.9835555555555555 0.009 0.016
0 0.07275 0.17644444444444443 0.0125 0.016444444444444446
0 0.09925 0.006222222222222222 0.0175 0.012444444444444444
0 0.444 0.45466666666666666 0.0095 0.016
0 0.03375 0.10355555555555555 0.014 0.016
0 0.993 0.08933333333333333 0.01275 0.01911111111111111
0 0.0855 0.9235555555555556 0.01525 0.018222222222222223
0 0.16325 0.38533333333333336 0.01425 0.013777777777777778
0 0.27575 0.14444444444444443 0.0105 0.02
0 0.29625 0.7857777777777778 0.014 0.019555555555555555
0 0.13875 0.9671111111111111 0.015 0.013777777777777778
0 0.27825 0.4226666666666667 0.016 0.014666666666666666
0 0.3875 0.06133333333333333 0.014 0.014222222222222223
0 0.22175 0.13377777777777777 0.01225 0.016444444444444446
0 0.4495 0.17155555555555554 0.012 0.016
0 0.2765 0.6164444444444445 0.015 0.01911111111111111
0 0.02325 0.8795555555555555 0.01175 0.014666666666666666
0 0.9145 0.10222222222222223 0.01275 0.020444444444444446
0 0.512 0.36 0.01575 0.02
0 0.981 0.7146666666666667 0.01725 0.017333333333333333
0 0.766 0.628 0.0125 0.01911111111111111
0 0.00625 0.23066666666666666 0.0125 0.018222222222222223
0 0.796 0.48844444444444446 0.01575 0.013777777777777778
0 0.07625 0.19644444444444445 0.013 0.018222222222222223
0 0.9145 0.9382222222222222 0.0175 0.016888888888888887
0 0.076 0.4093333333333333 0.01475 0.015111111111111112
0 0.63225 0.13111111111111112 0.012 0.019555555555555555
0 0.827 0.10088888888888889 0.016 0.018666666666666668
0 0.55625 0.3857777777777778 0.013 0.014666666666666666
0 0.58675 0.7786666666666666 0.01425 0.018666666666666668
0 0.89675 0.6368888888888888 0.01275 0.020444444444444446
0 0.758 0.2782222222222222 0.01 0.01911111111111111
0 0.56 0.9595555555555556 0.017 0.016
0 0.3725 0.964 0.01325 0.01911111111111111
0 0.22625 0.6297777777777778 0.0115 0.021777777777777778
0 0.2335 0.9933333333333333 0.0125 0.013333333333333334
0 0.833 0.8337777777777777 0.01425 0.02
0 0.1215 0.5386666666666666 0.01325 0.016444444444444446
0 0.47125 0.020444444444444446 0.0125 0.017777777777777778
0 0.48775 0.033777777777777775 0.0135 0.017333333333333333
0 0.53825 0.28444444444444444 0.01475 0.014666666666666666
0 0.2495 0.188 0.01375 0.013333333333333334
0 0.3865 0.2906666666666667 0.01175 0.02
0 0.3265 0.764 0.0105 0.019555555555555555
0 0.706 0.11377777777777778 0.0135 0.016888888888888887
0 0.79875 0.1537777777777778 0.015 0.017333333333333333
0 0.367 0.06088888888888889 0.015 0.017333333333333333
0 0.22275 0.3075555555555556 0.0095 0.014222222222222223
0 0.1055 0.31244444444444447 0.01325 0.017333333333333333
0 0.429 0.6008888888888889 0.01125 0.020888888888888887
0 0.11625 0.35777777777777775 0.0125 0.018666666666666668
0 0.13 0.24666666666666667 0.01625 0.017777777777777778
0 0.65325 0.35644444444444445 0.017 0.016444444444444446
0 0.302 0.10177777777777777 0.00925 0.025333333333333333
0 0.4755 0.8235555555555556 0.0175 0.017777777777777778
0 0.02275 0.33244444444444443 0.01225 0.016444444444444446
0 0.114 0.9928888888888889 0.009 0.014222222222222223
0 0.40125 0.45466666666666666 0.01125 0.016888888888888887
0 0.25825 0.8191111111111111 0.0155 0.014666666666666666
0 0.92675 0.2311111111111111 0.01675 0.016888888888888887
0 0.2245 0.32266666666666666 0.00875 0.016888888888888887
0 0.35175 0.3497777777777778 0.01525 0.012888888888888889
0 0.3215 0.6906666666666667 0.0145 0.017333333333333333
0 0.1075 0.5471111111111111 0.01075 0.021333333333333333
0 0.5695 0.24355555555555555 0.01475 0.017333333333333333
0 0.0565 0.1791111111111111 0.0115 0.015111111111111112
0 0.35825 0.364 0.01225 0.015111111111111112
0 0.76075 0.050222222222222224 0.012 0.020444444444444446
0 0.518 0.4288888888888889 0.01175 0.012888888888888889
0 0.0245 0.6164444444444445 0.0145 0.012888888888888889
0 0.90825 0.06355555555555556 0.0115 0.014222222222222223
0 0.479 0.6511111111111111 0.0095 0.014222222222222223
0 0.732 0.8293333333333334 0.01025 0.020888888888888887
0 0.2885 0.5764444444444444 0.01 0.02266666666666667
0 0.36375 0.5924444444444444 0.01075 0.02266666666666667
0 0.3355 0.4728888888888889 0.0115 0.016444444444444446
0 0.959 0.4608888888888889 0.00975 0.024444444444444446
0 0.70775 0.9 0.01675 0.015111111111111112
0 0.095 0.2511111111111111 0.016 0.013333333333333334
0 0.57425 0.0768888888888889 0.01225 0.017777777777777778
0 0.16025 0.688 0.01375 0.013777777777777778
0 0.2475 0.5208888888888888 0.0115 0.02266666666666667
0 0.958 0.9644444444444444 0.01425 0.015111111111111112
0 0.403 0.28355555555555556 0.0115 0.024444444444444446
0 0.29625 0.3844444444444444 0.00975 0.02666666666666667
0 0.31425 0.9848888888888889 0.01525 0.014222222222222223
0 0.60525 0.43733333333333335 0.0125 0.021777777777777778
0 0.241 0.9204444444444444 0.01275 0.020444444444444446
0 0.74425 0.1768888888888889 0.014 0.015555555555555555
0 0.24975 0.5697777777777778 0.01025 0.017333333333333333
0 0.65375 0.06266666666666666 0.01475 0.016444444444444446
0 0.21025 0.14044444444444446 0.00925 0.020888888888888887
0 0.384 0.9395555555555556 0.00775 0.014222222222222223
0 0.98225 0.7493333333333333 0.0145 0.020444444444444446
0 0.62525 0.6884444444444444 0.01625 0.019555555555555555
0 0.11 0.28 0.00875 0.019555555555555555
0 0.35275 0.5 0.0135 0.012888888888888889
0 0.9705 0.6391111111111111 0.01175 0.015111111111111112
0 0.91125 0.5022222222222222 0.01225 0.021333333333333333
0 0.398 0.5253333333333333 0.01425 0.018666666666666668
0 0.806 0.30133333333333334 0.0105 0.024
0 0.51 0.16133333333333333 0.00975 0.024888888888888887
0 0.059 0.4391111111111111 0.01175 0.014666666666666666
0 0.10125 0.21644444444444444 0.01225 0.014666666666666666
0 0.13625 0.8471111111111111 0.00825 0.015555555555555555
0 0.95975 0.6768888888888889 0.012 0.020888888888888887
0 0.745 0.3586666666666667 0.0115 0.024
0 0.34875 0.43377777777777776 0.01425 0.014222222222222223
0 0.88375 0.8048888888888889 0.015 0.014222222222222223
0 0.2615 0.88 0.008 0.024
0 0.21925 0.184 0.0105 0.016
0 0.3595 0.9568888888888889 0.01525 0.015555555555555555
0 0.428 0.4235555555555556 0.01175 0.02
0 0.2485 0.128 0.0085 0.022222222222222223
0 0.13375 0.6853333333333333 0.00775 0.026222222222222223
0 0.94275 0.06444444444444444 0.01075 0.021777777777777778
0 0.64425 0.4022222222222222 0.016 0.015111111111111112
0 0.8625 0.568 0.01775 0.014666666666666666
0 0.38225 0.17777777777777778 0.0095 0.017777777777777778
0 0.19425 0.7244444444444444 0.0115 0.012
0 0.37325 0.29244444444444445 0.0175 0.015111111111111112
0 0.382 0.4102222222222222 0.01 0.023555555555555555
0 0.45725 0.984 0.01225 0.014222222222222223
0 0.948 0.39511111111111114 0.01225 0.014222222222222223
0 0.021 0.9702222222222222 0.0095 0.021777777777777778
0 0.44375 0.09022222222222222 0.013 0.017333333333333333
0 0.95125 0.6893333333333334 0.01175 0.024
0 0.5355 0.8462222222222222 0.00825 0.026222222222222223
0 0.824 0.5462222222222223 0.01175 0.017333333333333333
0 0.64325 0.9248888888888889 0.0135 0.020444444444444446
0 0.9805 0.3977777777777778 0.01475 0.014666666666666666
0 0.384 0.5 0.01375 0.016
0 0.02375 0.08266666666666667 0.011 0.017333333333333333
0 0.532 0.6528888888888889 0.01 0.020444444444444446
0 0.627 0.8244444444444444 0.01975 0.017333333333333333
0 0.41075 0.0791111111111111 0.01225 0.018666666666666668
0 0.84775 0.576 0.01525 0.017333333333333333
0 0.76625 0.448 0.0095 0.028888888888888888
0 0.79275 0.6488888888888888 0.017 0.016
0 0.20575 0.7093333333333334 0.009 0.020888888888888887
0 0.21925 0.76 0.01125 0.022222222222222223
0 0.30975 0.184 0.01075 0.028444444444444446
0 0.45075 0.7226666666666667 0.0145 0.013333333333333334
0 0.775 0.6244444444444445 0.01425 0.02266666666666667
0 0.67325 0.456 0.012 0.020888888888888887
0 0.39475 0.7773333333333333 0.00925 0.023555555555555555
0 0.9515 0.17466666666666666 0.01075 0.02266666666666667
0 0.2095 0.4737777777777778 0.0085 0.02
0 0.661 0.3257777777777778 0.0085 0.021333333333333333
0 0.13225 0.056 0.011 0.016888888888888887
0 0.045 0.7044444444444444 0.009 0.02266666666666667
0 0.7825 0.9915555555555555 0.009 0.016888888888888887
0 0.2105 0.6631111111111111 0.01125 0.02
0 0.38375 0.8084444444444444 0.016 0.012
0 0.15075 0.9053333333333333 0.01375 0.020888888888888887
0 0.65025 0.6506666666666666 0.0095 0.020888888888888887
0 0.2125 0.12133333333333333 0.01 0.015555555555555555
0 0.862 0.4582222222222222 0.011 0.024
0 0.325 0.6462222222222223 0.011 0.014666666666666666
0 0.1325 0.7933333333333333 0.01275 0.02266666666666667
0 0.49575 0.5182222222222223 0.01175 0.019555555555555555
0 0.44925 0.7075555555555556 0.01175 0.021777777777777778
0 0.57375 0.42844444444444446 0.01375 0.016888888888888887
0 0.94225 0.019555555555555555 0.011 0.011555555555555555
0 0.2555 0.03244444444444444 0.014 0.016888888888888887
0 0.41925 0.5493333333333333 0.009 0.029333333333333333
0 0.104 0.6764444444444444 0.00925 0.020444444444444446
0 0.144 0.2577777777777778 0.008 0.027555555555555555
0 0.4815 0.108 0.0155 0.016
0 0.54425 0.6088888888888889 0.01225 0.02666666666666667
0 0.394 0.33555555555555555 0.01325 0.018666666666666668
0 0.25675 0.2617777777777778 0.00875 0.02666666666666667
0 0.10825 0.8337777777777777 0.0135 0.018666666666666668
0 0.52675 0.42844444444444446 0.0075 0.02311111111111111
0 0.20075 0.6955555555555556 0.01425 0.015111111111111112
0 0.49175 0.4391111111111111 0.0125 0.017333333333333333
0 0.0295 0.46266666666666667 0.00875 0.02666666666666667
0 0.78975 0.452 0.01075 0.021333333333333333
0 0.35275 0.05688888888888889 0.01525 0.016
0 0.442 0.6102222222222222 0.01425 0.015111111111111112
0 0.59675 0.9413333333333334 0.00975 0.024444444444444446
0 0.37375 0.19822222222222222 0.00925 0.026222222222222223
0 0.323 0.608 0.0085 0.02711111111111111
0 0.94875 0.9764444444444444 0.01175 0.016
0 0.73175 0.0768888888888889 0.00725 0.018666666666666668
0 0.3025 0.7457777777777778 0.00775 0.025777777777777778
0 0.58975 0.6422222222222222 0.0155 0.015111111111111112
0 0.7305 0.796 0.01425 0.022222222222222223
0 0.80975 0.41555555555555557 0.0105 0.024888888888888887
0 0.90775 0.812 0.0095 0.016444444444444446
0 0.5395 0.8008888888888889 0.011 0.024
0 0.04675 0.23644444444444446 0.0105 0.020888888888888887
0 0.37875 0.8471111111111111 0.0115 0.022222222222222223
0 0.574 0.09288888888888888 0.01625 0.012444444444444444
0 0.94325 0.8848888888888888 0.018 0.014666666666666666
0 0.04 0.8155555555555556 0.01275 0.012
0 0.5445 0.24133333333333334 0.00775 0.029333333333333333
0 0.58075 0.23466666666666666 0.01075 0.02311111111111111
0 0.15275 0.4711111111111111 0.00725 0.020444444444444446
0 0.665 0.46844444444444444 0.00975 0.01911111111111111
0 0.32075 0.632 0.0065 0.018222222222222223
0 0.81125 0.6288888888888889 0.0115 0.022222222222222223
0 0.30875 0.4231111111111111 0.013 0.017333333333333333
0 0.774 0.10488888888888889 0.013 0.01911111111111111
0 0.908 0.8324444444444444 0.00825 0.018222222222222223
0 0.39225 0.4951111111111111 0.01025 0.015555555555555555
0 0.574 0.026222222222222223 0.00775 0.02666666666666667
0 0.90975 0.544 0.00825 0.020888888888888887
0 0.616 0.44533333333333336 0.012 0.014222222222222223
0 0.35825 0.8617777777777778 0.00925 0.024888888888888887
0 0.417 0.3417777777777778 0.0085 0.024888888888888887
0 0.243 0.5848888888888889 0.007 0.024444444444444446
0 0.3075 0.38755555555555554 0.0105 0.014666666666666666
0 0.22575 0.49333333333333335 0.0125 0.026222222222222223
0 0.78825 0.3506666666666667 0.01225 0.01911111111111111
0 0.03475 0.31466666666666665 0.00875 0.02
0 0.974 0.4862222222222222 0.01175 0.02311111111111111
0 0.971 0.27466666666666667 0.0125 0.020888888888888887
0 0.31525 0.9266666666666666 0.01775 0.013777777777777778
0 0.90475 0.21022222222222223 0.012 0.016
0 0.981 0.8688888888888889 0.016 0.013777777777777778
0 0.6625 0.4151111111111111 0.009 0.03155555555555556
0 0.82325 0.5662222222222222 0.00825 0.019555555555555555
0 0.29125 0.3248888888888889 0.01025 0.014666666666666666
0 0.46875 0.048 0.00725 0.02
0 0.19425 0.524 0.01075 0.019555555555555555
0 0.0865 0.8831111111111111 0.0165 0.013777777777777778
0 0.86675 0.6431111111111111 0.0115 0.02
0 0.21225 0.9897777777777778 0.01375 0.016
0 0.9385 0.5271111111111111 0.00925 0.022222222222222223
0 0.9835 0.31333333333333335 0.0135 0.015111111111111112
0 0.7325 0.9617777777777777 0.00825 0.028444444444444446
0 0.26775 0.6248888888888889 0.009 0.020444444444444446
0 0.49775 0.15777777777777777 0.01225 0.017777777777777778
0 0.294 0.4728888888888889 0.0145 0.020888888888888887
0 0.79675 0.39511111111111114 0.00925 0.024888888888888887
0 0.86525 0.8564444444444445 0.01125 0.024888888888888887
0 0.98125 0.8564444444444445 0.0175 0.015111111111111112
0 0.312 0.7617777777777778 0.008 0.026222222222222223
0 0.4115 0.4648888888888889 0.0135 0.018222222222222223
0 0.58775 0.3831111111111111 0.0085 0.024444444444444446
0 0.358 0.40355555555555556 0.00725 0.028444444444444446
0 0.89025 0.3448888888888889 0.00825 0.020888888888888887
0 0.9395 0.652 0.0075 0.024
0 0.4445 0.12355555555555556 0.009 0.021333333333333333
0 0.125 0.9226666666666666 0.01075 0.021777777777777778
0 0.721 0.3164444444444444 0.01125 0.016
0 0.831 0.9235555555555556 0.0125 0.02
0 0.949 0.4328888888888889 0.00975 0.025333333333333333
0 0.41325 0.6293333333333333 0.00875 0.030222222222222223
0 0.75225 0.33511111111111114 0.0175 0.015111111111111112
0 0.891 0.9128888888888889 0.01 0.022222222222222223
0 0.704 0.8675555555555555 0.009 0.026222222222222223
0 0.5065 0.21866666666666668 0.0095 0.027555555555555555
0 0.995 0.368 0.01 0.020444444444444446
0 0.881 0.296 0.01225 0.01911111111111111
0 0.09175 0.84 0.00725 0.014222222222222223
0 0.175 0.9364444444444444 0.009 0.018666666666666668
0 0.10725 0.4671111111111111 0.0075 0.02311111111111111
0 0.602 0.7297777777777777 0.00825 0.022222222222222223
0 0.8785 0.2831111111111111 0.0125 0.015111111111111112
0 0.80925 0.9933333333333333 0.0165 0.012444444444444444
0 0.3565 0.5213333333333333 0.01025 0.020444444444444446
0 0.166 0.13733333333333334 0.00975 0.012444444444444444
0 0.1565 0.7871111111111111 0.008 0.024
0 0.83575 0.7462222222222222 0.0095 0.02
0 0.5205 0.49644444444444447 0.009 0.024888888888888887
0 0.4405 0.4288888888888889 0.01225 0.021777777777777778
0 0.66725 0.2408888888888889 0.01175 0.01911111111111111
0 0.8825 0.5928888888888889 0.01375 0.024888888888888887
0 0.43025 0.22088888888888888 0.0085 0.029777777777777778
0 0.404 0.8893333333333333 0.011 0.023555555555555555
0 0.33825 0.32266666666666666 0.013 0.019555555555555555
0 0.94175 0.8506666666666667 0.0145 0.019555555555555555
0 0.9635 0.2813333333333333 0.0095 0.023555555555555555
0 0.9455 0.38222222222222224 0.01225 0.017333333333333333
0 0.75025 0.23555555555555555 0.00825 0.025777777777777778
0 0.5565 0.23155555555555554 0.011 0.018666666666666668
0 0.13475 0.07111111111111111 0.00775 0.018666666666666668
0 0.5695 0.924 0.0145 0.022222222222222223
0 0.839 0.5293333333333333 0.00975 0.016888888888888887
0 0.37375 0.4266666666666667 0.00775 0.02266666666666667
0 0.257 0.021333333333333333 0.01075 0.016
0 0.25475 0.059111111111111114 0.0085 0.02666666666666667
0 0.4885 0.05377777777777778 0.013 0.016
0 0.46275 0.17066666666666666 0.01125 0.02
0 0.34775 0.17066666666666666 0.007 0.02266666666666667
0 0.209 0.22533333333333333 0.00775 0.027555555555555555
0 0.166 0.15466666666666667 0.009 0.023555555555555555
0 0.01675 0.21466666666666667 0.01 0.018666666666666668
0 0.044 0.272 0.013 0.021777777777777778
0 0.064 0.324 0.00775 0.021333333333333333
0 0.2135 0.30977777777777776 0.012 0.026222222222222223
0 0.17775 0.2431111111111111 0.01075 0.030666666666666665
0 0.2475 0.33644444444444443 0.0065 0.02666666666666667
0 0.22 0.37822222222222224 0.01125 0.030666666666666665
0 0.25525 0.376 0.01525 0.015555555555555555
0 0.096 0.4071111111111111 0.01025 0.018666666666666668
0 0.1035 0.4102222222222222 0.00725 0.025333333333333333
0 0.067 0.46444444444444444 0.00925 0.022222222222222223
0 0.059 0.45955555555555555 0.0075 0.027555555555555555
0 0.01525 0.5168888888888888 0.0085 0.021777777777777778
0 0.32825 0.6262222222222222 0.008 0.021333333333333333
0 0.364 0.5177777777777778 0.00725 0.029333333333333333
0 0.409 0.43422222222222223 0.01175 0.015555555555555555
0 0.43125 0.4888888888888889 0.00875 0.028
0 0.4465 0.39555555555555555 0.0075 0.028444444444444446
0 0.47925 0.4577777777777778 0.0065 0.028444444444444446
0 0.032 0.6293333333333333 0.0055 0.024444444444444446
0 0.331 0.7026666666666667 0.00575 0.023555555555555555
0 0.4305 0.716 0.00675 0.02311111111111111
0 0.413 0.7382222222222222 0.007 0.024444444444444446
0 0.4135 0.7604444444444445 0.009 0.019555555555555555
0 0.23275 0.7035555555555556 0.0065 0.021777777777777778
0 0.22875 0.72 0.0075 0.020888888888888887
0 0.011 0.8231111111111111 0.008 0.021333333333333333
0 0.03175 0.8186666666666667 0.01075 0.023555555555555555
0 0.04875 0.8266666666666667 0.0065 0.02
0 0.04825 0.8728888888888889 0.00675 0.023555555555555555
0 0.11125 0.8991111111111111 0.01225 0.013777777777777778
0 0.14025 0.9088888888888889 0.007 0.025777777777777778
0 0.01275 0.9231111111111111 0.00675 0.027555555555555555
0 0.031 0.9124444444444444 0.00525 0.024888888888888887
0 0.04 0.9248888888888889 0.00625 0.02266666666666667
0 0.04125 0.9017777777777778 0.009 0.015111111111111112
0 0.123 0.9933333333333333 0.01275 0.013333333333333334
0 0.162 0.9164444444444444 0.0075 0.021333333333333333
0 0.18575 0.8613333333333333 0.00975 0.018222222222222223
0 0.2035 0.9151111111111111 0.00725 0.02311111111111111
0 0.291 0.9102222222222223 0.0095 0.01911111111111111
0 0.3795 0.8244444444444444 0.00525 0.021777777777777778
0 0.48625 0.8124444444444444 0.00775 0.027555555555555555
0 0.49625 0.8213333333333334 0.00775 0.025333333333333333
0 0.49675 0.8613333333333333 0.00675 0.027555555555555555
0 0.56575 0.08088888888888889 0.006 0.030222222222222223
0 0.669 0.09377777777777778 0.007 0.026222222222222223
0 0.89925 0.06444444444444444 0.007 0.023555555555555555
0 0.93125 0.22044444444444444 0.01325 0.012444444444444444
0 0.9835 0.20266666666666666 0.00725 0.028
0 0.99575 0.2222222222222222 0.00775 0.029333333333333333
0 0.976 0.2564444444444444 0.00625 0.027555555555555555
0 0.61525 0.288 0.008 0.030222222222222223
0 0.58425 0.2071111111111111 0.00775 0.018666666666666668
0 0.542 0.21644444444444444 0.01175 0.014666666666666666
0 0.5545 0.23555555555555555 0.0045 0.03244444444444444
0 0.6755 0.3244444444444444 0.008 0.029333333333333333
0 0.616 0.3542222222222222 0.01125 0.02666666666666667
0 0.65575 0.3413333333333333 0.01575 0.012444444444444444
0 0.572 0.3711111111111111 0.01 0.023555555555555555
0 0.58475 0.43644444444444447 0.0075 0.026222222222222223
0 0.55625 0.6168888888888889 0.0095 0.02266666666666667
0 0.551 0.6502222222222223 0.01125 0.021333333333333333
0 0.58975 0.6804444444444444 0.0075 0.023555555555555555
0 0.65975 0.48 0.007 0.024888888888888887
0 0.67475 0.5622222222222222 0.00875 0.02311111111111111
0 0.739 0.5097777777777778 0.0105 0.013777777777777778
0 0.793 0.47155555555555556 0.0065 0.024444444444444446
0 0.9745 0.39022222222222225 0.009 0.022222222222222223
0 0.84325 0.5488888888888889 0.01125 0.015555555555555555
0 0.9565 0.6537777777777778 0.007 0.029333333333333333
0 0.99575 0.6768888888888889 0.0075 0.021333333333333333
0 0.543 0.692 0.0085 0.02666666666666667
0 0.64125 0.9822222222222222 0.009 0.025333333333333333
0 0.7575 0.8502222222222222 0.00975 0.024888888888888887
0 0.769 0.852 0.008 0.024888888888888887
0 0.85975 0.7137777777777777 0.00625 0.029333333333333333
0 0.86575 0.6973333333333334 0.00925 0.034666666666666665
0 0.938 0.772 0.00825 0.028888888888888888
0 0.959 0.7551111111111111 0.00775 0.026222222222222223
0 0.9645 0.7826666666666666 0.009 0.029333333333333333
0 0.866 0.7822222222222223 0.008 0.032
0 0.943 0.9928888888888889 0.00875 0.013777777777777778
0 0.9535 0.9897777777777778 0.0075 0.017777777777777778
0 0.7095 0.1 0.0085 0.011111111111111112
0 0.91975 0.06666666666666667 0.0095 0.018222222222222223
0 0.926 0.06177777777777778 0.01075 0.019555555555555555