0 0.9275 0.7911111111111111 0.0095 0.020444444444444446
0 0.79975 0.8386666666666667 0.01075 0.02
0 0.64725 0.5857777777777777 0.01025 0.021777777777777778
0 0.6465 0.6026666666666667 0.01125 0.016888888888888887
0 0.58325 0.5506666666666666 0.01075 0.015111111111111112
0 0.504 0.5186666666666667 0.00825 0.024888888888888887
0 0.8255 0.22 0.007 0.030222222222222223
0 0.56075 0.10666666666666667 0.00875 0.023555555555555555
0 0.497 0.5271111111111111 0.00725 0.03244444444444444
0 0.36125 0.576 0.01025 0.024444444444444446
0 0.35 0.6866666666666666 0.01325 0.012888888888888889
0 0.36525 0.6724444444444444 0.00975 0.008888888888888889
0 0.33125 0.6515555555555556 0.006 0.026222222222222223
0 0.3265 0.6355555555555555 0.01 0.015111111111111112
0 0.3865 0.624 0.0055 0.019555555555555555
0 0.32825 0.7182222222222222 0.006 0.026222222222222223
0 0.44375 0.8404444444444444 0.00925 0.019555555555555555
0 0.43425 0.8404444444444444 0.01075 0.010222222222222223
0 0.41425 0.8777777777777778 0.00925 0.016444444444444446
0 0.4245 0.8848888888888888 0.0115 0.009333333333333334
0 0.333 0.8688888888888889 0.005 0.02
0 0.34625 0.8982222222222223 0.008 0.019555555555555555
0 0.33625 0.9066666666666666 0.00825 0.021777777777777778
0 0.34 0.9022222222222223 0.00925 0.021333333333333333
0 0.37175 0.88 0.00575 0.02711111111111111
0 0.33875 0.7511111111111111 0.01125 0.011111111111111112
0 0.3425 0.29688888888888887 0.00525 0.01911111111111111
0 0.33225 0.30666666666666664 0.0105 0.011111111111111112
0 0.4585 0.15466666666666667 0.00725 0.025333333333333333
0 0.39875 0.03333333333333333 0.007 0.020444444444444446
0 0.3955 0.027555555555555555 0.0075 0.026222222222222223
0 0.976 0.7568888888888889 0.00825 0.015555555555555555
0 0.74525 0.6288888888888889 0.011 0.012888888888888889
0 0.27575 0.016444444444444446 0.0115 0.03288888888888889
0 0.73575 0.6315555555555555 0.00825 0.010666666666666666
0 0.45225 0.30444444444444446 0.0065 0.024
0 0.42725 0.2942222222222222 0.012 0.012888888888888889
0 0.50475 0.27244444444444443 0.008 0.011111111111111112
0 0.9785 0.7577777777777778 0.014 0.01911111111111111
0 0.74125 0.6297777777777778 0.0195 0.016888888888888887
0 0.498 0.136 0.01075 0.020888888888888887
0 0.58275 0.4271111111111111 0.00975 0.025333333333333333
0 0.7675 0.5484444444444444 0.0075 0.025777777777777778
0 0.6135 0.38666666666666666 0.01175 0.014666666666666666
0 0.91425 0.18133333333333335 0.00825 0.024
0 0.56325 0.8137777777777778 0.013 0.012444444444444444
0 0.81 0.19155555555555556 0.00725 0.021777777777777778
0 0.91725 0.2751111111111111 0.0075 0.021777777777777778
0 0.72875 0.0768888888888889 0.0075 0.024888888888888887
0 0.9875 0.82 0.01025 0.025777777777777778
0 0.955 0.19244444444444445 0.008 0.02
0 0.58425 0.13466666666666666 0.008 0.02
0 0.606 0.05466666666666667 0.0105 0.016444444444444446
0 0.64075 0.06533333333333333 0.008 0.026222222222222223
0 0.666 0.16577777777777777 0.01075 0.021333333333333333
0 0.5275 0.49422222222222223 0.0145 0.015111111111111112
0 0.83175 0.18577777777777776 0.011 0.018222222222222223
0 0.7765 0.043111111111111114 0.0075 0.02266666666666667
0 0.43125 0.16266666666666665 0.012 0.021777777777777778
0 0.679 0.9226666666666666 0.00675 0.02266666666666667
0 0.40275 0.5315555555555556 0.0105 0.01911111111111111
0 0.84725 0.14355555555555555 0.0065 0.02311111111111111
0 0.692 0.6422222222222222 0.0085 0.015111111111111112
0 0.62475 0.876 0.00725 0.017777777777777778
0 0.8515 0.4671111111111111 0.009 0.017333333333333333
0 0.46775 0.2808888888888889 0.0095 0.018666666666666668
0 0.7295 0.03822222222222222 0.008 0.01911111111111111
0 0.8875 0.6008888888888889 0.01325 0.018666666666666668
0 0.7605 0.17955555555555555 0.00675 0.02
0 0.91925 0.24 0.008 0.022222222222222223
0 0.8635 0.42933333333333334 0.01025 0.01911111111111111
0 0.5315 0.312 0.00725 0.026222222222222223
0 0.6605 0.12577777777777777 0.00775 0.017333333333333333
0 0.7995 0.5537777777777778 0.01075 0.02311111111111111
0 0.94975 0.7333333333333333 0.01175 0.02
0 0.8865 0.20533333333333334 0.01225 0.013333333333333334
0 0.5455 0.884 0.0115 0.020444444444444446
0 0.90625 0.5146666666666667 0.00975 0.029777777777777778
0 0.359 0.5022222222222222 0.015 0.016888888888888887
0 0.6295 0.256 0.00825 0.016444444444444446
0 0.77425 0.014666666666666666 0.00725 0.028
0 0.74125 0.36933333333333335 0.00775 0.021777777777777778
0 0.57025 0.64 0.007 0.028888888888888888
0 0.696 0.264 0.0065 0.020444444444444446
0 0.77825 0.45155555555555554 0.008 0.023555555555555555
0 0.88225 0.7293333333333333 0.00775 0.02266666666666667
0 0.907 0.5991111111111111 0.011 0.012444444444444444
0 0.3335 0.40444444444444444 0.01325 0.016444444444444446
0 0.87125 0.8991111111111111 0.00925 0.02311111111111111
0 0.313 0.42933333333333334 0.00625 0.02666666666666667
0 0.88 0.4746666666666667 0.009 0.012888888888888889
0 0.7155 0.9728888888888889 0.00875 0.020888888888888887
0 0.4635 0.7875555555555556 0.00725 0.02711111111111111
0 0.69525 0.008888888888888889 0.00725 0.017777777777777778
0 0.943 0.5884444444444444 0.00975 0.024444444444444446
0 0.99425 0.2822222222222222 0.01125 0.024
0 0.32075 0.016444444444444446 0.00875 0.020444444444444446
0 0.665 0.31822222222222224 0.0085 0.019555555555555555
0 0.6655 0.36088888888888887 0.01175 0.016
0 0.42225 0.7502222222222222 0.0135 0.015111111111111112
0 0.9335 0.014222222222222223 0.0095 0.028
0 0.20075 0.5711111111111111 0.01375 0.014222222222222223
0 0.32075 0.35155555555555557 0.013 0.017333333333333333
0 0.723 0.7253333333333334 0.00825 0.012444444444444444
0 0.1855 0.47733333333333333 0.01475 0.013333333333333334
0 0.3385 0.5591111111111111 0.0155 0.017777777777777778
0 0.1205 0.7026666666666667 0.0125 0.016888888888888887
0 0.213 0.06622222222222222 0.01125 0.017333333333333333
0 0.6335 0.49466666666666664 0.00675 0.020444444444444446
0 0.2455 0.6408888888888888 0.0115 0.017333333333333333
0 0.19825 0.5191111111111111 0.01475 0.016
0 0.6355 0.6853333333333333 0.01175 0.016444444444444446
0 0.98875 0.03244444444444444 0.00925 0.03111111111111111
0 0.1095 0.2982222222222222 0.00775 0.030666666666666665
0 0.188 0.388 0.00625 0.02
0 0.166 0.4266666666666667 0.01375 0.013333333333333334
0 0.491 0.17822222222222223 0.011 0.018666666666666668
0 0.21425 0.15777777777777777 0.01125 0.017333333333333333
0 0.18575 0.17155555555555554 0.0145 0.015111111111111112
0 0.2035 0.29244444444444445 0.0135 0.013777777777777778
0 0.243 0.364 0.007 0.014666666666666666
0 0.2405 0.6151111111111112 0.00525 0.028444444444444446
0 0.274 0.6884444444444444 0.01125 0.012
0 0.1075 0.7315555555555555 0.01025 0.010666666666666666
0 0.27175 0.784 0.008 0.016444444444444446
0 0.1595 0.6515555555555556 0.01075 0.010222222222222223
0 0.1865 0.636 0.01125 0.010666666666666666
0 0.03975 0.7328888888888889 0.0145 0.010666666666666666
0 0.05675 0.6346666666666667 0.00875 0.018222222222222223
0 0.951 0.9791111111111112 0.0145 0.030222222222222223
0 0.941 0.9071111111111111 0.00875 0.028
0 0.931 0.8911111111111111 0.01325 0.021333333333333333
0 0.81875 0.8568888888888889 0.01175 0.016
0 0.81375 0.8711111111111111 0.009 0.022222222222222223
0 0.7255 0.8115555555555556 0.01175 0.012444444444444444
0 0.7505 0.7408888888888889 0.00975 0.027555555555555555
0 0.64625 0.7586666666666667 0.0125 0.029333333333333333
0 0.607 0.8973333333333333 0.0105 0.017333333333333333
0 0.65425 0.8555555555555555 0.01225 0.012444444444444444
0 0.624 0.9764444444444444 0.009 0.028
0 0.61175 0.9662222222222222 0.01425 0.016
0 0.599 0.9742222222222222 0.0115 0.037333333333333336
0 0.58475 0.9728888888888889 0.01525 0.027555555555555555
0 0.55725 0.9093333333333333 0.015 0.02266666666666667
0 0.541 0.912 0.01125 0.025333333333333333
0 0.52325 0.9711111111111111 0.0155 0.017777777777777778
0 0.51325 0.9266666666666666 0.0165 0.01911111111111111
0 0.50075 0.8586666666666667 0.0095 0.03333333333333333
0 0.49825 0.9955555555555555 0.00775 0.008888888888888889
0 0.47075 0.8457777777777777 0.0145 0.01911111111111111
0 0.57025 0.6955555555555556 0.01175 0.01911111111111111
0 0.76575 0.6702222222222223 0.00775 0.02266666666666667
0 0.74725 0.6684444444444444 0.013 0.021333333333333333
0 0.72625 0.4888888888888889 0.0135 0.018666666666666668
0 0.72775 0.5048888888888889 0.0135 0.010666666666666666
0 0.7355 0.48088888888888887 0.01 0.020444444444444446
0 0.74425 0.4088888888888889 0.01275 0.022222222222222223
0 0.76825 0.4657777777777778 0.014 0.014666666666666666
0 0.8735 0.52 0.01475 0.012888888888888889
0 0.73475 0.40444444444444444 0.00975 0.02711111111111111
0 0.6615 0.4093333333333333 0.01475 0.017333333333333333
0 0.65275 0.3933333333333333 0.016 0.017333333333333333
0 0.34725 0.2951111111111111 0.00575 0.030666666666666665
0 0.05 0.9324444444444444 0.00875 0.02311111111111111
0 0.05 0.952 0.0115 0.02266666666666667
0 0.09175 0.9871111111111112 0.01625 0.013777777777777778
0 0.16525 0.9177777777777778 0.01 0.025333333333333333
0 0.24775 0.9604444444444444 0.014 0.024
0 0.28275 0.9666666666666667 0.00625 0.028
0 0.24325 0.9066666666666666 0.013 0.016888888888888887
0 0.23525 0.8644444444444445 0.00625 0.029333333333333333
0 0.22925 0.8644444444444445 0.00675 0.020888888888888887
0 0.2645 0.8937777777777778 0.006 0.02
0 0.26175 0.7844444444444445 0.00875 0.023555555555555555
0 0.2535 0.6728888888888889 0.01125 0.02311111111111111
0 0.24075 0.6835555555555556 0.009 0.027555555555555555
0 0.1445 0.6986666666666667 0.0155 0.016888888888888887
0 0.007 0.6391111111111111 0.014 0.017777777777777778
0 0.00675 0.7177777777777777 0.0135 0.025333333333333333
0 0.00875 0.748 0.00975 0.023555555555555555
0 0.147 0.4031111111111111 0.0185 0.020444444444444446
0 0.13525 0.38222222222222224 0.014 0.012888888888888889
0 0.10475 0.3231111111111111 0.015 0.016444444444444446
0 0.029 0.29555555555555557 0.01875 0.020888888888888887
0 0.00475 0.2768888888888889 0.0095 0.018666666666666668
0 0.044 0.26311111111111113 0.015 0.017333333333333333
0 0.06225 0.25866666666666666 0.00775 0.028888888888888888
0 0.0695 0.264 0.0115 0.025333333333333333
0 0.1895 0.2848888888888889 0.0085 0.021777777777777778
0 0.1265 0.20844444444444443 0.01275 0.020888888888888887
0 0.1615 0.15733333333333333 0.0095 0.028888888888888888
0 0.252 0.08311111111111111 0.0115 0.028444444444444446
0 0.2625 0.07244444444444445 0.01325 0.019555555555555555
0 0.334 0.042222222222222223 0.01225 0.025777777777777778
0 0.23725 0.064 0.0135 0.025333333333333333
0 0.04675 0.08488888888888889 0.01225 0.015555555555555555
0 0.03675 0.12088888888888889 0.01275 0.017333333333333333
0 0.03225 0.09866666666666667 0.0105 0.024888888888888887
0 0.01175 0.13377777777777777 0.01025 0.018222222222222223
0 0.05275 0.023555555555555555 0.015 0.020444444444444446
0 0.0415 0.028888888888888888 0.013 0.012888888888888889
0 0.05475 0.05733333333333333 0.0165 0.02
0 0.2545 0.9964444444444445 0.0145 0.0071111111111111115
0 0.46375 0.5217777777777778 0.01575 0.018666666666666668
0 0.54225 0.07377777777777778 0.0125 0.016888888888888887
0 0.3485 0.15422222222222223 0.0085 0.023555555555555555
0 0.2125 0.25555555555555554 0.00775 0.018666666666666668
0 0.20925 0.24488888888888888 0.0065 0.021333333333333333
0 0.0655 0.5066666666666667 0.0125 0.017777777777777778
0 0.138 0.5031111111111111 0.013 0.014222222222222223
0 0.07275 0.5626666666666666 0.01175 0.012888888888888889
0 0.25775 0.20533333333333334 0.01075 0.019555555555555555
0 0.51925 0.3368888888888889 0.01575 0.017333333333333333
0 0.41275 0.19822222222222222 0.00925 0.028444444444444446
0 0.9765 0.932 0.01725 0.021777777777777778
0 0.8465 0.7057777777777777 0.0165 0.018666666666666668
0 0.97625 0.584 0.0165 0.026222222222222223
0 0.987 0.5555555555555556 0.018 0.024888888888888887
0 0.89425 0.49733333333333335 0.01325 0.041777777777777775
0 0.85 0.4911111111111111 0.014 0.029333333333333333
0 0.86725 0.4111111111111111 0.0125 0.021777777777777778
0 0.9395 0.3888888888888889 0.0165 0.029333333333333333
0 0.9595 0.3808888888888889 0.01725 0.02
0 0.9645 0.3671111111111111 0.0165 0.02311111111111111
0 0.88875 0.3391111111111111 0.0195 0.02311111111111111
0 0.978 0.3297777777777778 0.014 0.029333333333333333
0 0.90075 0.15955555555555556 0.0125 0.03244444444444444
0 0.789 0.9471111111111111 0.01875 0.021777777777777778
0 0.675 0.224 0.014 0.028
0 0.657 0.5377777777777778 0.0095 0.016888888888888887
0 0.61525 0.7684444444444445 0.01325 0.02
0 0.49725 0.3035555555555556 0.01325 0.026222222222222223
0 0.4805 0.6311111111111111 0.02025 0.024888888888888887
0 0.4945 0.6786666666666666 0.011 0.03244444444444444
0 0.35675 0.8946666666666667 0.01325 0.021777777777777778
0 0.36525 0.8653333333333333 0.01325 0.03111111111111111
0 0.3715 0.3462222222222222 0.0085 0.024888888888888887
0 0.129 0.48044444444444445 0.0125 0.029333333333333333
0 0.04325 0.09822222222222222 0.01475 0.021777777777777778
0 0.4245 0.3168888888888889 0.007 0.021777777777777778