0 0.276 0.008 0.0105 0.015555555555555555
0 0.0765 0.8853333333333333 0.0125 0.017777777777777778
0 0.578 0.21911111111111112 0.01525 0.019555555555555555
0 0.912 0.15733333333333333 0.01075 0.018222222222222223
0 0.453 0.007555555555555556 0.013 0.015111111111111112
0 0.83375 0.3711111111111111 0.014 0.018666666666666668
0 0.13875 0.11555555555555555 0.0135 0.019555555555555555
0 0.39225 0.042666666666666665 0.01375 0.01911111111111111
0 0.30625 0.24222222222222223 0.01425 0.01911111111111111
0 0.019 0.5124444444444445 0.01375 0.017333333333333333
0 0.291 0.32355555555555554 0.0135 0.020888888888888887
0 0.265 0.13422222222222221 0.01275 0.023555555555555555
0 0.05825 0.007555555555555556 0.0115 0.015111111111111112
0 0.41 0.8524444444444444 0.01475 0.02
0 0.04025 0.39555555555555555 0.01525 0.02
0 0.63975 0.49955555555555553 0.014 0.018222222222222223
0 0.0505 0.884 0.00925 0.02666666666666667
0 0.21975 0.4582222222222222 0.015 0.021333333333333333
0 0.29575 0.13955555555555554 0.01275 0.018222222222222223
0 0.75725 0.36977777777777776 0.014 0.024444444444444446
0 0.586 0.07733333333333334 0.0165 0.018222222222222223
0 0.3935 0.7302222222222222 0.017 0.017777777777777778
0 0.605 0.008444444444444444 0.009 0.016888888888888887
0 0.74775 0.26355555555555554 0.01 0.021333333333333333
0 0.41425 0.3973333333333333 0.01725 0.016888888888888887
0 0.23775 0.07955555555555556 0.013 0.021777777777777778
0 0.98175 0.8697777777777778 0.01475 0.01911111111111111
0 0.1245 0.09244444444444444 0.01125 0.021777777777777778
0 0.20475 0.4391111111111111 0.01575 0.020444444444444446
0 0.3545 0.432 0.01175 0.016444444444444446
0 0.92875 0.7946666666666666 0.016 0.016444444444444446
0 0.796 0.030222222222222223 0.01525 0.020444444444444446
0 0.4865 0.12977777777777777 0.01775 0.019555555555555555
0 0.6285 0.9902222222222222 0.01375 0.019555555555555555
0 0.25075 0.09644444444444444 0.01725 0.017333333333333333
0 0.82975 0.9435555555555556 0.017 0.02311111111111111
0 0.13425 0.7244444444444444 0.0145 0.020888888888888887
0 0.70775 0.6582222222222223 0.019 0.018222222222222223
0 0.4745 0.4951111111111111 0.01375 0.02
0 0.647 0.8231111111111111 0.0135 0.020888888888888887
0 0.1775 0.22533333333333333 0.0175 0.016444444444444446
0 0.392 0.008888888888888889 0.0115 0.017777777777777778
0 0.3665 0.42933333333333334 0.0155 0.017777777777777778
0 0.40775 0.4262222222222222 0.01475 0.01911111111111111
0 0.15225 0.4151111111111111 0.014 0.016
0 0.48025 0.216 0.01125 0.021333333333333333
0 0.32625 0.45644444444444443 0.0125 0.018666666666666668
0 0.74175 0.8115555555555556 0.01475 0.022222222222222223
0 0.5855 0.7257777777777777 0.0105 0.016888888888888887
0 0.03275 0.268 0.01175 0.02266666666666667
0 0.266 0.9457777777777778 0.0155 0.01911111111111111
0 0.692 0.2564444444444444 0.0135 0.019555555555555555
0 0.9205 0.15244444444444444 0.01275 0.014666666666666666
0 0.41675 0.10222222222222223 0.01 0.024
0 0.54275 0.8377777777777777 0.01525 0.01911111111111111
0 0.962 0.352 0.0135 0.02266666666666667
0 0.91925 0.6177777777777778 0.0135 0.024888888888888887
0 0.207 0.06666666666666667 0.008 0.021777777777777778
0 0.9785 0.46444444444444444 0.0135 0.018666666666666668
0 0.02725 0.9768888888888889 0.01425 0.016444444444444446
0 0.35025 0.10577777777777778 0.01075 0.022222222222222223
0 0.822 0.6582222222222223 0.01775 0.016888888888888887
0 0.50975 0.5853333333333334 0.015 0.016
0 0.7135 0.4315555555555556 0.0135 0.025333333333333333
0 0.35475 0.8884444444444445 0.0115 0.024888888888888887
0 0.39475 0.5506666666666666 0.01225 0.01911111111111111
0 0.89975 0.45066666666666666 0.0165 0.018222222222222223
0 0.28975 0.796 0.01475 0.024
0 0.31825 0.9462222222222222 0.01225 0.017777777777777778
0 0.304 0.4746666666666667 0.0165 0.016
0 0.2625 0.2702222222222222 0.0175 0.014666666666666666
0 0.8035 0.8346666666666667 0.017 0.02
0 0.7825 0.9693333333333334 0.0145 0.02
0 0.761 0.7617777777777778 0.0135 0.020444444444444446
0 0.736 0.704 0.01125 0.021777777777777778
0 0.92275 0.9231111111111111 0.01825 0.017777777777777778
0 0.09125 0.49377777777777776 0.009 0.028888888888888888
0 0.845 0.33866666666666667 0.0125 0.019555555555555555
0 0.08675 0.6035555555555555 0.01275 0.02
0 0.3515 0.04533333333333334 0.01025 0.02311111111111111
0 0.67525 0.4617777777777778 0.01125 0.024888888888888887
0 0.76 0.7435555555555555 0.01475 0.020444444444444446
0 0.94 0.7528888888888889 0.01675 0.018666666666666668
0 0.472 0.7408888888888889 0.0115 0.022222222222222223
0 0.8465 0.06711111111111111 0.01025 0.022222222222222223
0 0.7005 0.5755555555555556 0.0115 0.021777777777777778
0 0.10325 0.35777777777777775 0.01675 0.020444444444444446
0 0.93175 0.9822222222222222 0.013 0.020444444444444446
0 0.09175 0.11022222222222222 0.01075 0.013777777777777778
0 0.261 0.25466666666666665 0.01525 0.016
0 0.0205 0.8484444444444444 0.0105 0.025777777777777778
0 0.24425 0.8391111111111111 0.0065 0.02266666666666667
0 0.924 0.7204444444444444 0.01175 0.02
0 0.56775 0.008 0.01675 0.016
0 0.16275 0.6631111111111111 0.0135 0.018222222222222223
0 0.0185 0.9177777777777778 0.01025 0.019555555555555555
0 0.08175 0.3217777777777778 0.01125 0.023555555555555555
0 0.3225 0.04844444444444444 0.01625 0.015111111111111112
0 0.5 0.013333333333333334 0.01375 0.02311111111111111
0 0.27 0.9875555555555555 0.0155 0.016888888888888887
0 0.93425 0.4097777777777778 0.013 0.024444444444444446
0 0.25075 0.5373333333333333 0.0135 0.021777777777777778
0 0.89675 0.41155555555555556 0.01575 0.019555555555555555
0 0.25775 0.3857777777777778 0.009 0.021777777777777778
0 0.03125 0.8253333333333334 0.00925 0.024444444444444446
0 0.2555 0.652 0.0105 0.025333333333333333
0 0.044 0.332 0.0115 0.028444444444444446
0 0.948 0.264 0.00775 0.020888888888888887
0 0.843 0.5 0.0125 0.025777777777777778
0 0.13125 0.4146666666666667 0.009 0.020888888888888887
0 0.09725 0.332 0.0145 0.014222222222222223
0 0.65925 0.5288888888888889 0.013 0.018222222222222223
0 0.21075 0.38622222222222224 0.01175 0.015555555555555555
0 0.555 0.5582222222222222 0.01125 0.021777777777777778
0 0.8595 0.6044444444444445 0.01725 0.019555555555555555
0 0.7035 0.1302222222222222 0.0145 0.016
0 0.665 0.006222222222222222 0.01125 0.012444444444444444
0 0.627 0.10844444444444444 0.0095 0.021333333333333333
0 0.879 0.8657777777777778 0.0165 0.019555555555555555
0 0.95875 0.948 0.011 0.018222222222222223
0 0.98375 0.12977777777777777 0.01325 0.022222222222222223
0 0.8485 0.39866666666666667 0.01775 0.016
0 0.4305 0.058222222222222224 0.00875 0.029777777777777778
0 0.48925 0.016888888888888887 0.00775 0.029333333333333333
0 0.4945 0.050222222222222224 0.008 0.032
0 0.16575 0.012888888888888889 0.00925 0.025777777777777778
0 0.049 0.09866666666666667 0.00825 0.025777777777777778
0 0.0035 0.06311111111111112 0.007 0.02311111111111111
0 0.08325 0.108 0.0095 0.01911111111111111
0 0.081 0.21511111111111111 0.00625 0.027555555555555555
0 0.092 0.2111111111111111 0.00775 0.024888888888888887
0 0.0875 0.3342222222222222 0.01 0.022222222222222223
0 0.15325 0.32 0.00625 0.028444444444444446
0 0.16575 0.23022222222222222 0.0085 0.028888888888888888
0 0.24675 0.2991111111111111 0.01175 0.028
0 0.26225 0.29688888888888887 0.00975 0.024888888888888887
0 0.4675 0.32133333333333336 0.011 0.028
0 0.51075 0.24444444444444444 0.0105 0.027555555555555555
0 0.2815 0.3408888888888889 0.014 0.022222222222222223
0 0.1835 0.384 0.00825 0.025777777777777778
0 0.20725 0.40444444444444444 0.01225 0.019555555555555555
0 0.30625 0.4315555555555556 0.00775 0.02711111111111111
0 0.31625 0.4235555555555556 0.009 0.029777777777777778
0 0.319 0.4008888888888889 0.015 0.016
0 0.3605 0.3982222222222222 0.01325 0.016
0 0.3255 0.4888888888888889 0.00825 0.025333333333333333
0 0.2615 0.5004444444444445 0.00775 0.027555555555555555
0 0.4675 0.46266666666666667 0.00725 0.03111111111111111
0 0.085 0.5053333333333333 0.0085 0.02311111111111111
0 0.0915 0.5342222222222223 0.00725 0.03111111111111111
0 0.06225 0.5995555555555555 0.0095 0.024
0 0.069 0.5946666666666667 0.008 0.02266666666666667
0 0.08 0.5973333333333334 0.008 0.025333333333333333
0 0.1625 0.5622222222222222 0.00825 0.03244444444444444
0 0.2755 0.6057777777777777 0.011 0.021333333333333333
0 0.2815 0.6124444444444445 0.0095 0.026222222222222223
0 0.3345 0.6088888888888889 0.01275 0.017777777777777778
0 0.353 0.5866666666666667 0.00825 0.02711111111111111
0 0.3745 0.5404444444444444 0.01375 0.019555555555555555
0 0.40575 0.6217777777777778 0.00875 0.03288888888888889
0 0.452 0.5435555555555556 0.01025 0.029777777777777778
0 0.49475 0.5453333333333333 0.00975 0.029333333333333333
0 0.02925 0.7075555555555556 0.0085 0.027555555555555555
0 0.01725 0.8173333333333334 0.00725 0.024888888888888887
0 0.004 0.9604444444444444 0.0075 0.03155555555555556
0 0.25125 0.8395555555555556 0.00925 0.02311111111111111
0 0.1835 0.8288888888888889 0.008 0.02666666666666667
0 0.1955 0.956 0.0075 0.02711111111111111
0 0.232 0.9226666666666666 0.01 0.025777777777777778
0 0.283 0.9613333333333334 0.01425 0.014666666666666666
0 0.30875 0.9573333333333334 0.00825 0.024
0 0.29125 0.72 0.0085 0.025777777777777778
0 0.303 0.7306666666666667 0.01125 0.023555555555555555
0 0.29425 0.7035555555555556 0.012 0.013333333333333334
0 0.395 0.8808888888888889 0.00675 0.02711111111111111
0 0.414 0.8133333333333334 0.0085 0.032
0 0.433 0.72 0.0085 0.029777777777777778
0 0.47625 0.8853333333333333 0.01 0.025777777777777778
0 0.47075 0.8946666666666667 0.01275 0.010222222222222223
0 0.4725 0.9053333333333333 0.0095 0.011111111111111112
0 0.50925 0.928 0.01 0.02711111111111111
0 0.47075 0.9435555555555556 0.0075 0.025777777777777778
0 0.49425 0.9657777777777777 0.01 0.016
0 0.47075 0.9626666666666667 0.0085 0.021333333333333333
0 0.457 0.9666666666666667 0.008 0.03244444444444444
0 0.96625 0.025777777777777778 0.012 0.012888888888888889
0 0.9735 0.03244444444444444 0.0095 0.013333333333333334
0 0.9775 0.04488888888888889 0.00925 0.024888888888888887
0 0.99525 0.08755555555555555 0.00725 0.03244444444444444
0 0.953 0.043111111111111114 0.00925 0.02311111111111111
0 0.94425 0.04044444444444444 0.0085 0.02711111111111111
0 0.92075 0.023555555555555555 0.0145 0.016
0 0.89575 0.029333333333333333 0.00925 0.025777777777777778
0 0.87975 0.10711111111111112 0.01125 0.022222222222222223
0 0.795 0.09911111111111111 0.01025 0.024888888888888887
0 0.71825 0.034666666666666665 0.00625 0.029777777777777778
0 0.6635 0.06977777777777777 0.009 0.02711111111111111
0 0.66575 0.10488888888888889 0.00625 0.025333333333333333
0 0.67275 0.10977777777777778 0.006 0.024444444444444446
0 0.72275 0.12088888888888889 0.01025 0.016
0 0.8995 0.188 0.0075 0.025333333333333333
0 0.98875 0.18844444444444444 0.00825 0.028444444444444446
0 0.9405 0.2408888888888889 0.0075 0.025333333333333333
0 0.94875 0.23377777777777778 0.00925 0.02711111111111111
0 0.99675 0.28 0.00625 0.019555555555555555
0 0.8915 0.27644444444444444 0.0095 0.020444444444444446
0 0.923 0.3031111111111111 0.00725 0.02311111111111111
0 0.89575 0.3088888888888889 0.00925 0.030222222222222223
0 0.8485 0.2311111111111111 0.00925 0.017333333333333333
0 0.83925 0.2262222222222222 0.0095 0.03244444444444444
0 0.84625 0.32 0.0115 0.017333333333333333
0 0.8765 0.27555555555555555 0.01425 0.018222222222222223
0 0.88025 0.26266666666666666 0.01025 0.017333333333333333
0 0.99325 0.3831111111111111 0.0075 0.029777777777777778
0 0.81675 0.36666666666666664 0.01375 0.024444444444444446
0 0.65 0.26711111111111113 0.01175 0.025777777777777778
0 0.664 0.2728888888888889 0.0125 0.026222222222222223
0 0.6155 0.088 0.008 0.03155555555555556
0 0.591 0.057777777777777775 0.0095 0.028444444444444446
0 0.54075 0.04666666666666667 0.0085 0.028888888888888888
0 0.5365 0.13244444444444445 0.00775 0.029777777777777778
0 0.5345 0.22266666666666668 0.01425 0.016444444444444446
0 0.56425 0.3688888888888889 0.01075 0.028
0 0.58875 0.4191111111111111 0.012 0.030666666666666665
0 0.58875 0.46755555555555556 0.01325 0.017777777777777778
0 0.656 0.44 0.014 0.015111111111111112
0 0.65975 0.4582222222222222 0.00725 0.027555555555555555
0 0.6715 0.5546666666666666 0.00725 0.03288888888888889
0 0.69575 0.5351111111111111 0.00975 0.025777777777777778
0 0.615 0.5057777777777778 0.0115 0.016
0 0.6065 0.5177777777777778 0.0135 0.028444444444444446
0 0.6215 0.5328888888888889 0.01 0.026222222222222223
0 0.7995 0.48444444444444446 0.00775 0.03244444444444444
0 0.817 0.5053333333333333 0.01 0.029777777777777778
0 0.91975 0.5342222222222223 0.00825 0.021333333333333333
0 0.92725 0.5351111111111111 0.00675 0.028
0 0.93825 0.5262222222222223 0.0095 0.026222222222222223
0 0.9325 0.596 0.0085 0.028888888888888888
0 0.544 0.556 0.011 0.018666666666666668
0 0.56225 0.552 0.0115 0.024444444444444446
0 0.63825 0.6044444444444445 0.0085 0.02311111111111111
0 0.6345 0.6342222222222222 0.00975 0.02
0 0.646 0.6395555555555555 0.0055 0.017777777777777778
0 0.57275 0.6884444444444444 0.0075 0.025777777777777778
0 0.55425 0.6942222222222222 0.009 0.029333333333333333
0 0.5585 0.768 0.00875 0.03111111111111111
0 0.52075 0.8328888888888889 0.0065 0.024
0 0.63075 0.6817777777777778 0.01275 0.014666666666666666
0 0.632 0.6973333333333334 0.00825 0.027555555555555555
0 0.641 0.7008888888888889 0.00725 0.028444444444444446
0 0.65725 0.6866666666666666 0.008 0.024444444444444446
0 0.6605 0.7137777777777777 0.006 0.03333333333333333
0 0.74225 0.7271111111111112 0.0085 0.024444444444444446
0 0.69875 0.7577777777777778 0.01275 0.030222222222222223
0 0.734 0.6737777777777778 0.015 0.016888888888888887
0 0.79175 0.6595555555555556 0.009 0.02311111111111111
0 0.8095 0.6653333333333333 0.0095 0.034666666666666665
0 0.64025 0.7635555555555555 0.00925 0.03333333333333333
0 0.6465 0.7973333333333333 0.01425 0.016
0 0.63475 0.8377777777777777 0.00775 0.026222222222222223
0 0.646 0.8533333333333334 0.018 0.016888888888888887
0 0.85425 0.7835555555555556 0.00775 0.03111111111111111
0 0.8775 0.8088888888888889 0.0115 0.020888888888888887
0 0.9405 0.6955555555555556 0.00825 0.02311111111111111
0 0.96025 0.7168888888888889 0.008 0.030222222222222223
0 0.9345 0.7168888888888889 0.012 0.014666666666666666
0 0.92675 0.6884444444444444 0.007 0.014666666666666666
0 0.92325 0.7022222222222222 0.009 0.013777777777777778
0 0.937 0.8408888888888889 0.0055 0.021777777777777778
0 0.906 0.8746666666666667 0.00725 0.03155555555555556
0 0.85775 0.8902222222222222 0.0095 0.02711111111111111
0 0.89775 0.9671111111111111 0.0125 0.028
0 0.86525 0.9924444444444445 0.0115 0.015111111111111112
0 0.95575 0.9964444444444445 0.013 0.0071111111111111115
0 0.97975 0.9942222222222222 0.0065 0.011555555555555555
0 0.9045 0.996 0.00625 0.007555555555555556
0 0.7535 0.9084444444444445 0.0095 0.02666666666666667
0 0.711 0.9733333333333334 0.00775 0.03111111111111111
0 0.57625 0.9644444444444444 0.01675 0.017333333333333333
0 0.5595 0.9697777777777777 0.00675 0.02
0 0.78675 0.09022222222222222 0.00975 0.02
0 0.82675 0.24266666666666667 0.0125 0.020888888888888887
0 0.74225 0.3128888888888889 0.017 0.016888888888888887
0 0.3545 0.6217777777777778 0.01 0.024444444444444446
0 0.43325 0.6342222222222222 0.0085 0.024444444444444446
0 0.11675 0.6662222222222223 0.011 0.020444444444444446
0 0.52825 0.7724444444444445 0.015 0.018222222222222223
0 0.517 0.5982222222222222 0.01175 0.015555555555555555
0 0.52725 0.6004444444444444 0.0105 0.028
0 0.51425 0.5488888888888889 0.00975 0.012888888888888889
0 0.50225 0.5444444444444444 0.0085 0.017777777777777778