0 0.23625 0.2697777777777778 0.01025 0.013777777777777778
0 0.58625 0.732 0.013 0.015555555555555555
0 0.31125 0.19333333333333333 0.0085 0.013333333333333334
0 0.7545 0.6573333333333333 0.009 0.014666666666666666
0 0.51825 0.7004444444444444 0.013 0.015555555555555555
0 0.0945 0.42177777777777775 0.0085 0.016444444444444446
0 0.066 0.24844444444444444 0.01175 0.017777777777777778
0 0.18775 0.764 0.01375 0.016444444444444446
0 0.267 0.044444444444444446 0.012 0.016444444444444446
0 0.67525 0.7106666666666667 0.012 0.017777777777777778
0 0.4925 0.812 0.012 0.016444444444444446
0 0.4355 0.6955555555555556 0.0095 0.016888888888888887
0 0.56375 0.48044444444444445 0.014 0.013777777777777778
0 0.57025 0.9853333333333333 0.014 0.015555555555555555
0 0.63025 0.232 0.009 0.016444444444444446
0 0.67275 0.06222222222222222 0.0095 0.014666666666666666
0 0.4325 0.6253333333333333 0.012 0.014666666666666666
0 0.76875 0.05688888888888889 0.0095 0.016444444444444446
0 0.70875 0.268 0.012 0.018666666666666668
0 0.07125 0.62 0.00975 0.014666666666666666
0 0.858 0.1711111111111111 0.012 0.013777777777777778
0 0.2585 0.49644444444444447 0.012 0.012444444444444444
0 0.769 0.9035555555555556 0.009 0.019555555555555555
0 0.621 0.08044444444444444 0.01025 0.012444444444444444
0 0.04675 0.11777777777777777 0.013 0.015555555555555555
0 0.99425 0.6733333333333333 0.011 0.012444444444444444
0 0.16825 0.5466666666666666 0.011 0.019555555555555555
0 0.23525 0.8835555555555555 0.01175 0.013333333333333334
0 0.167 0.476 0.0105 0.013333333333333334
0 0.108 0.8448888888888889 0.00825 0.016444444444444446
0 0.13175 0.7511111111111111 0.009 0.017777777777777778
0 0.2465 0.8226666666666667 0.0095 0.02
0 0.40125 0.17733333333333334 0.013 0.015555555555555555
0 0.06325 0.7884444444444444 0.01 0.026222222222222223
0 0.9385 0.7791111111111111 0.00975 0.013777777777777778
0 0.503 0.8702222222222222 0.0085 0.013333333333333334
0 0.7255 0.8124444444444444 0.009 0.021777777777777778
0 0.01375 0.4471111111111111 0.00975 0.016888888888888887
0 0.523 0.5826666666666667 0.01175 0.017777777777777778
0 0.43275 0.21644444444444444 0.007 0.016444444444444446
0 0.10125 0.033777777777777775 0.0075 0.013333333333333334
0 0.443 0.11422222222222222 0.0085 0.019555555555555555
0 0.259 0.5248888888888888 0.0085 0.017777777777777778
0 0.06675 0.5204444444444445 0.0095 0.018666666666666668
0 0.81175 0.48355555555555557 0.01025 0.013777777777777778
0 0.42275 0.7493333333333333 0.012 0.013333333333333334
0 0.40675 0.4831111111111111 0.0105 0.011555555555555555
0 0.26875 0.6951111111111111 0.01025 0.013333333333333334
0 0.848 0.21066666666666667 0.01175 0.016888888888888887
0 0.571 0.2751111111111111 0.00825 0.013777777777777778
0 0.15825 0.94 0.01325 0.016444444444444446
0 0.73625 0.31244444444444447 0.0095 0.014666666666666666
0 0.14375 0.9128888888888889 0.01325 0.017777777777777778
0 0.98125 0.042666666666666665 0.00975 0.028444444444444446
0 0.9555 0.07155555555555555 0.0145 0.014666666666666666
0 0.9505 0.08311111111111111 0.006 0.035111111111111114
0 0.94125 0.11644444444444445 0.01 0.02266666666666667
0 0.91375 0.14666666666666667 0.0075 0.032
0 0.92175 0.15911111111111112 0.00775 0.029333333333333333
0 0.89575 0.17333333333333334 0.0125 0.013333333333333334
0 0.577 0.5577777777777778 0.0085 0.015555555555555555
0 0.02875 0.12444444444444444 0.0065 0.023555555555555555
0 0.0265 0.13644444444444445 0.01025 0.015555555555555555
0 0.108 0.796 0.0105 0.020888888888888887
0 0.12975 0.6235555555555555 0.0095 0.013777777777777778
0 0.33175 0.45644444444444443 0.009 0.016444444444444446
0 0.358 0.0791111111111111 0.009 0.016888888888888887
0 0.0655 0.964 0.0095 0.016444444444444446
0 0.49175 0.7613333333333333 0.00775 0.012444444444444444
0 0.81575 0.019555555555555555 0.008 0.011555555555555555
0 0.80575 0.030222222222222223 0.0085 0.015555555555555555
0 0.1885 0.15155555555555555 0.009 0.011555555555555555
0 0.71225 0.19111111111111112 0.01125 0.012444444444444444
0 0.0575 0.2742222222222222 0.01125 0.013777777777777778
0 0.41425 0.6782222222222222 0.00675 0.016444444444444446
0 0.964 0.8057777777777778 0.011 0.015555555555555555
0 0.85225 0.6697777777777778 0.0085 0.016444444444444446
0 0.75225 0.7742222222222223 0.008 0.028444444444444446
0 0.2715 0.6373333333333333 0.0095 0.015555555555555555
0 0.1445 0.09377777777777778 0.012 0.011555555555555555
0 0.79525 0.9031111111111111 0.0085 0.016888888888888887
0 0.12575 0.8684444444444445 0.0085 0.02
0 0.5705 0.6871111111111111 0.01125 0.013777777777777778
0 0.40625 0.36844444444444446 0.00775 0.017777777777777778
0 0.74525 0.9671111111111111 0.01025 0.013333333333333334
0 0.7655 0.7008888888888889 0.0085 0.018666666666666668
0 0.62125 0.6217777777777778 0.01125 0.013333333333333334
0 0.012 0.20977777777777779 0.009 0.015555555555555555
0 0.844 0.14133333333333334 0.012 0.017777777777777778
0 0.64 0.9226666666666666 0.00975 0.02
0 0.3845 0.22355555555555556 0.0085 0.017777777777777778
0 0.2905 0.064 0.011 0.011555555555555555
0 0.874 0.019555555555555555 0.00825 0.015555555555555555
0 0.38125 0.8595555555555555 0.013 0.013333333333333334
0 0.551 0.7524444444444445 0.0075 0.019555555555555555
0 0.2475 0.3288888888888889 0.0075 0.017777777777777778
0 0.5845 0.20844444444444443 0.00825 0.015555555555555555
0 0.56 0.9302222222222222 0.009 0.013777777777777778
0 0.47525 0.8057777777777778 0.00975 0.012444444444444444
0 0.39775 0.26844444444444443 0.00825 0.019555555555555555
0 0.19125 0.6004444444444444 0.012 0.013777777777777778
0 0.1095 0.6191111111111111 0.0125 0.024
0 0.01775 0.8111111111111111 0.0075 0.018666666666666668
0 0.29425 0.8351111111111111 0.0105 0.013777777777777778
0 0.5655 0.66 0.0105 0.013777777777777778
0 0.14575 0.044 0.00925 0.020888888888888887
0 0.114 0.38533333333333336 0.0085 0.011555555555555555
0 0.86625 0.6991111111111111 0.009 0.016444444444444446
0 0.3535 0.41555555555555557 0.01025 0.017777777777777778
0 0.305 0.3031111111111111 0.01025 0.019555555555555555
0 0.47375 0.4648888888888889 0.0145 0.015555555555555555
0 0.77375 0.013777777777777778 0.0085 0.009333333333333334
0 0.94425 0.176 0.0145 0.015555555555555555
0 0.90675 0.7844444444444445 0.0145 0.016444444444444446
0 0.382 0.34755555555555556 0.007 0.017777777777777778
0 0.20175 0.7897777777777778 0.012 0.024
0 0.6505 0.14666666666666667 0.0095 0.016444444444444446
0 0.69 0.108 0.012 0.013333333333333334
0 0.189 0.2697777777777778 0.0095 0.021777777777777778
0 0.1365 0.6604444444444444 0.009 0.019555555555555555
0 0.68 0.156 0.012 0.013333333333333334
0 0.1425 0.49066666666666664 0.01425 0.010222222222222223
0 0.8585 0.288 0.01025 0.018666666666666668
0 0.0855 0.29288888888888887 0.00875 0.024444444444444446
0 0.107 0.4697777777777778 0.01175 0.013333333333333334
0 0.55225 0.48577777777777775 0.00675 0.012444444444444444
0 0.203 0.9537777777777777 0.01325 0.013333333333333334
0 0.9075 0.084 0.0055 0.030666666666666665
0 0.873 0.10488888888888889 0.01025 0.016444444444444446
0 0.6245 0.7635555555555555 0.00975 0.013333333333333334
0 0.27825 0.10355555555555555 0.007 0.02711111111111111
0 0.045 0.4648888888888889 0.00775 0.015555555555555555
0 0.04975 0.92 0.01125 0.017777777777777778
0 0.24925 0.4688888888888889 0.01025 0.011555555555555555
0 0.465 0.07244444444444445 0.011 0.02711111111111111
0 0.504 0.6653333333333333 0.00825 0.013777777777777778
0 0.368 0.3248888888888889 0.0075 0.029333333333333333
0 0.36375 0.33866666666666667 0.0085 0.011555555555555555
0 0.54925 0.21555555555555556 0.0095 0.02666666666666667
0 0.795 0.24666666666666667 0.0095 0.020888888888888887
0 0.10425 0.848 0.01025 0.020888888888888887
0 0.9075 0.39511111111111114 0.009 0.02
0 0.398 0.5911111111111111 0.00675 0.03155555555555556
0 0.0675 0.6697777777777778 0.00825 0.016444444444444446
0 0.26925 0.11777777777777777 0.009 0.012444444444444444
0 0.23525 0.6973333333333334 0.00825 0.02
0 0.3865 0.03822222222222222 0.00825 0.017777777777777778
0 0.605 0.4777777777777778 0.00825 0.02
0 0.646 0.7817777777777778 0.00625 0.014666666666666666
0 0.57025 0.26 0.0095 0.016444444444444446
0 0.57825 0.011555555555555555 0.013 0.007555555555555556
0 0.77275 0.8191111111111111 0.009 0.017777777777777778
0 0.03975 0.3591111111111111 0.0085 0.019555555555555555
0 0.76175 0.9551111111111111 0.0065 0.02311111111111111
0 0.97125 0.7137777777777777 0.016 0.014666666666666666
0 0.419 0.5888888888888889 0.00825 0.018666666666666668
0 0.12275 0.37777777777777777 0.00825 0.014666666666666666
0 0.81725 0.8604444444444445 0.00775 0.025333333333333333
0 0.074 0.6342222222222222 0.00825 0.015555555555555555
0 0.85 0.7591111111111111 0.01175 0.012444444444444444
0 0.595 0.5982222222222222 0.00975 0.011555555555555555
0 0.6095 0.9048888888888889 0.00775 0.016888888888888887
0 0.54325 0.049777777777777775 0.00575 0.016444444444444446
0 0.85425 0.5351111111111111 0.00775 0.016888888888888887
0 0.22475 0.14222222222222222 0.00875 0.02711111111111111
0 0.939 0.8506666666666667 0.01025 0.021777777777777778
0 0.62675 0.1648888888888889 0.01125 0.013777777777777778
0 0.698 0.5644444444444444 0.00875 0.022222222222222223
0 0.68575 0.09466666666666666 0.0105 0.016444444444444446
0 0.41425 0.14266666666666666 0.009 0.021777777777777778
0 0.7715 0.02666666666666667 0.009 0.021777777777777778
0 0.76375 0.04044444444444444 0.007 0.015555555555555555
0 0.6155 0.7093333333333334 0.0075 0.019555555555555555
0 0.76925 0.18355555555555556 0.007 0.018666666666666668
0 0.4365 0.8648888888888889 0.007 0.027555555555555555
0 0.43275 0.8848888888888888 0.0095 0.019555555555555555
0 0.85775 0.08844444444444445 0.011 0.012444444444444444
0 0.91025 0.8377777777777777 0.01125 0.017777777777777778
0 0.02475 0.29644444444444445 0.009 0.017777777777777778
0 0.512 0.596 0.0085 0.014666666666666666
0 0.30675 0.7115555555555556 0.00825 0.017777777777777778
0 0.72725 0.368 0.0125 0.010666666666666666
0 0.60025 0.5911111111111111 0.00675 0.012444444444444444
0 0.08875 0.5462222222222223 0.00775 0.018666666666666668
0 0.58525 0.8675555555555555 0.00625 0.016888888888888887
0 0.0445 0.5733333333333334 0.00775 0.029777777777777778
0 0.4495 0.172 0.01075 0.025333333333333333
0 0.1195 0.5435555555555556 0.00825 0.020444444444444446
0 0.595 0.41333333333333333 0.00625 0.025333333333333333
0 0.372 0.7044444444444444 0.00625 0.021333333333333333
0 0.6925 0.7182222222222222 0.009 0.016444444444444446
0 0.0345 0.10977777777777778 0.00775 0.017777777777777778
0 0.57125 0.19644444444444445 0.0085 0.011555555555555555
0 0.56325 0.1991111111111111 0.00775 0.013777777777777778
0 0.47975 0.12711111111111112 0.0095 0.015555555555555555
0 0.5075 0.6111111111111112 0.0095 0.012444444444444444
0 0.7015 0.21733333333333332 0.0065 0.02711111111111111
0 0.93875 0.008888888888888889 0.0105 0.014666666666666666
0 0.7475 0.08533333333333333 0.0055 0.028444444444444446
0 0.7905 0.09066666666666667 0.00975 0.012888888888888889
0 0.928 0.033777777777777775 0.01525 0.015555555555555555
0 0.93325 0.058666666666666666 0.0085 0.027555555555555555
0 0.93275 0.09911111111111111 0.0155 0.017333333333333333
0 0.8665 0.852 0.00575 0.028444444444444446
0 0.83475 0.7635555555555555 0.0135 0.021777777777777778
0 0.8665 0.7475555555555555 0.0125 0.030666666666666665
0 0.779 0.7964444444444444 0.01 0.028444444444444446
0 0.8045 0.7008888888888889 0.008 0.02666666666666667
0 0.88675 0.6022222222222222 0.0085 0.030666666666666665
0 0.9555 0.616 0.0085 0.028
0 0.899 0.4786666666666667 0.00825 0.028
0 0.83475 0.5177777777777778 0.009 0.025777777777777778
0 0.72125 0.6617777777777778 0.01275 0.02266666666666667
0 0.64425 0.5133333333333333 0.011 0.020444444444444446
0 0.647 0.5973333333333334 0.01075 0.028888888888888888
0 0.64325 0.6364444444444445 0.016 0.015111111111111112
0 0.598 0.6106666666666667 0.0115 0.016888888888888887
0 0.98325 0.24888888888888888 0.00675 0.02666666666666667
0 0.98175 0.08133333333333333 0.01075 0.022222222222222223
0 0.8795 0.023555555555555555 0.01425 0.018666666666666668
0 0.624 0.2617777777777778 0.00925 0.029777777777777778
0 0.644 0.2071111111111111 0.0115 0.021333333333333333
0 0.65425 0.19466666666666665 0.00875 0.021777777777777778
0 0.63475 0.08222222222222222 0.00975 0.03244444444444444
0 0.50525 0.21644444444444444 0.00975 0.024
0 0.54025 0.14666666666666667 0.00825 0.02311111111111111
0 0.43175 0.128 0.00925 0.027555555555555555
0 0.40375 0.112 0.007 0.030666666666666665
0 0.41 0.17866666666666667 0.012 0.01911111111111111
0 0.396 0.009777777777777778 0.00625 0.01911111111111111
0 0.39025 0.011111111111111112 0.00625 0.018666666666666668
0 0.314 0.1111111111111111 0.0075 0.026222222222222223
0 0.17725 0.05466666666666667 0.01125 0.030222222222222223
0 0.1705 0.12355555555555556 0.009 0.025777777777777778
0 0.19575 0.2786666666666667 0.007 0.025333333333333333
0 0.00225 0.15733333333333333 0.0045 0.017777777777777778
0 0.035 0.12222222222222222 0.0115 0.014222222222222223
0 0.00375 0.3586666666666667 0.0065 0.028444444444444446
0 0.14775 0.376 0.007 0.025777777777777778
0 0.1995 0.35555555555555557 0.0075 0.024888888888888887
0 0.17475 0.3422222222222222 0.00875 0.02711111111111111
0 0.2225 0.3728888888888889 0.007 0.021777777777777778
0 0.22825 0.3551111111111111 0.01475 0.020444444444444446
0 0.0535 0.5106666666666667 0.00675 0.024888888888888887
0 0.074 0.5311111111111111 0.011 0.016888888888888887
0 0.14225 0.5746666666666667 0.01325 0.024444444444444446
0 0.252 0.6382222222222222 0.01275 0.012444444444444444
0 0.30925 0.5408888888888889 0.0085 0.03288888888888889
0 0.16725 0.6826666666666666 0.00675 0.020888888888888887
0 0.164 0.6933333333333334 0.0075 0.025777777777777778
0 0.0675 0.7 0.00875 0.03155555555555556
0 0.0565 0.6728888888888889 0.0125 0.020888888888888887
0 0.0785 0.8537777777777777 0.01175 0.02
0 0.057 0.9275555555555556 0.005 0.017333333333333333
0 0.0615 0.9382222222222222 0.0095 0.011555555555555555
0 0.21875 0.7831111111111111 0.006 0.024888888888888887
0 0.35075 0.7911111111111111 0.012 0.012888888888888889
0 0.479 0.8862222222222222 0.009 0.028
0 0.53275 0.8706666666666667 0.00775 0.02311111111111111
0 0.582 0.896 0.01025 0.02311111111111111
0 0.57875 0.8897777777777778 0.00775 0.017333333333333333
0 0.52175 0.7168888888888889 0.008 0.030222222222222223
0 0.6535 0.7644444444444445 0.00825 0.027555555555555555
0 0.61825 0.9057777777777778 0.0095 0.021777777777777778
0 0.7655 0.9671111111111111 0.01075 0.014666666666666666
0 0.56 0.8208888888888889 0.00825 0.025333333333333333
0 0.56175 0.568 0.00775 0.028
0 0.39075 0.6822222222222222 0.0105 0.03288888888888889
0 0.09825 0.46266666666666667 0.00675 0.019555555555555555
0 0.04275 0.46044444444444443 0.00625 0.025333333333333333
0 0.34325 0.43822222222222224 0.00975 0.03111111111111111
0 0.3455 0.4151111111111111 0.00825 0.02266666666666667
0 0.4085 0.5071111111111111 0.0125 0.014222222222222223
0 0.00275 0.5582222222222222 0.0055 0.021333333333333333
0 0.167 0.09244444444444444 0.00625 0.02266666666666667
0 0.057 0.009333333333333334 0.00875 0.013333333333333334
0 0.00375 0.07422222222222222 0.0075 0.020444444444444446
0 0.51475 0.45866666666666667 0.00925 0.027555555555555555
0 0.55975 0.40844444444444444 0.011 0.024888888888888887
0 0.587 0.512 0.00775 0.030666666666666665
0 0.50125 0.4746666666666667 0.01075 0.024888888888888887
0 0.48175 0.37733333333333335 0.01275 0.018222222222222223
0 0.47675 0.3937777777777778 0.0115 0.020888888888888887
0 0.45175 0.38622222222222224 0.015 0.017333333333333333
0 0.32875 0.3586666666666667 0.01175 0.028888888888888888
0 0.58275 0.8795555555555555 0.01125 0.016
0 0.714 0.5844444444444444 0.00775 0.024444444444444446
0 0.72375 0.5875555555555556 0.00875 0.021333333333333333
0 0.81525 0.5062222222222222 0.0135 0.021333333333333333
0 0.69575 0.5795555555555556 0.013 0.022222222222222223
0 0.6905 0.5893333333333334 0.01275 0.014666666666666666
0 0.79575 0.2897777777777778 0.01525 0.020444444444444446
0 0.5905 0.19644444444444445 0.00925 0.024444444444444446
0 0.5835 0.19511111111111112 0.01025 0.014666666666666666
0 0.5425 0.136 0.01225 0.020444444444444446
0 0.7725 0.08088888888888889 0.01075 0.024444444444444446
0 0.7215 0.017333333333333333 0.012 0.015111111111111112
0 0.97225 0.176 0.01375 0.016888888888888887
0 0.98125 0.152 0.01 0.020444444444444446
0 0.37125 0.1671111111111111 0.01075 0.016
0 0.36775 0.13422222222222221 0.012 0.016
0 0.4745 0.21955555555555556 0.00925 0.022222222222222223
0 0.218 0.3537777777777778 0.01025 0.015111111111111112
0 0.33175 0.416 0.01125 0.014666666666666666
0 0.11225 0.7871111111111111 0.0085 0.02666666666666667
0 0.47875 0.8235555555555556 0.0065 0.021333333333333333
0 0.12625 0.6457777777777778 0.00725 0.017333333333333333
0 0.3515 0.7853333333333333 0.01425 0.010666666666666666
0 0.245 0.9648888888888889 0.01025 0.013777777777777778