0 0.5946666666666667 0.6358108108108108 0.012333333333333333 0.020945945945945947
0 0.5653333333333334 0.8432432432432433 0.005 0.02364864864864865
0 0.833 0.4871621621621622 0.006 0.01756756756756757
0 0.8283333333333334 0.47297297297297297 0.007333333333333333 0.014864864864864866
0 0.561 0.831081081081081 0.011333333333333334 0.012837837837837839
0 0.57 0.7952702702702703 0.009666666666666667 0.012837837837837839
0 0.6036666666666667 0.7925675675675675 0.007666666666666666 0.020945945945945947
0 0.19833333333333333 0.4 0.008 0.02364864864864865
0 0.22166666666666668 0.38716216216216215 0.006666666666666667 0.020945945945945947
0 0.21966666666666668 0.37027027027027026 0.006 0.021621621621621623
0 0.18866666666666668 0.39594594594594595 0.009666666666666667 0.012162162162162163
0 0.22266666666666668 0.4304054054054054 0.008 0.016891891891891893
0 0.27266666666666667 0.5047297297297297 0.006666666666666667 0.01756756756756757
0 0.299 0.5013513513513513 0.010333333333333333 0.013513513513513514
0 0.299 0.4810810810810811 0.008666666666666666 0.008783783783783784
0 0.3893333333333333 0.43648648648648647 0.013 0.012162162162162163
0 0.42933333333333334 0.3824324324324324 0.009666666666666667 0.019594594594594596
0 0.43533333333333335 0.4608108108108108 0.008333333333333333 0.020945945945945947
0 0.408 0.6094594594594595 0.011666666666666667 0.01418918918918919
0 0.4036666666666667 0.6047297297297297 0.005666666666666667 0.022972972972972974
0 0.43066666666666664 0.5993243243243244 0.005666666666666667 0.021621621621621623
0 0.45266666666666666 0.6013513513513513 0.007333333333333333 0.0222972972972973
0 0.175 0.522972972972973 0.009666666666666667 0.011486486486486487
0 0.3333333333333333 0.5054054054054054 0.009333333333333334 0.016891891891891893
0 0.3313333333333333 0.4777027027027027 0.008666666666666666 0.013513513513513514
0 0.2693333333333333 0.6412162162162162 0.006333333333333333 0.0222972972972973
0 0.491 0.5513513513513514 0.007666666666666666 0.019594594594594596
0 0.506 0.6243243243243243 0.011 0.016891891891891893
0 0.472 0.6304054054054054 0.010666666666666666 0.011486486486486487
0 0.38433333333333336 0.5945945945945946 0.007333333333333333 0.02364864864864865
0 0.32366666666666666 0.7425675675675676 0.01 0.015540540540540541
0 0.349 0.7472972972972973 0.005333333333333333 0.025675675675675677
0 0.2623333333333333 0.7716216216216216 0.011 0.010135135135135136
0 0.26466666666666666 0.7817567567567567 0.004666666666666667 0.018243243243243244
0 0.3606666666666667 0.893918918918919 0.011333333333333334 0.019594594594594596
0 0.37366666666666665 0.8689189189189189 0.008666666666666666 0.020945945945945947
0 0.3873333333333333 0.8722972972972973 0.008333333333333333 0.014864864864864866
0 0.39966666666666667 0.8716216216216216 0.009333333333333334 0.02702702702702703
0 0.4036666666666667 0.8425675675675676 0.011666666666666667 0.016216216216216217
0 0.3506666666666667 0.8918918918918919 0.008666666666666666 0.016891891891891893
0 0.29133333333333333 0.9912162162162163 0.011333333333333334 0.010810810810810811
0 0.28833333333333333 0.9621621621621622 0.008333333333333333 0.022972972972972974
0 0.4036666666666667 0.7506756756756757 0.007666666666666666 0.02027027027027027
0 0.38666666666666666 0.9445945945945946 0.008 0.021621621621621623
0 0.41233333333333333 0.9621621621621622 0.01 0.014864864864864866
0 0.5613333333333334 0.9567567567567568 0.005333333333333333 0.02364864864864865
0 0.59 0.9364864864864865 0.01 0.014864864864864866
0 0.6453333333333333 0.8581081081081081 0.009666666666666667 0.016891891891891893
0 0.544 0.7608108108108108 0.009666666666666667 0.010810810810810811
0 0.579 0.5844594594594594 0.009666666666666667 0.019594594594594596
0 0.43766666666666665 0.9398648648648649 0.005666666666666667 0.02027027027027027
0 0.43833333333333335 0.9912162162162163 0.007333333333333333 0.01756756756756757
0 0.6613333333333333 0.5695945945945946 0.01 0.015540540540540541
0 0.668 0.6601351351351351 0.009333333333333334 0.01891891891891892
0 0.49266666666666664 0.7162162162162162 0.005333333333333333 0.0222972972972973
0 0.597 0.49932432432432433 0.007333333333333333 0.018243243243243244
0 0.18833333333333332 0.8391891891891892 0.013333333333333334 0.010135135135135136
0 0.18466666666666667 0.7993243243243243 0.004666666666666667 0.015540540540540541
0 0.191 0.7959459459459459 0.005333333333333333 0.021621621621621623
0 0.406 0.15337837837837837 0.005333333333333333 0.025
0 0.4666666666666667 0.28175675675675677 0.01 0.01418918918918919
0 0.477 0.2831081081081081 0.005333333333333333 0.02702702702702703
0 0.83 0.4797297297297297 0.011666666666666667 0.031081081081081083
0 0.457 0.6466216216216216 0.009 0.021621621621621623
0 0.7426666666666667 0.6148648648648649 0.009 0.020945945945945947
0 0.7586666666666667 0.9608108108108108 0.008 0.024324324324324326
0 0.7183333333333334 0.8527027027027027 0.008666666666666666 0.01418918918918919
0 0.6796666666666666 0.6594594594594595 0.011666666666666667 0.012162162162162163
0 0.535 0.8878378378378379 0.009333333333333334 0.02364864864864865
0 0.6903333333333334 0.5851351351351352 0.007 0.016216216216216217
0 0.6083333333333333 0.8506756756756757 0.006 0.0222972972972973
0 0.564 0.21081081081081082 0.007333333333333333 0.026351351351351353
0 0.5926666666666667 0.16283783783783784 0.012333333333333333 0.019594594594594596
0 0.7123333333333334 0.7972972972972973 0.006 0.022972972972972974
0 0.735 0.7695945945945946 0.009 0.025
0 0.91 0.6601351351351351 0.011 0.011486486486486487
0 0.25466666666666665 0.5378378378378378 0.011666666666666667 0.012837837837837839
0 0.5196666666666667 0.5027027027027027 0.010666666666666666 0.014864864864864866
0 0.8403333333333334 0.6108108108108108 0.01 0.020945945945945947
0 0.7896666666666666 0.5648648648648649 0.007 0.027702702702702704
0 0.553 0.24054054054054055 0.006666666666666667 0.022972972972972974
0 0.5563333333333333 0.21081081081081082 0.008 0.021621621621621623
0 0.5853333333333334 0.21351351351351353 0.010333333333333333 0.019594594594594596
0 0.23966666666666667 0.6189189189189189 0.008333333333333333 0.01418918918918919
0 0.7246666666666667 0.9439189189189189 0.005666666666666667 0.025675675675675677
0 0.832 0.22162162162162163 0.009 0.021621621621621623
0 0.921 0.7756756756756756 0.006 0.019594594594594596
0 0.748 0.4837837837837838 0.007 0.032432432432432434
0 0.5693333333333334 0.9891891891891892 0.006 0.02027027027027027
0 0.5873333333333334 0.9831081081081081 0.008 0.025675675675675677
0 0.6943333333333334 0.4851351351351351 0.013333333333333334 0.012837837837837839
0 0.978 0.4635135135135135 0.013333333333333334 0.013513513513513514
0 0.11266666666666666 0.6182432432432432 0.007666666666666666 0.01756756756756757
0 0.756 0.17027027027027028 0.009666666666666667 0.013513513513513514
0 0.2906666666666667 0.8567567567567568 0.006666666666666667 0.025
0 0.8666666666666667 0.543918918918919 0.011666666666666667 0.01891891891891892
0 0.768 0.07094594594594594 0.011666666666666667 0.014864864864864866
0 0.7373333333333333 0.2418918918918919 0.005333333333333333 0.01756756756756757
0 0.7223333333333334 0.23243243243243245 0.005666666666666667 0.020945945945945947
0 0.7416666666666667 0.21621621621621623 0.011333333333333334 0.0222972972972973
0 0.199 0.9006756756756756 0.009 0.021621621621621623
0 0.10366666666666667 0.9168918918918919 0.009333333333333334 0.024324324324324326
0 0.876 0.5054054054054054 0.006 0.02702702702702703
0 0.923 0.06756756756756757 0.009333333333333334 0.02027027027027027
0 0.9013333333333333 0.5851351351351352 0.013333333333333334 0.012162162162162163
0 0.8826666666666667 0.9493243243243243 0.006 0.026351351351351353
0 0.2853333333333333 0.325 0.005333333333333333 0.01756756756756757
0 0.2986666666666667 0.327027027027027 0.005666666666666667 0.025675675675675677
0 0.13466666666666666 0.3033783783783784 0.007 0.025
0 0.23233333333333334 0.13648648648648648 0.008 0.02364864864864865
0 0.234 0.08175675675675675 0.012333333333333333 0.015540540540540541
0 0.38433333333333336 0.1277027027027027 0.010666666666666666 0.014864864864864866
0 0.11566666666666667 0.8094594594594594 0.006333333333333333 0.02364864864864865
0 0.132 0.8121621621621622 0.005 0.016216216216216217
0 0.15866666666666668 0.8263513513513514 0.004666666666666667 0.020945945945945947
0 0.16333333333333333 0.831081081081081 0.0036666666666666666 0.016216216216216217
0 0.010666666666666666 0.03581081081081081 0.005666666666666667 0.014864864864864866
0 0.01633333333333333 0.027702702702702704 0.008 0.010135135135135136
0 0.046 0.03986486486486487 0.007 0.021621621621621623
0 0.0026666666666666666 0.1972972972972973 0.005333333333333333 0.024324324324324326
0 0.13433333333333333 0.22905405405405405 0.004666666666666667 0.02364864864864865
0 0.16766666666666666 0.13175675675675674 0.005 0.0222972972972973
0 0.18633333333333332 0.21013513513513513 0.009666666666666667 0.012837837837837839
0 0.16933333333333334 0.2722972972972973 0.004666666666666667 0.01756756756756757
0 0.281 0.07905405405405405 0.012333333333333333 0.012162162162162163
0 0.24166666666666667 0.056081081081081084 0.005666666666666667 0.0222972972972973
0 0.19166666666666668 0.2891891891891892 0.005333333333333333 0.024324324324324326
0 0.19433333333333333 0.2560810810810811 0.007666666666666666 0.013513513513513514
0 0.28633333333333333 0.12364864864864865 0.009 0.01418918918918919
0 0.035333333333333335 0.4047297297297297 0.012666666666666666 0.01756756756756757
0 0.052333333333333336 0.377027027027027 0.005333333333333333 0.022972972972972974
0 0.037 0.9885135135135135 0.007333333333333333 0.02027027027027027
0 0.217 0.9662162162162162 0.006333333333333333 0.019594594594594596
0 0.22266666666666668 0.9662162162162162 0.006666666666666667 0.01756756756756757
0 0.18566666666666667 0.518918918918919 0.007333333333333333 0.010810810810810811
0 0.21466666666666667 0.28243243243243243 0.008333333333333333 0.018243243243243244
0 0.33066666666666666 0.19797297297297298 0.004333333333333333 0.014864864864864866
0 0.33266666666666667 0.17094594594594595 0.005333333333333333 0.01891891891891892
0 0.3273333333333333 0.2418918918918919 0.006333333333333333 0.0222972972972973
0 0.4073333333333333 0.11216216216216217 0.009 0.012162162162162163
0 0.4106666666666667 0.22567567567567567 0.007 0.01891891891891892
0 0.388 0.2945945945945946 0.014666666666666666 0.011486486486486487
0 0.43333333333333335 0.2777027027027027 0.005666666666666667 0.021621621621621623
0 0.467 0.13445945945945945 0.006333333333333333 0.018243243243243244
0 0.512 0.2918918918918919 0.013666666666666667 0.010810810810810811
0 0.523 0.2885135135135135 0.01 0.008783783783783784
0 0.528 0.2945945945945946 0.01 0.010810810810810811
0 0.5366666666666666 0.28986486486486485 0.005333333333333333 0.01891891891891892
0 0.5636666666666666 0.07837837837837838 0.007 0.020945945945945947
0 0.663 0.16824324324324325 0.011 0.010135135135135136
0 0.6026666666666667 0.21216216216216216 0.008 0.01891891891891892
0 0.614 0.20743243243243242 0.007333333333333333 0.016891891891891893
0 0.6226666666666667 0.2668918918918919 0.006 0.022972972972972974
0 0.556 0.34054054054054056 0.009 0.013513513513513514
0 0.537 0.11486486486486487 0.006333333333333333 0.012162162162162163
0 0.572 0.02972972972972973 0.005666666666666667 0.016891891891891893
0 0.662 0.05405405405405406 0.006666666666666667 0.018243243243243244
0 0.547 0.2641891891891892 0.01 0.011486486486486487
0 0.678 0.3621621621621622 0.006 0.022972972972972974
0 0.6663333333333333 0.452027027027027 0.007666666666666666 0.021621621621621623
0 0.672 0.4155405405405405 0.009666666666666667 0.00945945945945946
0 0.4776666666666667 0.4006756756756757 0.005333333333333333 0.01891891891891892
0 0.465 0.43513513513513513 0.005333333333333333 0.01756756756756757
0 0.6586666666666666 0.49527027027027026 0.009333333333333334 0.012837837837837839
0 0.61 0.37364864864864866 0.012666666666666666 0.012837837837837839
0 0.546 0.3945945945945946 0.006333333333333333 0.01891891891891892
0 0.5866666666666667 0.5797297297297297 0.005333333333333333 0.010135135135135136
0 0.5263333333333333 0.7135135135135136 0.012333333333333333 0.00945945945945946
0 0.5266666666666666 0.706081081081081 0.011 0.012162162162162163
0 0.5396666666666666 0.8006756756756757 0.007 0.018243243243243244
0 0.497 0.7324324324324324 0.007 0.018243243243243244
0 0.652 0.8027027027027027 0.004333333333333333 0.018243243243243244
0 0.6323333333333333 0.9135135135135135 0.007 0.010810810810810811
0 0.474 0.981081081081081 0.010333333333333333 0.010810810810810811
0 0.32266666666666666 0.8878378378378379 0.008666666666666666 0.012837837837837839
0 0.37433333333333335 0.7479729729729729 0.009 0.015540540540540541
0 0.2703333333333333 0.8912162162162162 0.010666666666666666 0.014864864864864866
0 0.19133333333333333 0.7587837837837837 0.011 0.011486486486486487
0 0.15666666666666668 0.75 0.009 0.00945945945945946
0 0.18233333333333332 0.9540540540540541 0.005 0.016891891891891893
0 0.16766666666666666 0.8256756756756757 0.005 0.010135135135135136
0 0.34933333333333333 0.6567567567567567 0.006 0.015540540540540541
0 0.22766666666666666 0.23851351351351352 0.010333333333333333 0.012837837837837839
0 0.417 0.34054054054054056 0.008333333333333333 0.018243243243243244
0 0.7113333333333334 0.27837837837837837 0.008 0.02364864864864865
0 0.5596666666666666 0.12837837837837837 0.008 0.02027027027027027
0 0.529 0.08986486486486486 0.007 0.01891891891891892
0 0.49266666666666664 0.10270270270270271 0.007666666666666666 0.012162162162162163
0 0.6083333333333333 0.037162162162162164 0.010666666666666666 0.011486486486486487
0 0.609 0.015540540540540541 0.008333333333333333 0.020945945945945947
0 0.877 0.24662162162162163 0.009 0.01418918918918919
0 0.8973333333333333 0.22094594594594594 0.008333333333333333 0.014864864864864866
0 0.9016666666666666 0.19797297297297298 0.006333333333333333 0.01891891891891892
0 0.9036666666666666 0.175 0.008666666666666666 0.016216216216216217
0 0.9153333333333333 0.04864864864864865 0.012 0.011486486486486487
0 0.9883333333333333 0.28243243243243243 0.010666666666666666 0.018243243243243244
0 0.9956666666666667 0.3 0.006 0.01756756756756757
0 0.8603333333333333 0.22905405405405405 0.007 0.01891891891891892
0 0.8396666666666667 0.3 0.008 0.013513513513513514
0 0.8496666666666667 0.2695945945945946 0.010666666666666666 0.012162162162162163
0 0.8733333333333333 0.28445945945945944 0.007666666666666666 0.013513513513513514
0 0.9343333333333333 0.3831081081081081 0.011 0.013513513513513514
0 0.9196666666666666 0.43445945945945946 0.007333333333333333 0.013513513513513514
0 0.9103333333333333 0.48243243243243245 0.009333333333333334 0.01418918918918919
0 0.8983333333333333 0.5385135135135135 0.007666666666666666 0.012837837837837839
0 0.9223333333333333 0.5054054054054054 0.008666666666666666 0.020945945945945947
0 0.6906666666666667 0.22702702702702704 0.013 0.013513513513513514
0 0.8163333333333334 0.30945945945945946 0.007 0.012837837837837839
0 0.8203333333333334 0.31554054054054054 0.007 0.010810810810810811
0 0.8236666666666667 0.32094594594594594 0.006666666666666667 0.012837837837837839
0 0.8293333333333334 0.3202702702702703 0.005 0.0222972972972973
0 0.8163333333333334 0.2939189189189189 0.008 0.010135135135135136
0 0.7726666666666666 0.37905405405405407 0.005666666666666667 0.01418918918918919
0 0.7776666666666666 0.3587837837837838 0.006333333333333333 0.02972972972972973
0 0.7893333333333333 0.36824324324324326 0.006666666666666667 0.01891891891891892
0 0.7543333333333333 0.37027027027027026 0.009666666666666667 0.019594594594594596
0 0.773 0.3452702702702703 0.007666666666666666 0.013513513513513514
0 0.825 0.05945945945945946 0.009 0.021621621621621623
0 0.822 0.03783783783783784 0.007666666666666666 0.01756756756756757
0 0.7013333333333334 0.03918918918918919 0.01 0.00945945945945946
0 0.711 0.041891891891891894 0.006 0.024324324324324326
0 0.7626666666666667 0.3216216216216216 0.005333333333333333 0.018243243243243244
0 0.741 0.31216216216216214 0.006 0.019594594594594596
0 0.8383333333333334 0.4331081081081081 0.005333333333333333 0.018243243243243244
0 0.7903333333333333 0.65 0.012666666666666666 0.016891891891891893
0 0.7286666666666667 0.7236486486486486 0.012666666666666666 0.012837837837837839
0 0.724 0.7054054054054054 0.005333333333333333 0.02364864864864865
0 0.74 0.7094594594594594 0.008666666666666666 0.012162162162162163
0 0.9836666666666667 0.6222972972972973 0.006 0.01756756756756757
0 0.9376666666666666 0.5486486486486486 0.009 0.01418918918918919
0 0.9326666666666666 0.4864864864864865 0.005333333333333333 0.019594594594594596
0 0.9376666666666666 0.5162162162162162 0.008 0.01891891891891892
0 0.9906666666666667 0.5972972972972973 0.006 0.018243243243243244
0 0.804 0.722972972972973 0.010666666666666666 0.013513513513513514
0 0.9206666666666666 0.7283783783783784 0.005666666666666667 0.025
0 0.9573333333333334 0.7918918918918919 0.007333333333333333 0.01418918918918919
0 0.9746666666666667 0.7391891891891892 0.004666666666666667 0.020945945945945947
0 0.987 0.13175675675675674 0.007666666666666666 0.014864864864864866
0 0.8856666666666667 0.19324324324324324 0.010333333333333333 0.00945945945945946
0 0.9116666666666666 0.5966216216216216 0.005 0.01756756756756757
0 0.8516666666666667 0.7101351351351352 0.011666666666666667 0.012837837837837839
0 0.893 0.8040540540540541 0.007 0.015540540540540541
0 0.903 0.8128378378378378 0.007 0.021621621621621623
0 0.8933333333333333 0.9371621621621622 0.005333333333333333 0.01756756756756757
0 0.9073333333333333 0.9263513513513514 0.009666666666666667 0.016891891891891893
0 0.9893333333333333 0.8486486486486486 0.01 0.019594594594594596
0 0.8523333333333334 0.11283783783783784 0.006666666666666667 0.018243243243243244
0 0.7486666666666667 0.25 0.005666666666666667 0.018243243243243244
0 0.751 0.7972972972972973 0.005333333333333333 0.016891891891891893
0 0.09066666666666667 0.22364864864864864 0.012333333333333333 0.025675675675675677
0 0.042666666666666665 0.1858108108108108 0.006333333333333333 0.02702702702702703
0 0.08133333333333333 0.014864864864864866 0.01633333333333333 0.02027027027027027
0 0.06933333333333333 0.011486486486486487 0.009333333333333334 0.022972972972972974
0 0.2673333333333333 0.17905405405405406 0.009333333333333334 0.02027027027027027
0 0.4673333333333333 0.2925675675675676 0.009333333333333334 0.012162162162162163
0 0.4886666666666667 0.6682432432432432 0.011666666666666667 0.016891891891891893
0 0.41633333333333333 0.7567567567567568 0.009333333333333334 0.01418918918918919
0 0.37866666666666665 0.7108108108108108 0.011666666666666667 0.01891891891891892
0 0.6703333333333333 0.17905405405405406 0.007666666666666666 0.022972972972972974
0 0.8083333333333333 0.7135135135135136 0.015 0.016891891891891893
0 0.995 0.725 0.01 0.01891891891891892
0 0.925 0.2641891891891892 0.011 0.032432432432432434
0 0.9753333333333334 0.22837837837837838 0.019666666666666666 0.02027027027027027