0 0.91625 0.009333333333333334 0.00975 0.018222222222222223
0 0.56125 0.6884444444444444 0.0105 0.01911111111111111
0 0.42525 0.0791111111111111 0.00975 0.027555555555555555
0 0.9155 0.7862222222222223 0.0105 0.014222222222222223
0 0.18975 0.8493333333333334 0.007 0.02266666666666667
0 0.19475 0.5502222222222222 0.00975 0.013333333333333334
0 0.21425 0.7995555555555556 0.0075 0.009333333333333334
0 0.96525 0.5933333333333334 0.01025 0.017333333333333333
0 0.0165 0.7951111111111111 0.011 0.02
0 0.03675 0.5137777777777778 0.01025 0.02
0 0.2385 0.916 0.01075 0.016888888888888887
0 0.261 0.7093333333333334 0.0085 0.016
0 0.14375 0.38266666666666665 0.00775 0.020888888888888887
0 0.3155 0.016444444444444446 0.00975 0.025777777777777778
0 0.97375 0.8168888888888889 0.0105 0.020444444444444446
0 0.4625 0.23733333333333334 0.00775 0.02
0 0.44925 0.9595555555555556 0.0085 0.014222222222222223
0 0.6055 0.148 0.01125 0.024
0 0.22275 0.03422222222222222 0.0095 0.029777777777777778
0 0.74625 0.3626666666666667 0.009 0.015111111111111112
0 0.399 0.8786666666666667 0.00975 0.016
0 0.1555 0.9195555555555556 0.0085 0.018222222222222223
0 0.1405 0.36 0.0095 0.015111111111111112
0 0.58575 0.9635555555555556 0.0115 0.020444444444444446
0 0.01375 0.148 0.0095 0.014222222222222223
0 0.6365 0.4262222222222222 0.0075 0.029777777777777778
0 0.43675 0.8484444444444444 0.0085 0.018222222222222223
0 0.55925 0.5155555555555555 0.00825 0.028888888888888888
0 0.13975 0.17422222222222222 0.01025 0.017333333333333333
0 0.97325 0.1368888888888889 0.01125 0.01911111111111111
0 0.26625 0.3711111111111111 0.009 0.013333333333333334
0 0.58325 0.10177777777777777 0.0095 0.021777777777777778
0 0.471 0.35244444444444445 0.00825 0.014222222222222223
0 0.857 0.7817777777777778 0.0085 0.015111111111111112
0 0.301 0.468 0.00675 0.013333333333333334
0 0.34025 0.5617777777777778 0.01025 0.017333333333333333
0 0.85475 0.3884444444444444 0.01275 0.022222222222222223
0 0.60125 0.3035555555555556 0.0075 0.024888888888888887
0 0.821 0.6035555555555555 0.00825 0.021333333333333333
0 0.396 0.032 0.01175 0.021333333333333333
0 0.0475 0.5293333333333333 0.0115 0.017333333333333333
0 0.787 0.5413333333333333 0.0095 0.020444444444444446
0 0.4545 0.5008888888888889 0.00825 0.029777777777777778
0 0.28525 0.7791111111111111 0.007 0.018222222222222223
0 0.5615 0.8942222222222223 0.009 0.021777777777777778
0 0.5445 0.5004444444444445 0.00775 0.028
0 0.11925 0.8297777777777777 0.01025 0.017333333333333333
0 0.77425 0.43333333333333335 0.014 0.02266666666666667
0 0.5295 0.356 0.00975 0.016444444444444446
0 0.05575 0.4613333333333333 0.00775 0.012888888888888889
0 0.22325 0.632 0.009 0.013333333333333334
0 0.48425 0.25733333333333336 0.00975 0.014222222222222223
0 0.68175 0.5831111111111111 0.00675 0.022222222222222223
0 0.96925 0.6911111111111111 0.0125 0.014222222222222223
0 0.8985 0.8302222222222222 0.01025 0.016888888888888887
0 0.1665 0.5324444444444445 0.01175 0.017333333333333333
0 0.33725 0.7311111111111112 0.00825 0.018222222222222223
0 0.479 0.8253333333333334 0.00775 0.029777777777777778
0 0.97375 0.25066666666666665 0.01075 0.023555555555555555
0 0.2305 0.07644444444444444 0.00775 0.028
0 0.0585 0.16577777777777777 0.0105 0.017333333333333333
0 0.123 0.9324444444444444 0.011 0.015111111111111112
0 0.987 0.6262222222222222 0.00775 0.02266666666666667
0 0.64975 0.26222222222222225 0.0075 0.020444444444444446
0 0.39325 0.8862222222222222 0.00675 0.012
0 0.263 0.3022222222222222 0.0095 0.013333333333333334
0 0.35 0.10133333333333333 0.01425 0.01911111111111111
0 0.60575 0.9448888888888889 0.012 0.015111111111111112
0 0.25425 0.21333333333333335 0.007 0.02
0 0.204 0.30666666666666664 0.00875 0.020888888888888887
0 0.16325 0.028888888888888888 0.007 0.015111111111111112
0 0.7985 0.6831111111111111 0.00625 0.028
0 0.479 0.4191111111111111 0.0085 0.026222222222222223
0 0.1675 0.1537777777777778 0.007 0.025777777777777778
0 0.268 0.7182222222222222 0.0085 0.015111111111111112
0 0.20075 0.07955555555555556 0.011 0.015111111111111112
0 0.33825 0.49733333333333335 0.0085 0.015111111111111112
0 0.59375 0.43333333333333335 0.00775 0.026222222222222223
0 0.496 0.4777777777777778 0.01175 0.020444444444444446
0 0.739 0.33244444444444443 0.00775 0.016444444444444446
0 0.77175 0.6831111111111111 0.00825 0.014222222222222223
0 0.40925 0.29333333333333333 0.014 0.014222222222222223
0 0.25025 0.9333333333333333 0.009 0.021777777777777778
0 0.78675 0.476 0.01075 0.019555555555555555
0 0.913 0.2822222222222222 0.011 0.017333333333333333
0 0.559 0.4097777777777778 0.011 0.014222222222222223
0 0.22975 0.6044444444444445 0.01075 0.020888888888888887
0 0.88475 0.5035555555555555 0.0095 0.018222222222222223
0 0.2505 0.3022222222222222 0.00825 0.013333333333333334
0 0.71 0.5204444444444445 0.01575 0.013777777777777778
0 0.422 0.6728888888888889 0.0145 0.017333333333333333
0 0.033 0.04044444444444444 0.0135 0.012888888888888889
0 0.465 0.8248888888888889 0.00825 0.01911111111111111
0 0.52725 0.428 0.0125 0.016
0 0.29575 0.4888888888888889 0.01275 0.019555555555555555
0 0.5265 0.15422222222222223 0.009 0.024444444444444446
0 0.353 0.6164444444444445 0.013 0.011111111111111112
0 0.562 0.3164444444444444 0.00775 0.021333333333333333
0 0.7715 0.7284444444444444 0.007 0.018222222222222223
0 0.708 0.488 0.013 0.014222222222222223
0 0.80375 0.6271111111111111 0.01525 0.016
0 0.12 0.876 0.011 0.013333333333333334
0 0.47275 0.04577777777777778 0.0105 0.021333333333333333
0 0.0325 0.6928888888888889 0.0085 0.016444444444444446
0 0.89325 0.04 0.00975 0.015111111111111112
0 0.1225 0.9724444444444444 0.00675 0.014222222222222223
0 0.66225 0.6173333333333333 0.00975 0.01911111111111111
0 0.32525 0.4222222222222222 0.013 0.01911111111111111
0 0.7405 0.5551111111111111 0.00975 0.016444444444444446
0 0.021 0.7035555555555556 0.0075 0.020444444444444446
0 0.69475 0.7608888888888888 0.00825 0.020444444444444446
0 0.18 0.18711111111111112 0.007 0.025777777777777778
0 0.472 0.6013333333333334 0.0125 0.012888888888888889
0 0.086 0.7266666666666667 0.00675 0.028444444444444446
0 0.33475 0.23244444444444445 0.00775 0.02
0 0.62375 0.14888888888888888 0.01425 0.016
0 0.9975 0.3982222222222222 0.005 0.024444444444444446
0 0.14825 0.12088888888888889 0.00575 0.016444444444444446
0 0.628 0.6813333333333333 0.0095 0.016
0 0.8485 0.42977777777777776 0.0085 0.028888888888888888
0 0.07725 0.604 0.0085 0.018222222222222223
0 0.872 0.736 0.00675 0.017333333333333333
0 0.96375 0.636 0.00975 0.02
0 0.60425 0.1351111111111111 0.01025 0.02
0 0.23625 0.7431111111111111 0.00675 0.014222222222222223
0 0.25 0.7893333333333333 0.007 0.016
0 0.92875 0.1431111111111111 0.0075 0.026222222222222223
0 0.67725 0.4 0.01125 0.017333333333333333
0 0.55925 0.6404444444444445 0.01025 0.023555555555555555
0 0.74725 0.4991111111111111 0.00625 0.012
0 0.326 0.043555555555555556 0.00825 0.027555555555555555
0 0.26025 0.9235555555555556 0.0075 0.028
0 0.53875 0.9782222222222222 0.00975 0.02
0 0.42375 0.52 0.00825 0.020888888888888887
0 0.98925 0.41688888888888886 0.016 0.012888888888888889
0 0.32325 0.09866666666666667 0.01075 0.021777777777777778
0 0.03375 0.7391111111111112 0.011 0.016
0 0.29075 0.8715555555555555 0.00675 0.025333333333333333
0 0.642 0.8146666666666667 0.0105 0.01911111111111111
0 0.47725 0.5631111111111111 0.01025 0.021333333333333333
0 0.16725 0.8133333333333334 0.0095 0.028444444444444446
0 0.4985 0.24888888888888888 0.011 0.02666666666666667
0 0.43725 0.5888888888888889 0.01125 0.016
0 0.08525 0.9595555555555556 0.00825 0.014222222222222223
0 0.89125 0.03111111111111111 0.00825 0.011111111111111112
0 0.84825 0.004888888888888889 0.00825 0.009333333333333334
0 0.8215 0.5111111111111111 0.01075 0.022222222222222223
0 0.30325 0.448 0.0075 0.02266666666666667
0 0.274 0.36666666666666664 0.01075 0.017777777777777778
0 0.259 0.7484444444444445 0.007 0.012
0 0.76775 0.17644444444444443 0.0135 0.02
0 0.48025 0.38177777777777777 0.011 0.017777777777777778
0 0.487 0.4186666666666667 0.007 0.023555555555555555
0 0.9925 0.7577777777777778 0.01325 0.017333333333333333
0 0.0685 0.556 0.007 0.025777777777777778
0 0.8275 0.6986666666666667 0.01375 0.017777777777777778
0 0.366 0.6231111111111111 0.01275 0.015111111111111112
0 0.8005 0.3075555555555556 0.012 0.020444444444444446
0 0.22225 0.8648888888888889 0.014 0.015111111111111112
0 0.75 0.1471111111111111 0.007 0.02711111111111111
0 0.12425 0.8582222222222222 0.01425 0.012888888888888889
0 0.27225 0.8715555555555555 0.007 0.03244444444444444
0 0.45075 0.7528888888888889 0.007 0.021333333333333333
0 0.7235 0.020888888888888887 0.0135 0.02
0 0.39225 0.8244444444444444 0.01025 0.024888888888888887
0 0.28825 0.17822222222222223 0.007 0.01911111111111111
0 0.89875 0.39155555555555555 0.00775 0.02711111111111111
0 0.10825 0.6395555555555555 0.0165 0.012
0 0.686 0.06844444444444445 0.00875 0.027555555555555555
0 0.566 0.812 0.01225 0.020444444444444446
0 0.54475 0.6684444444444444 0.00825 0.030666666666666665
0 0.32 0.6897777777777778 0.00625 0.02
0 0.8415 0.22177777777777777 0.0105 0.025777777777777778
0 0.67475 0.9924444444444445 0.00975 0.013333333333333334
0 0.38675 0.5777777777777777 0.00825 0.02666666666666667
0 0.219 0.8853333333333333 0.01325 0.017777777777777778
0 0.33975 0.30622222222222223 0.01225 0.013777777777777778
0 0.768 0.768 0.0085 0.014222222222222223
0 0.1495 0.2644444444444444 0.0075 0.025777777777777778
0 0.472 0.7066666666666667 0.01325 0.016
0 0.635 0.7288888888888889 0.01425 0.016
0 0.3845 0.7471111111111111 0.01475 0.012888888888888889
0 0.37925 0.11066666666666666 0.014 0.015111111111111112
0 0.521 0.9773333333333334 0.01275 0.015111111111111112
0 0.105 0.7177777777777777 0.007 0.025777777777777778
0 0.05825 0.6435555555555555 0.00775 0.011111111111111112
0 0.05525 0.3231111111111111 0.012 0.018222222222222223
0 0.6645 0.9764444444444444 0.01175 0.016888888888888887
0 0.28 0.7884444444444444 0.00625 0.01911111111111111
0 0.29875 0.4471111111111111 0.00575 0.026222222222222223
0 0.7525 0.2653333333333333 0.007 0.028444444444444446
0 0.7165 0.3626666666666667 0.0075 0.013333333333333334
0 0.3415 0.052 0.01475 0.013333333333333334
0 0.547 0.8715555555555555 0.0105 0.02311111111111111
0 0.46825 0.372 0.0095 0.015111111111111112
0 0.2475 0.03422222222222222 0.011 0.01911111111111111
0 0.52525 0.7688888888888888 0.01175 0.020444444444444446
0 0.24175 0.1791111111111111 0.00975 0.02666666666666667
0 0.49375 0.9226666666666666 0.01025 0.016888888888888887
0 0.02225 0.5484444444444444 0.0095 0.014222222222222223
0 0.11575 0.03333333333333333 0.01175 0.013777777777777778
0 0.7805 0.6786666666666666 0.0055 0.012
0 0.889 0.5693333333333334 0.014 0.018222222222222223
0 0.649 0.23733333333333334 0.0075 0.024444444444444446
0 0.2935 0.6493333333333333 0.01225 0.015111111111111112
0 0.487 0.9862222222222222 0.0095 0.02
0 0.2235 0.5862222222222222 0.008 0.018666666666666668
0 0.39675 0.4431111111111111 0.01625 0.014222222222222223
0 0.599 0.21155555555555555 0.01375 0.017777777777777778
0 0.343 0.284 0.0125 0.015111111111111112
0 0.2165 0.6226666666666667 0.008 0.02266666666666667
0 0.99725 0.45111111111111113 0.0055 0.016444444444444446
0 0.37875 0.9817777777777777 0.00825 0.024888888888888887
0 0.0605 0.4528888888888889 0.01025 0.015111111111111112
0 0.6725 0.8795555555555555 0.01225 0.017333333333333333
0 0.75075 0.48088888888888887 0.00925 0.02266666666666667
0 0.077 0.4431111111111111 0.0115 0.015111111111111112
0 0.81875 0.7328888888888889 0.01325 0.012888888888888889
0 0.59275 0.9777777777777777 0.00875 0.019555555555555555
0 0.42925 0.8573333333333333 0.01275 0.012888888888888889
0 0.3845 0.4097777777777778 0.01825 0.015111111111111112
0 0.74175 0.37822222222222224 0.0125 0.015111111111111112
0 0.20975 0.924 0.00625 0.028
0 0.78625 0.6213333333333333 0.008 0.030666666666666665
0 0.3085 0.029333333333333333 0.011 0.013777777777777778
0 0.35 0.0071111111111111115 0.01025 0.014222222222222223
0 0.4115 0.08533333333333333 0.00875 0.026222222222222223
0 0.42325 0.14844444444444443 0.00975 0.013333333333333334
0 0.4465 0.17066666666666666 0.00625 0.024888888888888887
0 0.463 0.14 0.01025 0.023555555555555555
0 0.471 0.1448888888888889 0.01025 0.014666666666666666
0 0.32125 0.11288888888888889 0.006 0.023555555555555555
0 0.31925 0.08088888888888889 0.01375 0.015555555555555555
0 0.48375 0.06711111111111111 0.0085 0.025333333333333333
0 0.4935 0.052444444444444446 0.006 0.023555555555555555
0 0.50275 0.064 0.00925 0.018222222222222223
0 0.50575 0.08 0.01 0.01911111111111111
0 0.24025 0.006222222222222222 0.015 0.012444444444444444
0 0.3085 0.14 0.008 0.028888888888888888
0 0.2265 0.10977777777777778 0.0125 0.015555555555555555
0 0.181 0.11377777777777778 0.01425 0.012444444444444444
0 0.18325 0.12444444444444444 0.01475 0.012444444444444444
0 0.1555 0.07555555555555556 0.00825 0.026222222222222223
0 0.13325 0.034666666666666665 0.0085 0.027555555555555555
0 0.16 0.014222222222222223 0.012 0.011555555555555555
0 0.0185 0.01911111111111111 0.015 0.012888888888888889
0 0.11625 0.04844444444444444 0.01075 0.013333333333333334
0 0.136 0.10044444444444445 0.0105 0.025777777777777778
0 0.138 0.12355555555555556 0.0125 0.024444444444444446
0 0.08875 0.11377777777777778 0.0155 0.019555555555555555
0 0.08925 0.13377777777777777 0.0085 0.025333333333333333
0 0.0385 0.11511111111111111 0.00925 0.024444444444444446
0 0.032 0.14133333333333334 0.008 0.02266666666666667
0 0.063 0.18755555555555556 0.0085 0.028444444444444446
0 0.0855 0.212 0.008 0.024444444444444446
0 0.10425 0.2248888888888889 0.0165 0.016444444444444446
0 0.12125 0.252 0.014 0.014666666666666666
0 0.0395 0.24977777777777777 0.01425 0.014222222222222223
0 0.04175 0.2702222222222222 0.00875 0.025777777777777778
0 0.04875 0.2813333333333333 0.00975 0.021777777777777778
0 0.003 0.30577777777777776 0.00575 0.016
0 0.0885 0.3035555555555556 0.007 0.025333333333333333
0 0.173 0.28844444444444445 0.00775 0.027555555555555555
0 0.222 0.1831111111111111 0.01575 0.016
0 0.19275 0.24177777777777779 0.008 0.02266666666666667
0 0.226 0.224 0.01425 0.012888888888888889
0 0.239 0.2946666666666667 0.01425 0.015111111111111112
0 0.25675 0.18533333333333332 0.00875 0.02
0 0.27875 0.1831111111111111 0.01175 0.013777777777777778
0 0.367 0.3008888888888889 0.00775 0.02711111111111111
0 0.46775 0.27644444444444444 0.00875 0.028888888888888888
0 0.4915 0.24177777777777779 0.00825 0.025333333333333333
0 0.12225 0.3457777777777778 0.01225 0.018222222222222223
0 0.0255 0.35777777777777775 0.0125 0.018666666666666668
0 0.0625 0.36533333333333334 0.01525 0.017333333333333333
0 0.01575 0.3844444444444444 0.0075 0.021333333333333333
0 0.02075 0.3937777777777778 0.00825 0.025777777777777778
0 0.04525 0.37866666666666665 0.012 0.015111111111111112
0 0.0595 0.38355555555555554 0.0075 0.021333333333333333
0 0.0545 0.38666666666666666 0.01275 0.013333333333333334
0 0.05775 0.39955555555555555 0.012 0.012888888888888889
0 0.0795 0.4137777777777778 0.013 0.013333333333333334
0 0.0975 0.448 0.009 0.020444444444444446
0 0.09525 0.4582222222222222 0.0105 0.011555555555555555
0 0.059 0.44266666666666665 0.01275 0.013333333333333334
0 0.00375 0.44622222222222224 0.0075 0.024
0 0.013 0.5168888888888888 0.01 0.025777777777777778
0 0.01025 0.5346666666666666 0.01225 0.014666666666666666
0 0.03575 0.5542222222222222 0.01375 0.015555555555555555
0 0.049 0.5053333333333333 0.014 0.016
0 0.0595 0.5862222222222222 0.014 0.018666666666666668
0 0.045 0.5915555555555555 0.0115 0.024
0 0.02775 0.6453333333333333 0.008 0.017333333333333333
0 0.1095 0.6075555555555555 0.01075 0.013777777777777778
0 0.14425 0.5871111111111111 0.01275 0.011555555555555555
0 0.168 0.6182222222222222 0.0075 0.02666666666666667
0 0.17525 0.3591111111111111 0.00875 0.019555555555555555
0 0.17925 0.4066666666666667 0.0085 0.025333333333333333
0 0.23275 0.46044444444444443 0.0135 0.016
0 0.22575 0.48133333333333334 0.00825 0.025333333333333333
0 0.1745 0.48044444444444445 0.01275 0.013777777777777778
0 0.2705 0.4097777777777778 0.006 0.02666666666666667
0 0.274 0.3937777777777778 0.007 0.018222222222222223
0 0.31025 0.39911111111111114 0.00825 0.030666666666666665
0 0.232 0.5822222222222222 0.011 0.017333333333333333
0 0.27475 0.6417777777777778 0.01375 0.017777777777777778
0 0.31775 0.6151111111111112 0.007 0.028
0 0.01875 0.5608888888888889 0.0105 0.016888888888888887
0 0.01225 0.6653333333333333 0.01025 0.018222222222222223
0 0.0135 0.6844444444444444 0.0085 0.019555555555555555
0 0.01375 0.7022222222222222 0.00775 0.019555555555555555
0 0.04 0.6791111111111111 0.01325 0.014222222222222223
0 0.05225 0.6808888888888889 0.01125 0.012444444444444444
0 0.05 0.6906666666666667 0.0145 0.012444444444444444
0 0.0055 0.7897777777777778 0.0075 0.02666666666666667
0 0.1065 0.6955555555555556 0.0055 0.024
0 0.13725 0.7053333333333334 0.00725 0.028888888888888888
0 0.14325 0.7 0.00725 0.029333333333333333
0 0.18675 0.696 0.01275 0.02311111111111111
0 0.12525 0.8488888888888889 0.00925 0.020444444444444446
0 0.1245 0.956 0.006 0.024888888888888887
0 0.12975 0.9715555555555555 0.00675 0.02666666666666667
0 0.16825 0.9728888888888889 0.014 0.012
0 0.1845 0.8728888888888889 0.00575 0.02311111111111111
0 0.1865 0.8404444444444444 0.00725 0.02666666666666667
0 0.278 0.8093333333333333 0.0095 0.029333333333333333
0 0.3 0.8262222222222222 0.008 0.028888888888888888
0 0.311 0.8506666666666667 0.00775 0.025333333333333333
0 0.282 0.8533333333333334 0.01125 0.016444444444444446
0 0.26875 0.7395555555555555 0.0095 0.024888888888888887
0 0.30175 0.7444444444444445 0.006 0.024444444444444446
0 0.2435 0.7466666666666667 0.01075 0.021777777777777778
0 0.34825 0.8293333333333334 0.01 0.025777777777777778
0 0.371 0.7657777777777778 0.0075 0.029333333333333333
0 0.343 0.688 0.00975 0.012444444444444444
0 0.35025 0.6942222222222222 0.0125 0.013777777777777778
0 0.3455 0.7084444444444444 0.00825 0.02266666666666667
0 0.4345 0.7982222222222223 0.009 0.021777777777777778
0 0.42625 0.8124444444444444 0.01325 0.013777777777777778
0 0.4565 0.892 0.01125 0.016444444444444446
0 0.381 0.8884444444444445 0.00725 0.032
0 0.4155 0.9551111111111111 0.012 0.019555555555555555
0 0.3985 0.968 0.01025 0.02711111111111111
0 0.498 0.3426666666666667 0.00625 0.026222222222222223
0 0.48125 0.36 0.01175 0.02266666666666667
0 0.35275 0.45422222222222225 0.0155 0.016444444444444446
0 0.39525 0.5071111111111111 0.009 0.015555555555555555
0 0.38475 0.5186666666666667 0.009 0.013777777777777778
0 0.397 0.5195555555555555 0.0135 0.015111111111111112
0 0.38375 0.5342222222222223 0.00825 0.017333333333333333
0 0.33775 0.5444444444444444 0.00975 0.016444444444444446
0 0.346 0.5493333333333333 0.00775 0.020444444444444446
0 0.3355 0.5515555555555556 0.00875 0.020888888888888887
0 0.3625 0.5613333333333334 0.0155 0.013777777777777778
0 0.34325 0.5937777777777777 0.01275 0.021333333333333333
0 0.38 0.5991111111111111 0.007 0.025777777777777778
0 0.4295 0.5848888888888889 0.0065 0.021333333333333333
0 0.4715 0.5804444444444444 0.01575 0.013777777777777778
0 0.53975 0.028888888888888888 0.01325 0.018222222222222223
0 0.5755 0.05333333333333334 0.0065 0.030222222222222223
0 0.601 0.044444444444444446 0.01 0.02711111111111111
0 0.61025 0.06755555555555555 0.008 0.028
0 0.537 0.06177777777777778 0.01025 0.024444444444444446
0 0.56225 0.11555555555555555 0.01375 0.017333333333333333
0 0.56775 0.2071111111111111 0.0095 0.029333333333333333
0 0.594 0.1942222222222222 0.01575 0.012444444444444444
0 0.54075 0.19822222222222222 0.01325 0.011555555555555555
0 0.618 0.3071111111111111 0.0105 0.024888888888888887
0 0.67775 0.10266666666666667 0.0095 0.02311111111111111
0 0.68975 0.1288888888888889 0.014 0.017333333333333333
0 0.696 0.15955555555555556 0.01325 0.014222222222222223
0 0.742 0.07733333333333334 0.01025 0.015111111111111112
0 0.75025 0.08977777777777778 0.00775 0.02
0 0.7515 0.10488888888888889 0.0165 0.012444444444444444
0 0.77 0.06755555555555555 0.008 0.029777777777777778
0 0.78725 0.11066666666666666 0.01425 0.017333333333333333
0 0.79175 0.1302222222222222 0.008 0.022222222222222223
0 0.76325 0.23866666666666667 0.008 0.027555555555555555
0 0.78125 0.24355555555555555 0.0085 0.028444444444444446
0 0.799 0.28 0.00725 0.028444444444444446
0 0.7095 0.28933333333333333 0.01375 0.018222222222222223
0 0.701 0.2937777777777778 0.00725 0.03333333333333333
0 0.69425 0.29777777777777775 0.008 0.024444444444444446
0 0.8835 0.12844444444444444 0.01275 0.016444444444444446
0 0.9255 0.08844444444444445 0.00925 0.025333333333333333
0 0.95175 0.09066666666666667 0.0165 0.015111111111111112
0 0.96375 0.08088888888888889 0.0145 0.013333333333333334
0 0.98025 0.08266666666666667 0.0145 0.012888888888888889
0 0.95975 0.11333333333333333 0.01475 0.016888888888888887
0 0.94025 0.14666666666666667 0.01325 0.012888888888888889
0 0.996 0.20266666666666666 0.008 0.018666666666666668
0 0.85 0.2262222222222222 0.0125 0.011555555555555555
0 0.8305 0.24444444444444444 0.0145 0.013777777777777778
0 0.85825 0.2897777777777778 0.00825 0.030222222222222223
0 0.882 0.31377777777777777 0.00775 0.029777777777777778
0 0.89 0.32355555555555554 0.01125 0.015111111111111112
0 0.8755 0.3204444444444444 0.01175 0.019555555555555555
0 0.8415 0.30933333333333335 0.013 0.015555555555555555
0 0.69775 0.4191111111111111 0.0115 0.025777777777777778
0 0.6805 0.4231111111111111 0.01175 0.017777777777777778
0 0.786 0.4573333333333333 0.008 0.022222222222222223
0 0.8155 0.48044444444444445 0.0145 0.016444444444444446
0 0.7535 0.49955555555555553 0.01 0.018222222222222223
0 0.75975 0.5346666666666666 0.011 0.02
0 0.7325 0.604 0.009 0.021333333333333333
0 0.6775 0.5866666666666667 0.00825 0.020888888888888887
0 0.67125 0.6031111111111112 0.0145 0.021333333333333333
0 0.76725 0.6377777777777778 0.00775 0.025777777777777778
0 0.8525 0.6671111111111111 0.00925 0.02711111111111111
0 0.88725 0.5142222222222222 0.01375 0.020444444444444446
0 0.963 0.5426666666666666 0.014 0.014222222222222223
0 0.8685 0.38266666666666665 0.012 0.017333333333333333
0 0.893 0.4093333333333333 0.011 0.02266666666666667
0 0.5375 0.3431111111111111 0.00975 0.012444444444444444
0 0.537 0.36177777777777775 0.00675 0.026222222222222223
0 0.55075 0.38177777777777777 0.0055 0.028444444444444446
0 0.5135 0.39111111111111113 0.0125 0.023555555555555555
0 0.51525 0.4235555555555556 0.00775 0.028888888888888888
0 0.60925 0.4146666666666667 0.01225 0.012444444444444444
0 0.6125 0.43244444444444446 0.0065 0.02266666666666667
0 0.6255 0.4431111111111111 0.00725 0.02266666666666667
0 0.6195 0.4484444444444444 0.0095 0.019555555555555555
0 0.51025 0.516 0.00775 0.029333333333333333
0 0.52 0.5471111111111111 0.0135 0.012888888888888889
0 0.539 0.5648888888888889 0.0135 0.016888888888888887
0 0.703 0.5955555555555555 0.00925 0.024444444444444446
0 0.752 0.6973333333333334 0.0165 0.013333333333333334
0 0.77725 0.7008888888888889 0.01525 0.012888888888888889
0 0.65975 0.7097777777777777 0.01375 0.012888888888888889
0 0.5775 0.8324444444444444 0.01275 0.014222222222222223
0 0.62775 0.7533333333333333 0.0105 0.020888888888888887
0 0.63725 0.7555555555555555 0.0135 0.018666666666666668
0 0.65525 0.7657777777777778 0.01 0.024
0 0.6755 0.7733333333333333 0.00875 0.027555555555555555
0 0.68225 0.7422222222222222 0.01575 0.014222222222222223
0 0.70275 0.7617777777777778 0.008 0.026222222222222223
0 0.5715 0.956 0.01425 0.021333333333333333
0 0.65575 0.9884444444444445 0.0095 0.010666666666666666
0 0.6655 0.9942222222222222 0.0095 0.011111111111111112
0 0.686 0.864 0.012 0.016444444444444446
0 0.7105 0.9871111111111112 0.00725 0.023555555555555555
0 0.75425 0.924 0.011 0.03288888888888889
0 0.7575 0.9862222222222222 0.01175 0.013333333333333334
0 0.82575 0.9742222222222222 0.0145 0.014666666666666666
0 0.763 0.7751111111111111 0.00725 0.020444444444444446
0 0.773 0.7853333333333333 0.0115 0.02666666666666667
0 0.889 0.6826666666666666 0.0075 0.023555555555555555
0 0.9135 0.6982222222222222 0.0145 0.015111111111111112
0 0.9935 0.7986666666666666 0.01275 0.015111111111111112
0 0.934 0.8102222222222222 0.0075 0.029333333333333333
0 0.9085 0.9608888888888889 0.01125 0.028888888888888888
0 0.92475 0.9417777777777778 0.007 0.025777777777777778
0 0.933 0.9546666666666667 0.0085 0.026222222222222223
0 0.92225 0.9946666666666667 0.01275 0.010222222222222223
0 0.899 0.8693333333333333 0.01 0.02666666666666667
0 0.82825 0.36177777777777775 0.0095 0.026222222222222223