0 0.565 0.04088888888888889 0.01225 0.016888888888888887
0 0.522 0.04755555555555555 0.01175 0.025333333333333333
0 0.559 0.08044444444444444 0.00975 0.02666666666666667
0 0.61375 0.08577777777777777 0.009 0.027555555555555555
0 0.5845 0.10222222222222223 0.009 0.018666666666666668
0 0.60025 0.12533333333333332 0.01525 0.017777777777777778
0 0.52425 0.11688888888888889 0.0135 0.020888888888888887
0 0.606 0.15022222222222223 0.01325 0.02
0 0.55725 0.15555555555555556 0.011 0.018666666666666668
0 0.569 0.17466666666666666 0.00925 0.016888888888888887
0 0.56125 0.168 0.00925 0.013777777777777778
0 0.55225 0.17955555555555555 0.006 0.02666666666666667
0 0.559 0.18044444444444444 0.00975 0.016444444444444446
0 0.54975 0.19555555555555557 0.00875 0.02
0 0.549 0.216 0.01025 0.025333333333333333
0 0.56325 0.23866666666666667 0.01125 0.01911111111111111
0 0.65925 0.20755555555555555 0.00925 0.025777777777777778
0 0.6245 0.21822222222222223 0.007 0.024888888888888887
0 0.505 0.16977777777777778 0.008 0.022222222222222223
0 0.6615 0.2457777777777778 0.00975 0.013333333333333334
0 0.65725 0.2528888888888889 0.009 0.012444444444444444
0 0.65125 0.2551111111111111 0.01075 0.017777777777777778
0 0.6355 0.2511111111111111 0.01275 0.012
0 0.6395 0.28755555555555556 0.0125 0.018222222222222223
0 0.6515 0.28888888888888886 0.0125 0.013333333333333334
0 0.66125 0.30266666666666664 0.01025 0.016
0 0.64975 0.30622222222222223 0.0065 0.02266666666666667
0 0.6445 0.32222222222222224 0.007 0.025777777777777778
0 0.62825 0.3217777777777778 0.01275 0.011555555555555555
0 0.56825 0.3 0.0085 0.025333333333333333
0 0.541 0.316 0.0165 0.015111111111111112
0 0.5145 0.31155555555555553 0.00975 0.016
0 0.495 0.2906666666666667 0.01225 0.016444444444444446
0 0.68425 0.21066666666666667 0.0095 0.017777777777777778
0 0.756 0.256 0.00975 0.024
0 0.77475 0.2813333333333333 0.01 0.02266666666666667
0 0.82625 0.29777777777777775 0.0085 0.018222222222222223
0 0.8555 0.31777777777777777 0.0095 0.023555555555555555
0 0.6965 0.3217777777777778 0.00775 0.016888888888888887
0 0.6975 0.35288888888888886 0.01075 0.02
0 0.658 0.3457777777777778 0.0105 0.02266666666666667
0 0.65775 0.36444444444444446 0.01225 0.015555555555555555
0 0.69525 0.18933333333333333 0.013 0.014666666666666666
0 0.74775 0.2862222222222222 0.00775 0.024888888888888887
0 0.74875 0.356 0.0145 0.013777777777777778
0 0.736 0.37333333333333335 0.01225 0.018666666666666668
0 0.7865 0.33511111111111114 0.00875 0.021777777777777778
0 0.779 0.3462222222222222 0.01225 0.013777777777777778
0 0.785 0.35288888888888886 0.009 0.02
0 0.8525 0.35333333333333333 0.00825 0.027555555555555555
0 0.9065 0.36133333333333334 0.00775 0.016888888888888887
0 0.903 0.3937777777777778 0.0075 0.027555555555555555
0 0.86625 0.37733333333333335 0.00525 0.016888888888888887
0 0.87125 0.38711111111111113 0.01475 0.016888888888888887
0 0.868 0.43422222222222223 0.014 0.016444444444444446
0 0.877 0.44622222222222224 0.0055 0.021333333333333333
0 0.888 0.46755555555555556 0.00925 0.028888888888888888
0 0.79225 0.4048888888888889 0.01175 0.019555555555555555
0 0.7735 0.43422222222222223 0.01625 0.014222222222222223
0 0.7305 0.42444444444444446 0.01325 0.019555555555555555
0 0.6915 0.42177777777777775 0.01325 0.016888888888888887
0 0.7335 0.4746666666666667 0.0085 0.023555555555555555
0 0.7725 0.47688888888888886 0.01225 0.015555555555555555
0 0.77825 0.49244444444444446 0.007 0.024444444444444446
0 0.7865 0.4471111111111111 0.01375 0.015555555555555555
0 0.8075 0.4622222222222222 0.01175 0.013333333333333334
0 0.814 0.4728888888888889 0.01325 0.017777777777777778
0 0.82925 0.4871111111111111 0.0135 0.020888888888888887
0 0.84425 0.4791111111111111 0.01125 0.017333333333333333
0 0.83925 0.49333333333333335 0.01175 0.020888888888888887
0 0.8455 0.5008888888888889 0.00775 0.021333333333333333
0 0.85625 0.4875555555555556 0.00925 0.02
0 0.86425 0.48444444444444446 0.00925 0.020444444444444446
0 0.87025 0.5048888888888889 0.01175 0.014666666666666666
0 0.87425 0.5226666666666666 0.006 0.025333333333333333
0 0.87225 0.5466666666666666 0.009 0.028888888888888888
0 0.8765 0.5808888888888889 0.0125 0.017777777777777778
0 0.879 0.6128888888888889 0.0115 0.012888888888888889
0 0.93125 0.47555555555555556 0.0145 0.02266666666666667
0 0.9595 0.484 0.01425 0.017333333333333333
0 0.988 0.5057777777777778 0.008 0.023555555555555555
0 0.99475 0.5453333333333333 0.0105 0.01911111111111111
0 0.975 0.5466666666666666 0.01225 0.018666666666666668
0 0.96575 0.544 0.0075 0.020444444444444446
0 0.93375 0.564 0.0165 0.013777777777777778
0 0.93775 0.6044444444444445 0.01375 0.018222222222222223
0 0.90025 0.6471111111111111 0.013 0.019555555555555555
0 0.88225 0.6324444444444445 0.011 0.019555555555555555
0 0.86825 0.6422222222222222 0.01225 0.019555555555555555
0 0.9955 0.5977777777777777 0.009 0.020444444444444446
0 0.98075 0.6071111111111112 0.01525 0.016444444444444446
0 0.977 0.6431111111111111 0.01325 0.021333333333333333
0 0.84075 0.6217777777777778 0.01225 0.015555555555555555
0 0.8395 0.5404444444444444 0.00975 0.01911111111111111
0 0.8185 0.5377777777777778 0.01275 0.013333333333333334
0 0.8015 0.5217777777777778 0.009 0.020888888888888887
0 0.79625 0.5333333333333333 0.00875 0.017333333333333333
0 0.805 0.552 0.00925 0.022222222222222223
0 0.792 0.5408888888888889 0.0085 0.024444444444444446
0 0.77975 0.5524444444444444 0.00725 0.025333333333333333
0 0.776 0.5551111111111111 0.00525 0.023555555555555555
0 0.76875 0.5417777777777778 0.00875 0.02666666666666667
0 0.75925 0.552 0.007 0.024444444444444446
0 0.7415 0.5533333333333333 0.0085 0.024888888888888887
0 0.71625 0.5351111111111111 0.01375 0.012444444444444444
0 0.68425 0.5302222222222223 0.0115 0.016
0 0.677 0.4048888888888889 0.01125 0.02266666666666667
0 0.7555 0.5888888888888889 0.00725 0.023555555555555555
0 0.825 0.5546666666666666 0.01075 0.014666666666666666
0 0.823 0.568 0.01375 0.014222222222222223
0 0.8275 0.5973333333333334 0.01425 0.026222222222222223
0 0.68825 0.6346666666666667 0.0075 0.021333333333333333
0 0.6505 0.41733333333333333 0.0085 0.029777777777777778
0 0.65675 0.4537777777777778 0.007 0.028444444444444446
0 0.63875 0.44177777777777777 0.01025 0.016888888888888887
0 0.6265 0.43733333333333335 0.015 0.017777777777777778
0 0.62925 0.4528888888888889 0.0125 0.014222222222222223
0 0.6335 0.4657777777777778 0.013 0.012888888888888889
0 0.63925 0.4786666666666667 0.0135 0.012444444444444444
0 0.61825 0.4688888888888889 0.01275 0.013333333333333334
0 0.602 0.49377777777777776 0.00975 0.028444444444444446
0 0.592 0.5057777777777778 0.01125 0.020444444444444446
0 0.56375 0.5124444444444445 0.00775 0.02666666666666667
0 0.53525 0.46844444444444444 0.006 0.02711111111111111
0 0.52175 0.4968888888888889 0.008 0.029333333333333333
0 0.6095 0.5315555555555556 0.01525 0.013777777777777778
0 0.575 0.5493333333333333 0.00525 0.027555555555555555
0 0.581 0.564 0.011 0.017777777777777778
0 0.5705 0.5693333333333334 0.00925 0.017333333333333333
0 0.61625 0.5488888888888889 0.0135 0.013777777777777778
0 0.6275 0.5857777777777777 0.0125 0.013777777777777778
0 0.6075 0.5835555555555556 0.00975 0.022222222222222223
0 0.5805 0.6488888888888888 0.0135 0.011555555555555555
0 0.5895 0.6644444444444444 0.00725 0.02266666666666667
0 0.65175 0.6555555555555556 0.00675 0.028888888888888888
0 0.9045 0.6822222222222222 0.0165 0.017333333333333333
0 0.856 0.6946666666666667 0.009 0.020444444444444446
0 0.992 0.7208888888888889 0.0115 0.022222222222222223
0 0.9645 0.7377777777777778 0.00925 0.028444444444444446
0 0.936 0.764 0.0095 0.028888888888888888
0 0.88775 0.7577777777777778 0.008 0.03111111111111111
0 0.87125 0.756 0.01225 0.016444444444444446
0 0.86475 0.7724444444444445 0.00925 0.02
0 0.9615 0.7857777777777778 0.01375 0.019555555555555555
0 0.99375 0.8368888888888889 0.01175 0.015111111111111112
0 0.9505 0.8573333333333333 0.009 0.020444444444444446
0 0.93975 0.872 0.016 0.014666666666666666
0 0.92025 0.8368888888888889 0.014 0.013777777777777778
0 0.875 0.8248888888888889 0.00675 0.029333333333333333
0 0.8645 0.832 0.01275 0.018666666666666668
0 0.85625 0.8062222222222222 0.00775 0.024444444444444446
0 0.84675 0.8506666666666667 0.0095 0.02311111111111111
0 0.90025 0.8875555555555555 0.0115 0.015111111111111112
0 0.977 0.8946666666666667 0.0095 0.015111111111111112
0 0.96975 0.9048888888888889 0.0105 0.012
0 0.879 0.9631111111111111 0.01275 0.016
0 0.8635 0.94 0.01325 0.013333333333333334
0 0.862 0.9604444444444444 0.0145 0.014222222222222223
0 0.85 0.9844444444444445 0.0075 0.024888888888888887
0 0.8305 0.9302222222222222 0.01125 0.013777777777777778
0 0.8265 0.9026666666666666 0.01 0.015111111111111112
0 0.815 0.9008888888888889 0.0065 0.029333333333333333
0 0.81275 0.956 0.0135 0.015111111111111112
0 0.819 0.8502222222222222 0.01175 0.016444444444444446
0 0.80575 0.8408888888888889 0.01325 0.016
0 0.7895 0.8053333333333333 0.0065 0.024444444444444446
0 0.78375 0.7915555555555556 0.011 0.022222222222222223
0 0.795 0.7604444444444445 0.006 0.021777777777777778
0 0.81425 0.7075555555555556 0.00875 0.024
0 0.793 0.6942222222222222 0.0085 0.021333333333333333
0 0.754 0.7337777777777778 0.01 0.02266666666666667
0 0.7205 0.7093333333333334 0.01275 0.012888888888888889
0 0.708 0.6933333333333334 0.009 0.015555555555555555
0 0.722 0.7431111111111111 0.0085 0.02311111111111111
0 0.74625 0.7684444444444445 0.0075 0.024888888888888887
0 0.757 0.7773333333333333 0.0075 0.03333333333333333
0 0.754 0.7982222222222223 0.0175 0.014222222222222223
0 0.755 0.8111111111111111 0.0115 0.017777777777777778
0 0.6865 0.7951111111111111 0.0165 0.016444444444444446
0 0.7685 0.8915555555555555 0.012 0.016
0 0.76 0.8862222222222222 0.01025 0.012444444444444444
0 0.74675 0.8626666666666667 0.00925 0.03111111111111111
0 0.6895 0.8951111111111111 0.008 0.02711111111111111
0 0.77575 0.9404444444444444 0.01075 0.020444444444444446
0 0.764 0.9653333333333334 0.015 0.018666666666666668
0 0.73425 0.9471111111111111 0.0135 0.014666666666666666
0 0.7265 0.9364444444444444 0.011 0.019555555555555555
0 0.7215 0.9711111111111111 0.00625 0.025333333333333333
0 0.695 0.9884444444444445 0.007 0.02311111111111111
0 0.64975 0.7008888888888889 0.00775 0.021333333333333333
0 0.65625 0.7453333333333333 0.00725 0.03155555555555556
0 0.63375 0.7515555555555555 0.0115 0.019555555555555555
0 0.58675 0.7013333333333334 0.01375 0.015555555555555555
0 0.5545 0.7217777777777777 0.0085 0.025333333333333333
0 0.532 0.7582222222222222 0.00775 0.029333333333333333
0 0.52675 0.7848888888888889 0.0105 0.021333333333333333
0 0.535 0.7995555555555556 0.00575 0.020444444444444446
0 0.61775 0.7911111111111111 0.0105 0.012444444444444444
0 0.59175 0.7982222222222223 0.0095 0.012444444444444444
0 0.51225 0.8106666666666666 0.01375 0.015555555555555555
0 0.51775 0.8297777777777777 0.01425 0.016
0 0.5605 0.8297777777777777 0.011 0.013777777777777778
0 0.5525 0.8346666666666667 0.0065 0.02666666666666667
0 0.641 0.832 0.00675 0.025333333333333333
0 0.6195 0.8351111111111111 0.00975 0.027555555555555555
0 0.613 0.8675555555555555 0.01425 0.020444444444444446
0 0.52975 0.8911111111111111 0.01 0.016888888888888887
0 0.515 0.8711111111111111 0.01275 0.014666666666666666
0 0.505 0.8697777777777778 0.0085 0.026222222222222223
0 0.51475 0.9417777777777778 0.01025 0.017333333333333333
0 0.56075 0.9777777777777777 0.00775 0.025777777777777778
0 0.5675 0.9915555555555555 0.0145 0.013777777777777778
0 0.525 0.9711111111111111 0.007 0.028888888888888888
0 0.5185 0.9942222222222222 0.01425 0.011555555555555555
0 0.6575 0.9782222222222222 0.0085 0.016
0 0.6645 0.9751111111111112 0.00725 0.024
0 0.46225 0.029777777777777778 0.0125 0.013333333333333334
0 0.4025 0.04488888888888889 0.00675 0.02711111111111111
0 0.48525 0.08755555555555555 0.0145 0.014222222222222223
0 0.44475 0.11422222222222222 0.00975 0.014222222222222223
0 0.38525 0.07555555555555556 0.0055 0.02666666666666667
0 0.3785 0.0768888888888889 0.0075 0.014222222222222223
0 0.35925 0.0951111111111111 0.01075 0.02
0 0.349 0.07644444444444444 0.0085 0.02666666666666667
0 0.3505 0.05644444444444444 0.00675 0.017333333333333333
0 0.36275 0.12711111111111112 0.0075 0.021777777777777778
0 0.431 0.11822222222222223 0.0075 0.022222222222222223
0 0.44675 0.1497777777777778 0.00825 0.025777777777777778
0 0.49175 0.156 0.0075 0.019555555555555555
0 0.4825 0.17066666666666666 0.0125 0.014666666666666666
0 0.47 0.19111111111111112 0.00875 0.025777777777777778
0 0.3995 0.17377777777777778 0.011 0.020444444444444446
0 0.3955 0.19066666666666668 0.01375 0.017333333333333333
0 0.396 0.20577777777777778 0.00925 0.01911111111111111
0 0.356 0.2262222222222222 0.0065 0.029777777777777778
0 0.346 0.2391111111111111 0.01225 0.012444444444444444
0 0.35025 0.24755555555555556 0.0125 0.016444444444444446
0 0.34725 0.2617777777777778 0.01325 0.013777777777777778
0 0.44375 0.2391111111111111 0.0075 0.02711111111111111
0 0.424 0.25066666666666665 0.01 0.02266666666666667
0 0.3805 0.2653333333333333 0.014 0.018666666666666668
0 0.37075 0.2866666666666667 0.0075 0.025333333333333333
0 0.486 0.21777777777777776 0.0085 0.027555555555555555
0 0.48 0.26 0.00675 0.01911111111111111
0 0.47775 0.28044444444444444 0.00875 0.021777777777777778
0 0.46725 0.2871111111111111 0.0065 0.02266666666666667
0 0.447 0.26311111111111113 0.007 0.024
0 0.41325 0.30533333333333335 0.008 0.020444444444444446
0 0.39575 0.2982222222222222 0.01125 0.012444444444444444
0 0.39075 0.31244444444444447 0.00625 0.020444444444444446
0 0.414 0.31777777777777777 0.01225 0.014222222222222223
0 0.3245 0.044 0.00675 0.023555555555555555
0 0.2915 0.02311111111111111 0.0065 0.025777777777777778
0 0.2685 0.023555555555555555 0.0075 0.021333333333333333
0 0.36425 0.07644444444444444 0.00625 0.020888888888888887
0 0.33425 0.11377777777777778 0.01325 0.016888888888888887
0 0.3425 0.13866666666666666 0.00825 0.028888888888888888
0 0.334 0.1408888888888889 0.00875 0.027555555555555555
0 0.324 0.15288888888888888 0.0085 0.012888888888888889
0 0.31425 0.15644444444444444 0.01075 0.014666666666666666
0 0.32775 0.1351111111111111 0.009 0.017777777777777778
0 0.33075 0.15955555555555556 0.008 0.017777777777777778
0 0.32225 0.16666666666666666 0.00925 0.013333333333333334
0 0.335 0.17733333333333334 0.00775 0.018222222222222223
0 0.309 0.1711111111111111 0.01125 0.012888888888888889
0 0.3155 0.17155555555555554 0.00625 0.021777777777777778
0 0.26 0.052 0.01025 0.014222222222222223
0 0.22375 0.03244444444444444 0.008 0.02266666666666667
0 0.216 0.020444444444444446 0.0075 0.020444444444444446
0 0.199 0.008444444444444444 0.00825 0.016888888888888887
0 0.21625 0.04 0.00725 0.020888888888888887
0 0.20825 0.034666666666666665 0.01 0.015555555555555555
0 0.20825 0.05511111111111111 0.0085 0.016888888888888887
0 0.218 0.07733333333333334 0.01225 0.013333333333333334
0 0.24925 0.1711111111111111 0.01125 0.012888888888888889
0 0.22175 0.1448888888888889 0.00875 0.017333333333333333
0 0.2115 0.1471111111111111 0.01 0.012444444444444444
0 0.21625 0.15955555555555556 0.015 0.013777777777777778
0 0.2085 0.18222222222222223 0.009 0.013777777777777778
0 0.2755 0.20755555555555555 0.01425 0.016888888888888887
0 0.24325 0.21511111111111111 0.0105 0.017777777777777778
0 0.185 0.24444444444444444 0.008 0.029777777777777778
0 0.29875 0.23333333333333334 0.01225 0.013777777777777778
0 0.2895 0.23377777777777778 0.006 0.027555555555555555
0 0.3105 0.23777777777777778 0.012 0.018222222222222223
0 0.31475 0.2853333333333333 0.00775 0.02666666666666667
0 0.291 0.3204444444444444 0.014 0.014666666666666666
0 0.23975 0.3075555555555556 0.00775 0.024888888888888887
0 0.20125 0.2951111111111111 0.01325 0.014666666666666666
0 0.19625 0.31733333333333336 0.01175 0.019555555555555555
0 0.3325 0.2995555555555556 0.012 0.016
0 0.296 0.34355555555555556 0.00675 0.027555555555555555
0 0.1605 0.29555555555555557 0.007 0.02266666666666667
0 0.16225 0.18222222222222223 0.00575 0.029777777777777778
0 0.16425 0.016 0.00625 0.029777777777777778
0 0.15725 0.11155555555555556 0.008 0.02711111111111111
0 0.15125 0.14222222222222222 0.0135 0.015111111111111112
0 0.12775 0.14266666666666666 0.00575 0.027555555555555555
0 0.12925 0.17377777777777778 0.01 0.020444444444444446
0 0.12275 0.036 0.00775 0.021777777777777778
0 0.112 0.06444444444444444 0.01375 0.015555555555555555
0 0.118 0.08311111111111111 0.0125 0.016444444444444446
0 0.096 0.11644444444444445 0.01 0.025777777777777778
0 0.03225 0.042666666666666665 0.00925 0.024444444444444446
0 0.01075 0.05511111111111111 0.01025 0.02
0 0.03975 0.13555555555555557 0.007 0.03155555555555556
0 0.10725 0.18888888888888888 0.0135 0.015555555555555555
0 0.07775 0.1968888888888889 0.00775 0.029777777777777778
0 0.059 0.21333333333333335 0.0145 0.015555555555555555
0 0.1205 0.22977777777777778 0.01025 0.02266666666666667
0 0.07975 0.2351111111111111 0.012 0.011555555555555555
0 0.07375 0.256 0.00575 0.028
0 0.0175 0.208 0.014 0.012
0 0.01675 0.2222222222222222 0.0075 0.020444444444444446
0 0.02175 0.23333333333333334 0.009 0.02266666666666667
0 0.00925 0.25466666666666665 0.00775 0.021777777777777778
0 0.4855 0.30177777777777776 0.00675 0.026222222222222223
0 0.39825 0.3453333333333333 0.0155 0.018222222222222223
0 0.3535 0.3751111111111111 0.015 0.013777777777777778
0 0.3785 0.37777777777777777 0.01375 0.012444444444444444
0 0.35825 0.396 0.013 0.017333333333333333
0 0.42475 0.37466666666666665 0.0155 0.014666666666666666
0 0.4845 0.36533333333333334 0.01425 0.018222222222222223
0 0.49175 0.40844444444444444 0.0075 0.029777777777777778
0 0.45175 0.404 0.01375 0.013777777777777778
0 0.4345 0.42844444444444446 0.0095 0.01911111111111111
0 0.39175 0.44 0.00975 0.025333333333333333
0 0.4495 0.46044444444444443 0.01475 0.013333333333333334
0 0.46525 0.42 0.0095 0.021777777777777778
0 0.471 0.4391111111111111 0.00775 0.02311111111111111
0 0.50225 0.47155555555555556 0.0135 0.01911111111111111
0 0.40975 0.5115555555555555 0.0115 0.016888888888888887
0 0.3645 0.5484444444444444 0.01125 0.021333333333333333
0 0.42825 0.5542222222222222 0.01125 0.021777777777777778
0 0.415 0.5591111111111111 0.01075 0.018222222222222223
0 0.40925 0.5671111111111111 0.01025 0.015111111111111112
0 0.39 0.5835555555555556 0.01125 0.020444444444444446
0 0.3625 0.5906666666666667 0.0095 0.021777777777777778
0 0.463 0.5613333333333334 0.0055 0.023555555555555555
0 0.4585 0.5622222222222222 0.0065 0.02666666666666667
0 0.455 0.5773333333333334 0.01175 0.011111111111111112
0 0.46325 0.5835555555555556 0.01025 0.016888888888888887
0 0.48075 0.624 0.0155 0.020888888888888887
0 0.32475 0.6013333333333334 0.00675 0.024444444444444446
0 0.32 0.5862222222222222 0.01175 0.013333333333333334
0 0.3225 0.6306666666666667 0.01025 0.016444444444444446
0 0.30525 0.5653333333333334 0.0135 0.014666666666666666
0 0.29575 0.5271111111111111 0.008 0.016444444444444446
0 0.26775 0.5208888888888888 0.0145 0.017333333333333333
0 0.26175 0.5026666666666667 0.012 0.021333333333333333
0 0.2505 0.49644444444444447 0.0115 0.016
0 0.26575 0.552 0.0105 0.02311111111111111
0 0.25975 0.5902222222222222 0.00825 0.030222222222222223
0 0.18075 0.6106666666666667 0.012 0.016
0 0.2435 0.432 0.01075 0.02
0 0.24825 0.39866666666666667 0.01325 0.020888888888888887
0 0.28225 0.3537777777777778 0.016 0.013777777777777778
0 0.282 0.36577777777777776 0.0125 0.016
0 0.226 0.37155555555555553 0.0065 0.023555555555555555
0 0.21575 0.37244444444444447 0.0125 0.016
0 0.21675 0.40844444444444444 0.012 0.016888888888888887
0 0.21 0.412 0.01275 0.012444444444444444
0 0.1965 0.4017777777777778 0.013 0.011111111111111112
0 0.1995 0.4137777777777778 0.01125 0.02
0 0.1975 0.4231111111111111 0.00925 0.018666666666666668
0 0.1815 0.5057777777777778 0.01325 0.012444444444444444
0 0.1425 0.38222222222222224 0.00675 0.025777777777777778
0 0.11725 0.4151111111111111 0.0125 0.017333333333333333
0 0.08675 0.37822222222222224 0.0135 0.012888888888888889
0 0.073 0.38622222222222224 0.01325 0.014222222222222223
0 0.0295 0.43333333333333335 0.0155 0.013333333333333334
0 0.004 0.4057777777777778 0.00775 0.018222222222222223
0 0.04925 0.4497777777777778 0.012 0.027555555555555555
0 0.06975 0.444 0.00875 0.025777777777777778
0 0.035 0.476 0.009 0.02266666666666667
0 0.01225 0.512 0.01475 0.018222222222222223
0 0.04175 0.49733333333333335 0.012 0.012888888888888889
0 0.04 0.5097777777777778 0.01325 0.011111111111111112
0 0.08275 0.5097777777777778 0.01325 0.014222222222222223
0 0.1105 0.5422222222222223 0.01525 0.016888888888888887
0 0.0815 0.568 0.00875 0.023555555555555555
0 0.072 0.5653333333333334 0.00875 0.027555555555555555
0 0.05175 0.5573333333333333 0.012 0.016444444444444446
0 0.041 0.5333333333333333 0.015 0.013333333333333334
0 0.02 0.5951111111111111 0.00725 0.020888888888888887
0 0.08075 0.6248888888888889 0.0065 0.024888888888888887
0 0.0895 0.5884444444444444 0.01275 0.013777777777777778
0 0.144 0.6497777777777778 0.01175 0.020444444444444446
0 0.1085 0.6671111111111111 0.01 0.021777777777777778
0 0.04725 0.6644444444444444 0.008 0.023555555555555555
0 0.108 0.6911111111111111 0.0075 0.028888888888888888
0 0.05075 0.6822222222222222 0.013 0.016
0 0.14575 0.7022222222222222 0.0095 0.020444444444444446
0 0.138 0.7133333333333334 0.00625 0.025333333333333333
0 0.1305 0.7177777777777777 0.006 0.029333333333333333
0 0.101 0.7124444444444444 0.01325 0.01911111111111111
0 0.324 0.6768888888888889 0.01475 0.019555555555555555
0 0.49725 0.696 0.011 0.021777777777777778
0 0.494 0.732 0.01175 0.02
0 0.495 0.7502222222222222 0.01275 0.018222222222222223
0 0.45875 0.7453333333333333 0.007 0.023555555555555555
0 0.429 0.7111111111111111 0.0125 0.014222222222222223
0 0.4055 0.7106666666666667 0.00775 0.028
0 0.379 0.7137777777777777 0.01125 0.021777777777777778
0 0.4075 0.7275555555555555 0.00875 0.020888888888888887
0 0.401 0.7524444444444445 0.00825 0.028
0 0.42725 0.7702222222222223 0.00775 0.03244444444444444
0 0.3655 0.7875555555555556 0.014 0.01911111111111111
0 0.39525 0.8057777777777778 0.0085 0.03422222222222222
0 0.4675 0.7653333333333333 0.01325 0.02
0 0.478 0.8075555555555556 0.0155 0.01911111111111111
0 0.42275 0.824 0.01325 0.013333333333333334
0 0.4165 0.8337777777777777 0.0155 0.024
0 0.377 0.8382222222222222 0.013 0.011111111111111112
0 0.48725 0.8528888888888889 0.017 0.012
0 0.4885 0.8826666666666667 0.01425 0.012
0 0.4335 0.9297777777777778 0.01175 0.020444444444444446
0 0.38375 0.9391111111111111 0.01125 0.015111111111111112
0 0.31775 0.7 0.007 0.02266666666666667
0 0.3015 0.7155555555555555 0.008 0.02266666666666667
0 0.29275 0.7257777777777777 0.00925 0.024444444444444446
0 0.285 0.7386666666666667 0.00925 0.021777777777777778
0 0.28125 0.7013333333333334 0.013 0.016
0 0.311 0.7266666666666667 0.01375 0.01911111111111111
0 0.31075 0.7471111111111111 0.008 0.021777777777777778
0 0.31775 0.7644444444444445 0.007 0.025333333333333333
0 0.25 0.72 0.0065 0.024888888888888887
0 0.23875 0.7226666666666667 0.0125 0.013777777777777778
0 0.31125 0.8111111111111111 0.0155 0.016
0 0.30975 0.8364444444444444 0.0125 0.016888888888888887
0 0.27575 0.7857777777777778 0.0065 0.024888888888888887
0 0.27 0.7888888888888889 0.00625 0.02
0 0.2675 0.8124444444444444 0.00575 0.026222222222222223
0 0.2395 0.8035555555555556 0.012 0.02
0 0.21425 0.7555555555555555 0.01 0.024444444444444446
0 0.202 0.8244444444444444 0.0075 0.025777777777777778
0 0.4805 0.96 0.00825 0.023555555555555555
0 0.45325 0.9857777777777778 0.00625 0.024888888888888887
0 0.436 0.9751111111111112 0.00675 0.027555555555555555
0 0.405 0.9715555555555555 0.00975 0.020888888888888887
0 0.39425 0.9924444444444445 0.00675 0.014666666666666666
0 0.35175 0.9244444444444444 0.014 0.014222222222222223
0 0.358 0.9328888888888889 0.01025 0.010222222222222223
0 0.352 0.9537777777777777 0.0115 0.018222222222222223
0 0.32225 0.9137777777777778 0.01125 0.021777777777777778
0 0.30525 0.8631111111111112 0.01325 0.015111111111111112
0 0.30525 0.8768888888888889 0.01 0.021777777777777778
0 0.27275 0.8902222222222222 0.01175 0.017777777777777778
0 0.25675 0.8964444444444445 0.01075 0.018222222222222223
0 0.24925 0.9217777777777778 0.01 0.021333333333333333
0 0.22325 0.9297777777777778 0.01175 0.018222222222222223
0 0.20425 0.9391111111111111 0.011 0.017333333333333333
0 0.2505 0.964 0.01025 0.022222222222222223
0 0.30925 0.9831111111111112 0.0135 0.017333333333333333
0 0.27575 0.9844444444444445 0.01225 0.012444444444444444
0 0.1745 0.8755555555555555 0.0165 0.016888888888888887
0 0.186 0.9497777777777778 0.0075 0.02666666666666667
0 0.1585 0.9635555555555556 0.00775 0.016
0 0.16175 0.784 0.00775 0.028444444444444446
0 0.147 0.788 0.01175 0.015111111111111112
0 0.151 0.7955555555555556 0.01175 0.018222222222222223
0 0.1 0.7644444444444445 0.014 0.013777777777777778
0 0.07 0.7648888888888888 0.0095 0.021333333333333333
0 0.0255 0.7475555555555555 0.00775 0.02711111111111111
0 0.0075 0.7737777777777778 0.015 0.016
0 0.01025 0.7928888888888889 0.007 0.025333333333333333
0 0.0565 0.8173333333333334 0.0075 0.024444444444444446
0 0.09725 0.8222222222222222 0.01225 0.016888888888888887
0 0.0875 0.7866666666666666 0.01225 0.012888888888888889
0 0.0885 0.7986666666666666 0.01925 0.015555555555555555