0 0.07233333333333333 0.2087837837837838 0.009333333333333334 0.02027027027027027
0 0.20033333333333334 0.16148648648648647 0.010666666666666666 0.02027027027027027
0 0.3526666666666667 0.4141891891891892 0.010333333333333333 0.021621621621621623
0 0.3536666666666667 0.3972972972972973 0.011333333333333334 0.016891891891891893
0 0.4166666666666667 0.44932432432432434 0.011 0.015540540540540541
0 0.496 0.4810810810810811 0.008333333333333333 0.025
0 0.17466666666666666 0.7804054054054054 0.007 0.02972972972972973
0 0.439 0.8932432432432432 0.008666666666666666 0.02364864864864865
0 0.503 0.47297297297297297 0.007333333333333333 0.032432432432432434
0 0.6386666666666667 0.42364864864864865 0.010333333333333333 0.024324324324324326
0 0.65 0.31351351351351353 0.013333333333333334 0.012837837837837839
0 0.6346666666666667 0.3277027027027027 0.009666666666666667 0.008783783783783784
0 0.6686666666666666 0.34797297297297297 0.006 0.026351351351351353
0 0.6733333333333333 0.3641891891891892 0.01 0.015540540540540541
0 0.6133333333333333 0.37635135135135134 0.005333333333333333 0.019594594594594596
0 0.6716666666666666 0.28175675675675677 0.006 0.026351351351351353
0 0.5563333333333333 0.15945945945945947 0.009333333333333334 0.019594594594594596
0 0.566 0.15945945945945947 0.010666666666666666 0.010135135135135136
0 0.586 0.1222972972972973 0.009333333333333334 0.016216216216216217
0 0.5756666666666667 0.11486486486486487 0.011333333333333334 0.00945945945945946
0 0.667 0.13108108108108107 0.005 0.019594594594594596
0 0.6536666666666666 0.10202702702702703 0.008 0.019594594594594596
0 0.6636666666666666 0.09324324324324325 0.008333333333333333 0.021621621621621623
0 0.66 0.09797297297297297 0.009333333333333334 0.021621621621621623
0 0.6283333333333333 0.1195945945945946 0.006 0.02702702702702703
0 0.661 0.24864864864864866 0.011333333333333334 0.011486486486486487
0 0.6573333333333333 0.7033783783783784 0.005 0.01891891891891892
0 0.6676666666666666 0.6932432432432433 0.010666666666666666 0.010810810810810811
0 0.5416666666666666 0.8452702702702702 0.007 0.025
0 0.601 0.9668918918918918 0.007 0.02027027027027027
0 0.6046666666666667 0.9722972972972973 0.007333333333333333 0.026351351351351353
0 0.024 0.24324324324324326 0.008333333333333333 0.015540540540540541
0 0.255 0.37094594594594593 0.011 0.012837837837837839
0 0.7246666666666667 0.9837837837837838 0.011333333333333334 0.032432432432432434
0 0.2643333333333333 0.36824324324324326 0.008333333333333333 0.010810810810810811
0 0.5476666666666666 0.6959459459459459 0.006333333333333333 0.02364864864864865
0 0.573 0.706081081081081 0.012 0.012837837837837839
0 0.49533333333333335 0.7277027027027027 0.008 0.010810810810810811
0 0.021666666666666667 0.24256756756756756 0.014 0.01891891891891892
0 0.25866666666666666 0.37027027027027026 0.019666666666666666 0.016891891891891893
0 0.502 0.8641891891891892 0.010666666666666666 0.020945945945945947
0 0.41733333333333333 0.572972972972973 0.009666666666666667 0.025
0 0.23266666666666666 0.45135135135135135 0.007666666666666666 0.025675675675675677
0 0.3863333333333333 0.6135135135135135 0.011666666666666667 0.014864864864864866
0 0.08566666666666667 0.8189189189189189 0.008 0.024324324324324326
0 0.43666666666666665 0.1864864864864865 0.013 0.012162162162162163
0 0.19 0.8087837837837838 0.007333333333333333 0.021621621621621623
0 0.08266666666666667 0.725 0.007666666666666666 0.021621621621621623
0 0.2713333333333333 0.922972972972973 0.007333333333333333 0.025
0 0.012333333333333333 0.17972972972972973 0.010333333333333333 0.025675675675675677
0 0.045 0.8074324324324325 0.008 0.02027027027027027
0 0.4156666666666667 0.8648648648648649 0.008 0.02027027027027027
0 0.394 0.9452702702702702 0.010333333333333333 0.016216216216216217
0 0.359 0.9351351351351351 0.008 0.026351351351351353
0 0.334 0.8344594594594594 0.010666666666666666 0.020945945945945947
0 0.4723333333333333 0.5060810810810811 0.014333333333333333 0.014864864864864866
0 0.16833333333333333 0.8141891891891891 0.011 0.018243243243243244
0 0.22333333333333333 0.9574324324324325 0.007666666666666666 0.022972972972972974
0 0.569 0.8378378378378378 0.012 0.021621621621621623
0 0.321 0.07702702702702703 0.006666666666666667 0.022972972972972974
0 0.5973333333333334 0.46824324324324323 0.010333333333333333 0.01891891891891892
0 0.15266666666666667 0.856081081081081 0.006333333333333333 0.022972972972972974
0 0.308 0.35743243243243245 0.008666666666666666 0.014864864864864866
0 0.37533333333333335 0.12364864864864865 0.007 0.01756756756756757
0 0.14833333333333334 0.5331081081081082 0.009 0.01756756756756757
0 0.5323333333333333 0.7189189189189189 0.009333333333333334 0.01891891891891892
0 0.27066666666666667 0.9621621621621622 0.008 0.01891891891891892
0 0.11266666666666666 0.39864864864864863 0.013 0.01891891891891892
0 0.23933333333333334 0.8202702702702702 0.007 0.02027027027027027
0 0.08066666666666666 0.7601351351351351 0.008 0.0222972972972973
0 0.13666666666666666 0.5709459459459459 0.010333333333333333 0.01891891891891892
0 0.4686666666666667 0.6878378378378378 0.007333333333333333 0.026351351351351353
0 0.3396666666666667 0.8743243243243243 0.007666666666666666 0.016891891891891893
0 0.20066666666666666 0.4466216216216216 0.010666666666666666 0.022972972972972974
0 0.050333333333333334 0.2668918918918919 0.011666666666666667 0.02027027027027027
0 0.11333333333333333 0.7945945945945946 0.012333333333333333 0.013513513513513514
0 0.45466666666666666 0.11621621621621622 0.011333333333333334 0.02027027027027027
0 0.09366666666666666 0.4851351351351351 0.009666666666666667 0.02972972972972973
0 0.641 0.497972972972973 0.015 0.016891891891891893
0 0.37066666666666664 0.7439189189189189 0.008333333333333333 0.016891891891891893
0 0.22566666666666665 0.9851351351351352 0.007333333333333333 0.02837837837837838
0 0.25866666666666666 0.6310810810810811 0.007666666666666666 0.021621621621621623
0 0.42966666666666664 0.3601351351351351 0.007 0.029054054054054056
0 0.304 0.7358108108108108 0.006333333333333333 0.020945945945945947
0 0.22166666666666668 0.5486486486486486 0.008 0.02364864864864865
0 0.11766666666666667 0.27094594594594595 0.007666666666666666 0.0222972972972973
0 0.093 0.4006756756756757 0.011 0.012837837837837839
0 0.6666666666666666 0.5952702702702702 0.013333333333333334 0.016216216216216217
0 0.12866666666666668 0.10067567567567567 0.009333333333333334 0.022972972972972974
0 0.687 0.5709459459459459 0.006333333333333333 0.026351351351351353
0 0.12 0.525 0.009 0.012837837837837839
0 0.2843333333333333 0.02702702702702703 0.008666666666666666 0.020945945945945947
0 0.5366666666666666 0.21216216216216216 0.007 0.02702702702702703
0 0.30466666666666664 0.9912162162162163 0.007333333333333333 0.01756756756756757
0 0.057 0.4114864864864865 0.009666666666666667 0.024324324324324326
0 0.005666666666666667 0.7182432432432433 0.011333333333333334 0.024324324324324326
0 0.6793333333333333 0.9837837837837838 0.009 0.02027027027027027
0 0.335 0.6817567567567567 0.008666666666666666 0.019594594594594596
0 0.3343333333333333 0.6391891891891892 0.011666666666666667 0.016216216216216217
0 0.5776666666666667 0.25 0.013666666666666667 0.014864864864864866
0 0.06633333333333333 0.9858108108108108 0.009333333333333334 0.02837837837837838
0 0.7993333333333333 0.4283783783783784 0.013666666666666667 0.01418918918918919
0 0.6793333333333333 0.647972972972973 0.013 0.01756756756756757
0 0.277 0.2743243243243243 0.008 0.012162162162162163
0 0.8143333333333334 0.522972972972973 0.014666666666666666 0.013513513513513514
0 0.6616666666666666 0.4412162162162162 0.015333333333333332 0.01756756756756757
0 0.8793333333333333 0.2972972972972973 0.012666666666666666 0.016891891891891893
0 0.787 0.9337837837837838 0.011333333333333334 0.016891891891891893
0 0.36633333333333334 0.5054054054054054 0.006666666666666667 0.02027027027027027
0 0.7543333333333333 0.35945945945945945 0.011666666666666667 0.01756756756756757
0 0.8016666666666666 0.4810810810810811 0.014666666666666666 0.015540540540540541
0 0.36466666666666664 0.31486486486486487 0.011666666666666667 0.016216216216216217
0 0.011333333333333334 0.9675675675675676 0.009333333333333334 0.031081081081081083
0 0.8906666666666667 0.702027027027027 0.007666666666666666 0.031081081081081083
0 0.812 0.6121621621621621 0.006333333333333333 0.019594594594594596
0 0.834 0.572972972972973 0.013666666666666667 0.013513513513513514
0 0.509 0.8216216216216217 0.011 0.01891891891891892
0 0.7856666666666666 0.8425675675675676 0.011 0.01756756756756757
0 0.8143333333333334 0.8283783783783784 0.014666666666666666 0.014864864864864866
0 0.7966666666666666 0.7074324324324325 0.013333333333333334 0.013513513513513514
0 0.757 0.6358108108108108 0.007 0.014864864864864866
0 0.7596666666666667 0.38513513513513514 0.005333333333333333 0.02837837837837838
0 0.726 0.31148648648648647 0.011333333333333334 0.012162162162162163
0 0.8926666666666667 0.2682432432432432 0.010333333333333333 0.010810810810810811
0 0.7283333333333334 0.21554054054054053 0.008 0.016891891891891893
0 0.8406666666666667 0.34797297297297297 0.010666666666666666 0.010135135135135136
0 0.8136666666666666 0.3641891891891892 0.011333333333333334 0.010810810810810811
0 0.9603333333333334 0.2668918918918919 0.014333333333333333 0.010810810810810811
0 0.9433333333333334 0.3655405405405405 0.008666666666666666 0.018243243243243244
0 0.049 0.020945945945945947 0.014333333333333333 0.030405405405405407
0 0.059 0.09256756756756757 0.008666666666666666 0.02837837837837838
0 0.069 0.10878378378378378 0.013333333333333334 0.021621621621621623
0 0.18133333333333335 0.14324324324324325 0.012 0.016216216216216217
0 0.18633333333333332 0.12905405405405404 0.009 0.0222972972972973
0 0.2743333333333333 0.1885135135135135 0.011666666666666667 0.012162162162162163
0 0.24966666666666668 0.2587837837837838 0.009666666666666667 0.02702702702702703
0 0.3536666666666667 0.24121621621621622 0.012666666666666666 0.029054054054054056
0 0.393 0.10270270270270271 0.010666666666666666 0.01756756756756757
0 0.3456666666666667 0.1445945945945946 0.012333333333333333 0.012162162162162163
0 0.376 0.02364864864864865 0.009 0.02837837837837838
0 0.3883333333333333 0.033783783783783786 0.014 0.016216216216216217
0 0.401 0.025675675675675677 0.011333333333333334 0.037162162162162164
0 0.41533333333333333 0.02702702702702703 0.015333333333333332 0.027702702702702704
0 0.44266666666666665 0.09054054054054055 0.015 0.022972972972972974
0 0.459 0.08783783783783784 0.011333333333333334 0.025
0 0.4766666666666667 0.02837837837837838 0.015333333333333332 0.018243243243243244
0 0.4866666666666667 0.07364864864864865 0.01633333333333333 0.01891891891891892
0 0.49933333333333335 0.14121621621621622 0.009333333333333334 0.03310810810810811
0 0.5016666666666667 0.00472972972972973 0.007666666666666666 0.008783783783783784
0 0.529 0.15472972972972973 0.014333333333333333 0.01891891891891892
0 0.42966666666666664 0.3047297297297297 0.011666666666666667 0.01891891891891892
0 0.23433333333333334 0.32972972972972975 0.007666666666666666 0.022972972972972974
0 0.25266666666666665 0.33175675675675675 0.013 0.021621621621621623
0 0.27366666666666667 0.5108108108108108 0.013666666666666667 0.01891891891891892
0 0.2723333333333333 0.49527027027027026 0.013333333333333334 0.010810810810810811
0 0.26466666666666666 0.5195945945945946 0.01 0.02027027027027027
0 0.25566666666666665 0.5912162162162162 0.012666666666666666 0.0222972972972973
0 0.23166666666666666 0.5344594594594595 0.014 0.014864864864864866
0 0.12666666666666668 0.4804054054054054 0.015 0.012837837837837839
0 0.2653333333333333 0.5952702702702702 0.009666666666666667 0.02702702702702703
0 0.3383333333333333 0.5905405405405405 0.014666666666666666 0.01756756756756757
0 0.3473333333333333 0.6067567567567568 0.016 0.01756756756756757
0 0.6526666666666666 0.7047297297297297 0.005666666666666667 0.031081081081081083
0 0.95 0.06756756756756757 0.008666666666666666 0.022972972972972974
0 0.95 0.047972972972972976 0.011666666666666667 0.022972972972972974
0 0.9083333333333333 0.012837837837837839 0.01633333333333333 0.013513513513513514
0 0.8346666666666667 0.08243243243243244 0.01 0.025
0 0.7523333333333333 0.03986486486486487 0.014 0.024324324324324326
0 0.7173333333333334 0.03310810810810811 0.006333333333333333 0.027702702702702704
0 0.7566666666666667 0.09324324324324325 0.013 0.016891891891891893
0 0.7646666666666667 0.13513513513513514 0.006333333333333333 0.02972972972972973
0 0.7706666666666667 0.13513513513513514 0.006666666666666667 0.020945945945945947
0 0.7356666666666667 0.10608108108108108 0.006 0.02027027027027027
0 0.7383333333333333 0.21554054054054053 0.008666666666666666 0.02364864864864865
0 0.7463333333333333 0.327027027027027 0.011333333333333334 0.022972972972972974
0 0.7593333333333333 0.3162162162162162 0.009 0.027702702702702704
0 0.8556666666666667 0.3013513513513513 0.015666666666666666 0.016891891891891893
0 0.993 0.3608108108108108 0.014 0.01891891891891892
0 0.9933333333333333 0.28175675675675677 0.013333333333333334 0.025675675675675677
0 0.9913333333333333 0.252027027027027 0.009666666666666667 0.02364864864864865
0 0.853 0.5966216216216216 0.018333333333333333 0.02027027027027027
0 0.865 0.6175675675675676 0.014 0.012837837837837839
0 0.895 0.677027027027027 0.015 0.016216216216216217
0 0.971 0.7047297297297297 0.018666666666666668 0.020945945945945947
0 0.9953333333333333 0.722972972972973 0.009333333333333334 0.01891891891891892
0 0.956 0.7371621621621621 0.015 0.01756756756756757
0 0.9376666666666666 0.7412162162162163 0.008 0.02837837837837838
0 0.9303333333333333 0.7358108108108108 0.011333333333333334 0.025675675675675677
0 0.8103333333333333 0.7155405405405405 0.008333333333333333 0.0222972972972973
0 0.8736666666666667 0.7918918918918919 0.012666666666666666 0.020945945945945947
0 0.8386666666666667 0.8425675675675676 0.009666666666666667 0.029054054054054056
0 0.748 0.9168918918918919 0.011666666666666667 0.02837837837837838
0 0.7373333333333333 0.927027027027027 0.013333333333333334 0.019594594594594596
0 0.666 0.9581081081081081 0.012333333333333333 0.025675675675675677
0 0.7626666666666667 0.9358108108108109 0.013333333333333334 0.025675675675675677
0 0.9533333333333334 0.9148648648648648 0.012333333333333333 0.015540540540540541
0 0.9633333333333334 0.879054054054054 0.012666666666666666 0.01756756756756757
0 0.9676666666666667 0.9013513513513514 0.010666666666666666 0.025
0 0.988 0.8662162162162163 0.010333333333333333 0.018243243243243244
0 0.9473333333333334 0.9763513513513513 0.015 0.02027027027027027
0 0.9583333333333334 0.970945945945946 0.013 0.012837837837837839
0 0.9453333333333334 0.9425675675675675 0.016666666666666666 0.02027027027027027
0 0.7453333333333333 0.0033783783783783786 0.014666666666666666 0.006756756756756757
0 0.536 0.4783783783783784 0.016 0.01891891891891892
0 0.45766666666666667 0.9263513513513514 0.012333333333333333 0.016891891891891893
0 0.6513333333333333 0.845945945945946 0.008666666666666666 0.02364864864864865
0 0.7873333333333333 0.7439189189189189 0.007666666666666666 0.01891891891891892
0 0.7906666666666666 0.7547297297297297 0.006333333333333333 0.021621621621621623
0 0.9346666666666666 0.49324324324324326 0.012333333333333333 0.01756756756756757
0 0.862 0.4966216216216216 0.013 0.01418918918918919
0 0.9273333333333333 0.43716216216216214 0.011666666666666667 0.012837837837837839
0 0.7423333333333333 0.7945945945945946 0.010666666666666666 0.019594594594594596
0 0.4806666666666667 0.6635135135135135 0.015666666666666666 0.01756756756756757
0 0.587 0.8013513513513514 0.009333333333333334 0.02837837837837838
0 0.023333333333333334 0.06824324324324324 0.017333333333333333 0.021621621621621623
0 0.15366666666666667 0.2945945945945946 0.01633333333333333 0.01891891891891892
0 0.023666666666666666 0.41621621621621624 0.01633333333333333 0.026351351351351353
0 0.013 0.4445945945945946 0.018 0.025
0 0.106 0.5027027027027027 0.013333333333333334 0.041891891891891894
0 0.15 0.5087837837837837 0.014 0.02972972972972973
0 0.13266666666666665 0.5885135135135136 0.012666666666666666 0.021621621621621623
0 0.06066666666666667 0.6114864864864865 0.01633333333333333 0.02972972972972973
0 0.04066666666666666 0.6189189189189189 0.017333333333333333 0.02027027027027027
0 0.035666666666666666 0.6331081081081081 0.01633333333333333 0.022972972972972974
0 0.11133333333333334 0.6608108108108108 0.019666666666666666 0.022972972972972974
0 0.022 0.6702702702702703 0.014 0.02972972972972973
0 0.09933333333333333 0.8405405405405405 0.012666666666666666 0.032432432432432434
0 0.211 0.052702702702702706 0.018666666666666668 0.021621621621621623
0 0.325 0.7763513513513514 0.014 0.027702702702702704
0 0.343 0.46216216216216216 0.009333333333333334 0.016891891891891893
0 0.38466666666666666 0.23175675675675675 0.013333333333333334 0.02027027027027027
0 0.5026666666666667 0.6966216216216217 0.013333333333333334 0.026351351351351353
0 0.5196666666666667 0.3689189189189189 0.02033333333333333 0.025
0 0.5053333333333333 0.3216216216216216 0.011 0.032432432432432434
0 0.6433333333333333 0.10540540540540541 0.013333333333333334 0.021621621621621623
0 0.6346666666666667 0.13445945945945945 0.013333333333333334 0.031081081081081083
0 0.6286666666666667 0.654054054054054 0.008666666666666666 0.025
0 0.871 0.5195945945945946 0.012666666666666666 0.02972972972972973
0 0.9566666666666667 0.9013513513513514 0.015 0.021621621621621623
0 0.5753333333333334 0.6831081081081081 0.007 0.021621621621621623