0 0.724 0.992 0.0105 0.016
0 0.9235 0.11466666666666667 0.0125 0.017777777777777778
0 0.422 0.7808888888888889 0.015 0.019555555555555555
0 0.088 0.8426666666666667 0.011 0.017777777777777778
0 0.547 0.9924444444444445 0.013 0.015111111111111112
0 0.16625 0.6288888888888889 0.014 0.018666666666666668
0 0.86125 0.8844444444444445 0.0135 0.019555555555555555
0 0.60775 0.9573333333333334 0.014 0.019555555555555555
0 0.69375 0.7577777777777778 0.014 0.019555555555555555
0 0.981 0.4875555555555556 0.014 0.017777777777777778
0 0.709 0.6764444444444444 0.0135 0.021333333333333333
0 0.735 0.8657777777777778 0.013 0.024
0 0.94175 0.9924444444444445 0.0115 0.015111111111111112
0 0.59 0.14755555555555555 0.015 0.019555555555555555
0 0.95975 0.6044444444444445 0.015 0.019555555555555555
0 0.36025 0.5004444444444445 0.014 0.017777777777777778
0 0.9495 0.116 0.009 0.02666666666666667
0 0.78025 0.5417777777777778 0.015 0.021333333333333333
0 0.70425 0.8604444444444445 0.013 0.017777777777777778
0 0.24275 0.6302222222222222 0.014 0.024888888888888887
0 0.414 0.9226666666666666 0.0165 0.017777777777777778
0 0.6065 0.2697777777777778 0.017 0.017777777777777778
0 0.395 0.9915555555555555 0.009 0.016888888888888887
0 0.25225 0.7364444444444445 0.01 0.021333333333333333
0 0.58575 0.6026666666666667 0.017 0.016888888888888887
0 0.76225 0.9204444444444444 0.013 0.022222222222222223
0 0.01825 0.1302222222222222 0.015 0.019555555555555555
0 0.8755 0.9075555555555556 0.011 0.022222222222222223
0 0.79525 0.5608888888888889 0.016 0.020444444444444446
0 0.6455 0.568 0.012 0.016
0 0.07125 0.20533333333333334 0.016 0.016
0 0.204 0.9697777777777777 0.015 0.020444444444444446
0 0.5135 0.8702222222222222 0.018 0.019555555555555555
0 0.3715 0.009777777777777778 0.014 0.019555555555555555
0 0.74925 0.9035555555555556 0.017 0.017777777777777778
0 0.17025 0.05644444444444444 0.017 0.02311111111111111
0 0.86575 0.27555555555555555 0.0145 0.021333333333333333
0 0.29225 0.3417777777777778 0.019 0.017777777777777778
0 0.5255 0.5048888888888889 0.014 0.019555555555555555
0 0.353 0.1768888888888889 0.0135 0.021333333333333333
0 0.8225 0.7746666666666666 0.0175 0.016
0 0.608 0.9911111111111112 0.0115 0.017777777777777778
0 0.6335 0.5706666666666667 0.0155 0.017777777777777778
0 0.59225 0.5737777777777778 0.015 0.019555555555555555
0 0.84775 0.5848888888888889 0.014 0.016
0 0.51975 0.784 0.011 0.021333333333333333
0 0.67375 0.5435555555555556 0.0125 0.018666666666666668
0 0.25825 0.18844444444444444 0.015 0.022222222222222223
0 0.4145 0.2742222222222222 0.0105 0.016888888888888887
0 0.96725 0.732 0.012 0.02311111111111111
0 0.734 0.05422222222222222 0.0155 0.019555555555555555
0 0.308 0.7435555555555555 0.0135 0.019555555555555555
0 0.0795 0.8475555555555555 0.013 0.014222222222222223
0 0.58325 0.8977777777777778 0.01 0.024
0 0.45725 0.1622222222222222 0.015 0.019555555555555555
0 0.038 0.648 0.0135 0.02311111111111111
0 0.08075 0.38222222222222224 0.0135 0.024888888888888887
0 0.793 0.9333333333333333 0.008 0.021333333333333333
0 0.0215 0.5355555555555556 0.0135 0.018666666666666668
0 0.97275 0.02311111111111111 0.014 0.016
0 0.64975 0.8942222222222223 0.011 0.022222222222222223
0 0.178 0.3417777777777778 0.018 0.016888888888888887
0 0.49025 0.4146666666666667 0.015 0.016
0 0.2865 0.5684444444444444 0.0135 0.024888888888888887
0 0.64525 0.11155555555555556 0.0115 0.024888888888888887
0 0.60525 0.4493333333333333 0.012 0.019555555555555555
0 0.10025 0.5493333333333333 0.0165 0.017777777777777778
0 0.71025 0.204 0.015 0.024
0 0.68175 0.05377777777777778 0.012 0.017777777777777778
0 0.696 0.5253333333333333 0.0165 0.016
0 0.7375 0.7297777777777777 0.0175 0.015111111111111112
0 0.1965 0.16533333333333333 0.017 0.019555555555555555
0 0.2175 0.030666666666666665 0.0145 0.019555555555555555
0 0.239 0.23822222222222222 0.0135 0.020444444444444446
0 0.264 0.296 0.011 0.022222222222222223
0 0.07725 0.0768888888888889 0.018 0.017777777777777778
0 0.90875 0.5062222222222222 0.009 0.028444444444444446
0 0.155 0.6613333333333333 0.0125 0.019555555555555555
0 0.91325 0.39644444444444443 0.013 0.019555555555555555
0 0.6485 0.9546666666666667 0.01 0.02311111111111111
0 0.32475 0.5382222222222223 0.011 0.024888888888888887
0 0.24 0.2564444444444444 0.015 0.020444444444444446
0 0.06 0.24711111111111111 0.017 0.018666666666666668
0 0.528 0.2591111111111111 0.0115 0.022222222222222223
0 0.1535 0.9328888888888889 0.01 0.022222222222222223
0 0.2995 0.42444444444444446 0.0115 0.021333333333333333
0 0.89675 0.6422222222222222 0.017 0.020444444444444446
0 0.06825 0.017777777777777778 0.013 0.020444444444444446
0 0.90825 0.8897777777777778 0.011 0.014222222222222223
0 0.739 0.7453333333333333 0.015 0.016
0 0.9795 0.15155555555555555 0.0105 0.025777777777777778
0 0.75575 0.1608888888888889 0.0065 0.02311111111111111
0 0.076 0.27955555555555556 0.012 0.019555555555555555
0 0.43225 0.992 0.017 0.016
0 0.83725 0.3368888888888889 0.0135 0.017777777777777778
0 0.9815 0.08222222222222222 0.01 0.019555555555555555
0 0.91825 0.6782222222222222 0.011 0.02311111111111111
0 0.6775 0.9515555555555556 0.016 0.015111111111111112
0 0.5 0.9866666666666667 0.014 0.02311111111111111
0 0.73 0.012444444444444444 0.0155 0.016888888888888887
0 0.06575 0.5902222222222222 0.013 0.024888888888888887
0 0.74925 0.46266666666666667 0.0135 0.021333333333333333
0 0.10325 0.5884444444444444 0.016 0.019555555555555555
0 0.74225 0.6142222222222222 0.009 0.021333333333333333
0 0.96875 0.17466666666666666 0.009 0.024888888888888887
0 0.7445 0.348 0.0105 0.024888888888888887
0 0.956 0.668 0.0115 0.028444444444444446
0 0.052 0.736 0.008 0.021333333333333333
0 0.157 0.5 0.0125 0.025777777777777778
0 0.86875 0.5853333333333334 0.009 0.021333333333333333
0 0.90275 0.668 0.0145 0.014222222222222223
0 0.34075 0.4711111111111111 0.013 0.017777777777777778
0 0.78925 0.6137777777777778 0.012 0.016
0 0.445 0.44177777777777777 0.011 0.021333333333333333
0 0.1405 0.39555555555555555 0.017 0.019555555555555555
0 0.2965 0.8697777777777778 0.0145 0.016
0 0.335 0.9937777777777778 0.011 0.012444444444444444
0 0.373 0.8915555555555555 0.0095 0.021333333333333333
0 0.121 0.13422222222222221 0.0165 0.019555555555555555
0 0.04125 0.052 0.011 0.017777777777777778
0 0.01625 0.8702222222222222 0.013 0.022222222222222223
0 0.1515 0.6013333333333334 0.018 0.016
0 0.5695 0.9417777777777778 0.009 0.030222222222222223
0 0.51075 0.9831111111111112 0.0075 0.029333333333333333
0 0.5055 0.9497777777777778 0.008 0.032
0 0.83425 0.9871111111111112 0.009 0.025777777777777778
0 0.951 0.9013333333333333 0.008 0.025777777777777778
0 0.9965 0.9368888888888889 0.007 0.02311111111111111
0 0.91675 0.892 0.0095 0.019555555555555555
0 0.919 0.7848888888888889 0.006 0.027555555555555555
0 0.908 0.7888888888888889 0.008 0.024888888888888887
0 0.9125 0.6657777777777778 0.01 0.022222222222222223
0 0.84675 0.68 0.006 0.028444444444444446
0 0.83425 0.7697777777777778 0.0085 0.028444444444444446
0 0.75325 0.7008888888888889 0.012 0.028444444444444446
0 0.73775 0.7031111111111111 0.01 0.024888888888888887
0 0.5325 0.6786666666666666 0.011 0.028444444444444446
0 0.48925 0.7555555555555555 0.0105 0.027555555555555555
0 0.7185 0.6591111111111111 0.014 0.022222222222222223
0 0.8165 0.616 0.008 0.025777777777777778
0 0.79275 0.5955555555555555 0.012 0.019555555555555555
0 0.69375 0.5684444444444444 0.008 0.02666666666666667
0 0.68375 0.5764444444444444 0.009 0.030222222222222223
0 0.681 0.5991111111111111 0.015 0.016
0 0.6395 0.6017777777777777 0.013 0.016
0 0.6745 0.5111111111111111 0.008 0.024888888888888887
0 0.7385 0.49955555555555553 0.008 0.027555555555555555
0 0.5325 0.5373333333333333 0.007 0.03111111111111111
0 0.915 0.49466666666666664 0.0085 0.02311111111111111
0 0.9085 0.4657777777777778 0.007 0.03111111111111111
0 0.93775 0.40044444444444444 0.0095 0.024
0 0.931 0.4053333333333333 0.008 0.02311111111111111
0 0.92 0.4026666666666667 0.008 0.024888888888888887
0 0.8375 0.43777777777777777 0.008 0.032
0 0.7245 0.3942222222222222 0.011 0.021333333333333333
0 0.7185 0.38755555555555554 0.0095 0.02666666666666667
0 0.6655 0.39111111111111113 0.013 0.017777777777777778
0 0.647 0.41333333333333333 0.008 0.02666666666666667
0 0.6255 0.45955555555555555 0.014 0.019555555555555555
0 0.59425 0.37822222222222224 0.009 0.03288888888888889
0 0.548 0.45644444444444443 0.01 0.030222222222222223
0 0.50525 0.45466666666666666 0.01 0.029333333333333333
0 0.97075 0.29244444444444445 0.0085 0.027555555555555555
0 0.98275 0.18266666666666667 0.007 0.024888888888888887
0 0.996 0.03955555555555555 0.0075 0.032
0 0.74875 0.16044444444444445 0.009 0.02311111111111111
0 0.8165 0.1711111111111111 0.008 0.02666666666666667
0 0.8045 0.044 0.0075 0.02666666666666667
0 0.768 0.07733333333333334 0.01 0.025777777777777778
0 0.717 0.03866666666666667 0.014 0.014222222222222223
0 0.69125 0.042666666666666665 0.008 0.024
0 0.70875 0.28 0.0085 0.025777777777777778
0 0.697 0.2693333333333333 0.011 0.02311111111111111
0 0.70575 0.29644444444444445 0.012 0.013333333333333334
0 0.605 0.11911111111111111 0.007 0.02666666666666667
0 0.586 0.18666666666666668 0.0085 0.032
0 0.567 0.28 0.0085 0.030222222222222223
0 0.52375 0.11466666666666667 0.01 0.025777777777777778
0 0.52925 0.10533333333333333 0.013 0.010666666666666666
0 0.5275 0.09466666666666666 0.0095 0.010666666666666666
0 0.49075 0.072 0.01 0.02666666666666667
0 0.52925 0.05644444444444444 0.0075 0.025777777777777778
0 0.50575 0.03422222222222222 0.01 0.016
0 0.52925 0.037333333333333336 0.0085 0.021333333333333333
0 0.543 0.03333333333333333 0.008 0.032
0 0.03375 0.9742222222222222 0.012 0.012444444444444444
0 0.0265 0.9675555555555555 0.0095 0.013333333333333334
0 0.0225 0.9551111111111111 0.009 0.024888888888888887
0 0.00475 0.9124444444444444 0.0075 0.032
0 0.047 0.9568888888888889 0.0095 0.02311111111111111
0 0.05575 0.9595555555555556 0.0085 0.02666666666666667
0 0.07925 0.9764444444444444 0.0145 0.016
0 0.10425 0.9706666666666667 0.009 0.025777777777777778
0 0.12025 0.8928888888888888 0.011 0.022222222222222223
0 0.205 0.9008888888888889 0.01 0.024888888888888887
0 0.28175 0.9653333333333334 0.006 0.030222222222222223
0 0.3365 0.9302222222222222 0.009 0.02666666666666667
0 0.33425 0.8951111111111111 0.006 0.024888888888888887
0 0.32725 0.8902222222222222 0.006 0.024888888888888887
0 0.27725 0.8791111111111111 0.01 0.016
0 0.1005 0.812 0.0075 0.024888888888888887
0 0.01125 0.8115555555555556 0.0085 0.028444444444444446
0 0.0595 0.7591111111111111 0.0075 0.024888888888888887
0 0.05125 0.7662222222222222 0.0095 0.02666666666666667
0 0.00325 0.72 0.0065 0.019555555555555555
0 0.1085 0.7235555555555555 0.0095 0.020444444444444446
0 0.077 0.6968888888888889 0.007 0.02311111111111111
0 0.10425 0.6911111111111111 0.009 0.030222222222222223
0 0.1515 0.7688888888888888 0.009 0.017777777777777778
0 0.16075 0.7737777777777778 0.0095 0.032
0 0.15375 0.68 0.0115 0.017777777777777778
0 0.1235 0.7244444444444444 0.0145 0.017777777777777778
0 0.11975 0.7373333333333333 0.01 0.017777777777777778
0 0.00675 0.6168888888888889 0.0075 0.030222222222222223
0 0.18325 0.6333333333333333 0.014 0.024888888888888887
0 0.35 0.7328888888888889 0.012 0.025777777777777778
0 0.336 0.7271111111111112 0.0125 0.02666666666666667
0 0.3845 0.912 0.008 0.032
0 0.409 0.9422222222222222 0.0095 0.028444444444444446
0 0.45925 0.9533333333333334 0.0085 0.028444444444444446
0 0.4635 0.8675555555555555 0.008 0.030222222222222223
0 0.4655 0.7773333333333333 0.014 0.016
0 0.43575 0.6311111111111111 0.011 0.028444444444444446
0 0.41125 0.5808888888888889 0.012 0.030222222222222223
0 0.41125 0.5324444444444445 0.013 0.017777777777777778
0 0.344 0.56 0.014 0.015111111111111112
0 0.34025 0.5417777777777778 0.007 0.027555555555555555
0 0.3285 0.44533333333333336 0.007 0.03288888888888889
0 0.30425 0.4648888888888889 0.01 0.025777777777777778
0 0.385 0.49422222222222223 0.0115 0.016
0 0.3935 0.4822222222222222 0.0135 0.028444444444444446
0 0.3785 0.4671111111111111 0.01 0.02666666666666667
0 0.2005 0.5155555555555555 0.008 0.032
0 0.183 0.49466666666666664 0.01 0.030222222222222223
0 0.08025 0.4657777777777778 0.008 0.021333333333333333
0 0.07275 0.4648888888888889 0.007 0.028444444444444446
0 0.06175 0.4737777777777778 0.0095 0.02666666666666667
0 0.0675 0.404 0.0085 0.028444444444444446
0 0.456 0.444 0.011 0.018666666666666668
0 0.43775 0.448 0.0115 0.024888888888888887
0 0.36175 0.39555555555555555 0.0085 0.02311111111111111
0 0.3655 0.36577777777777776 0.01 0.019555555555555555
0 0.354 0.36044444444444446 0.0055 0.017777777777777778
0 0.42725 0.31155555555555553 0.0075 0.025777777777777778
0 0.44575 0.30577777777777776 0.009 0.029333333333333333
0 0.4415 0.232 0.009 0.03111111111111111
0 0.47925 0.1671111111111111 0.0065 0.024
0 0.36925 0.31822222222222224 0.013 0.014222222222222223
0 0.368 0.30266666666666664 0.008 0.027555555555555555
0 0.359 0.2991111111111111 0.007 0.028444444444444446
0 0.34275 0.31333333333333335 0.008 0.024888888888888887
0 0.3395 0.2862222222222222 0.006 0.033777777777777775
0 0.25775 0.2728888888888889 0.0085 0.024888888888888887
0 0.30125 0.24222222222222223 0.013 0.030222222222222223
0 0.266 0.32622222222222225 0.015 0.016888888888888887
0 0.20825 0.34044444444444444 0.009 0.02311111111111111
0 0.1905 0.33466666666666667 0.0095 0.034666666666666665
0 0.35975 0.23644444444444446 0.009 0.033777777777777775
0 0.3535 0.20266666666666666 0.014 0.016
0 0.36525 0.1622222222222222 0.008 0.02666666666666667
0 0.354 0.14666666666666667 0.018 0.016888888888888887
0 0.14575 0.21644444444444444 0.008 0.03111111111111111
0 0.1225 0.19111111111111112 0.0115 0.021333333333333333
0 0.0595 0.30444444444444446 0.008 0.02311111111111111
0 0.03975 0.2831111111111111 0.008 0.030222222222222223
0 0.0655 0.2831111111111111 0.012 0.014222222222222223
0 0.07325 0.31155555555555553 0.007 0.014222222222222223
0 0.07675 0.29777777777777775 0.009 0.014222222222222223
0 0.063 0.15911111111111112 0.0055 0.021333333333333333
0 0.094 0.12533333333333332 0.007 0.032
0 0.14225 0.10977777777777778 0.0095 0.02666666666666667
0 0.10225 0.03288888888888889 0.0125 0.028444444444444446
0 0.13475 0.007555555555555556 0.0115 0.015111111111111112
0 0.04425 0.0035555555555555557 0.013 0.0071111111111111115
0 0.02025 0.0057777777777777775 0.0065 0.011555555555555555
0 0.0955 0.004 0.006 0.0071111111111111115
0 0.2465 0.09155555555555556 0.0095 0.02666666666666667
0 0.289 0.02666666666666667 0.008 0.03111111111111111
0 0.42375 0.035555555555555556 0.017 0.017777777777777778
0 0.4405 0.030222222222222223 0.007 0.019555555555555555
0 0.21325 0.9097777777777778 0.01 0.019555555555555555
0 0.17325 0.7573333333333333 0.0125 0.021333333333333333
0 0.25775 0.6871111111111111 0.017 0.016888888888888887
0 0.6455 0.37822222222222224 0.01 0.024888888888888887
0 0.56675 0.36577777777777776 0.0085 0.024888888888888887
0 0.88325 0.3337777777777778 0.011 0.020444444444444446
0 0.47175 0.22755555555555557 0.015 0.017777777777777778
0 0.483 0.4017777777777778 0.012 0.016
0 0.47275 0.39955555555555555 0.0105 0.028444444444444446
0 0.48575 0.45111111111111113 0.01 0.012444444444444444
0 0.49775 0.45555555555555555 0.0085 0.017777777777777778