0 0.98475 0.9795555555555555 0.01 0.029333333333333333
0 0.96775 0.868 0.0135 0.021333333333333333
0 0.94925 0.8764444444444445 0.008 0.030222222222222223
0 0.923 0.8626666666666667 0.0055 0.017777777777777778
0 0.916 0.8693333333333333 0.008 0.021333333333333333
0 0.87375 0.8991111111111111 0.014 0.016
0 0.8695 0.9124444444444444 0.01 0.020444444444444446
0 0.835 0.912 0.013 0.025777777777777778
0 0.861 0.8066666666666666 0.0105 0.021333333333333333
0 0.8915 0.764 0.013 0.024888888888888887
0 0.91575 0.7942222222222223 0.007 0.024888888888888887
0 0.9425 0.7942222222222223 0.012 0.014222222222222223
0 0.9585 0.7888888888888889 0.016 0.016
0 0.9385 0.7408888888888889 0.012 0.019555555555555555
0 0.9035 0.7297777777777777 0.008 0.02311111111111111
0 0.92175 0.6635555555555556 0.0085 0.030222222222222223
0 0.92225 0.6346666666666667 0.015 0.02311111111111111
0 0.959 0.6502222222222223 0.0105 0.017777777777777778
0 0.82125 0.8115555555555556 0.008 0.025777777777777778
0 0.7925 0.7182222222222222 0.01 0.021333333333333333
0 0.77925 0.7831111111111111 0.0075 0.024888888888888887
0 0.7695 0.7946666666666666 0.012 0.028444444444444446
0 0.749 0.8426666666666667 0.016 0.016
0 0.73525 0.8026666666666666 0.006 0.024888888888888887
0 0.78225 0.908 0.012 0.02311111111111111
0 0.78275 0.9924444444444445 0.008 0.014222222222222223
0 0.735 0.9248888888888889 0.01 0.02666666666666667
0 0.76675 0.932 0.01 0.019555555555555555
0 0.76225 0.712 0.013 0.019555555555555555
0 0.8075 0.6777777777777778 0.008 0.030222222222222223
0 0.82 0.6706666666666666 0.0115 0.021333333333333333
0 0.86225 0.6631111111111111 0.006 0.022222222222222223
0 0.83325 0.5955555555555555 0.009 0.030222222222222223
0 0.90275 0.5857777777777777 0.007 0.022222222222222223
0 0.9235 0.5604444444444444 0.008 0.024888888888888887
0 0.9455 0.5417777777777778 0.009 0.030222222222222223
0 0.9855 0.58 0.014 0.016
0 0.97425 0.5035555555555555 0.013 0.019555555555555555
0 0.99675 0.4911111111111111 0.0055 0.024888888888888887
0 0.94075 0.4071111111111111 0.008 0.036444444444444446
0 0.8755 0.3928888888888889 0.008 0.028444444444444446
0 0.87425 0.4186666666666667 0.015 0.016888888888888887
0 0.89425 0.36577777777777776 0.008 0.017777777777777778
0 0.8885 0.376 0.011 0.016
0 0.90875 0.3804444444444444 0.0075 0.033777777777777775
0 0.9575 0.37155555555555553 0.009 0.02666666666666667
0 0.94825 0.37777777777777777 0.013 0.016
0 0.93525 0.356 0.0115 0.016
0 0.953 0.3497777777777778 0.013 0.016
0 0.99225 0.36177777777777775 0.009 0.02311111111111111
0 0.98125 0.3688888888888889 0.0125 0.016
0 0.99075 0.3808888888888889 0.014 0.013333333333333334
0 0.97625 0.30266666666666664 0.01 0.03111111111111111
0 0.96575 0.2777777777777778 0.0135 0.019555555555555555
0 0.95125 0.28844444444444445 0.0125 0.024888888888888887
0 0.96725 0.25244444444444447 0.0115 0.016
0 0.95225 0.2644444444444444 0.012 0.019555555555555555
0 0.9245 0.31022222222222223 0.0135 0.02311111111111111
0 0.93125 0.23644444444444446 0.012 0.016
0 0.92225 0.18888888888888888 0.01 0.02666666666666667
0 0.9225 0.212 0.011 0.021333333333333333
0 0.97025 0.16666666666666666 0.012 0.02666666666666667
0 0.986 0.12844444444444444 0.0065 0.02666666666666667
0 0.9775 0.10888888888888888 0.012 0.016888888888888887
0 0.96525 0.09466666666666666 0.012 0.012444444444444444
0 0.895 0.16133333333333333 0.0145 0.02311111111111111
0 0.85675 0.24044444444444443 0.008 0.020444444444444446
0 0.9805 0.04088888888888889 0.0095 0.016
0 0.9705 0.04933333333333333 0.014 0.013333333333333334
0 0.93475 0.06577777777777778 0.0105 0.021333333333333333
0 0.93825 0.006222222222222222 0.0085 0.012444444444444444
0 0.99 0.0044444444444444444 0.01 0.008888888888888889
0 0.98125 0.006222222222222222 0.0075 0.012444444444444444
0 0.8655 0.05733333333333333 0.0115 0.021333333333333333
0 0.877 0.022222222222222223 0.014 0.017777777777777778
0 0.86825 0.011555555555555555 0.0085 0.02311111111111111
0 0.83425 0.013333333333333334 0.0065 0.02666666666666667
0 0.82 0.03777777777777778 0.0125 0.021333333333333333
0 0.81325 0.042666666666666665 0.007 0.024
0 0.817 0.08311111111111111 0.007 0.02311111111111111
0 0.81225 0.06444444444444444 0.007 0.02311111111111111
0 0.795 0.028888888888888888 0.008 0.021333333333333333
0 0.78625 0.12355555555555556 0.007 0.02311111111111111
0 0.8215 0.13955555555555554 0.017 0.02311111111111111
0 0.755 0.06577777777777778 0.01 0.02666666666666667
0 0.756 0.09022222222222222 0.009 0.017777777777777778
0 0.74375 0.06533333333333333 0.0085 0.024
0 0.755 0.029777777777777778 0.009 0.02311111111111111
0 0.725 0.012444444444444444 0.014 0.012444444444444444
0 0.7435 0.17822222222222223 0.007 0.021333333333333333
0 0.75175 0.19866666666666666 0.009 0.024888888888888887
0 0.817 0.27466666666666667 0.0145 0.021333333333333333
0 0.7985 0.2911111111111111 0.008 0.027555555555555555
0 0.784 0.3373333333333333 0.0175 0.019555555555555555
0 0.77775 0.35333333333333333 0.0065 0.032
0 0.762 0.308 0.013 0.010666666666666666
0 0.72975 0.30177777777777776 0.012 0.018666666666666668
0 0.72975 0.3151111111111111 0.01 0.021333333333333333
0 0.72325 0.27955555555555556 0.0125 0.017777777777777778
0 0.711 0.276 0.014 0.016
0 0.70225 0.2808888888888889 0.009 0.019555555555555555
0 0.70025 0.24711111111111111 0.01 0.02311111111111111
0 0.7335 0.22666666666666666 0.012 0.029333333333333333
0 0.68875 0.36977777777777776 0.012 0.021333333333333333
0 0.75625 0.4657777777777778 0.007 0.028444444444444446
0 0.77 0.47155555555555556 0.0065 0.024
0 0.79325 0.5017777777777778 0.009 0.02666666666666667
0 0.79475 0.416 0.013 0.017777777777777778
0 0.78725 0.5511111111111111 0.0125 0.016
0 0.78475 0.584 0.0135 0.029333333333333333
0 0.81275 0.5813333333333334 0.014 0.010666666666666666
0 0.77975 0.6128888888888889 0.0105 0.019555555555555555
0 0.76275 0.588 0.0125 0.017777777777777778
0 0.77625 0.6493333333333333 0.0085 0.033777777777777775
0 0.793 0.6577777777777778 0.0105 0.016
0 0.7315 0.9884444444444445 0.006 0.02311111111111111
0 0.66225 0.964 0.0145 0.017777777777777778
0 0.674 0.8093333333333333 0.008 0.02311111111111111
0 0.66625 0.712 0.013 0.016888888888888887
0 0.67325 0.7391111111111112 0.007 0.022222222222222223
0 0.6975 0.5857777777777777 0.013 0.017777777777777778
0 0.685 0.5835555555555556 0.012 0.025777777777777778
0 0.64875 0.5951111111111111 0.009 0.03288888888888889
0 0.602 0.5822222222222222 0.0085 0.02311111111111111
0 0.67425 0.5244444444444445 0.0125 0.017777777777777778
0 0.6785 0.5373333333333333 0.012 0.009777777777777778
0 0.68125 0.4928888888888889 0.015 0.02311111111111111
0 0.69425 0.4737777777777778 0.014 0.019555555555555555
0 0.66075 0.4617777777777778 0.0075 0.014222222222222223
0 0.653 0.4568888888888889 0.011 0.014222222222222223
0 0.65325 0.48355555555555557 0.013 0.019555555555555555
0 0.64325 0.5182222222222223 0.012 0.02666666666666667
0 0.637 0.4991111111111111 0.014 0.017777777777777778
0 0.6215 0.46755555555555556 0.014 0.020444444444444446
0 0.61075 0.4617777777777778 0.008 0.024888888888888887
0 0.6785 0.43244444444444446 0.01 0.024888888888888887
0 0.636 0.38133333333333336 0.012 0.02311111111111111
0 0.62525 0.35288888888888886 0.01 0.021333333333333333
0 0.61275 0.35288888888888886 0.0125 0.016
0 0.62575 0.30844444444444447 0.014 0.012444444444444444
0 0.63875 0.28355555555555556 0.01 0.021333333333333333
0 0.63525 0.2813333333333333 0.009 0.016
0 0.628 0.24888888888888888 0.013 0.019555555555555555
0 0.6095 0.24266666666666667 0.013 0.016
0 0.594 0.2942222222222222 0.015 0.028444444444444446
0 0.6065 0.21155555555555555 0.0145 0.017777777777777778
0 0.6285 0.19244444444444445 0.012 0.019555555555555555
0 0.672 0.1728888888888889 0.015 0.017777777777777778
0 0.622 0.1471111111111111 0.0145 0.016
0 0.6395 0.13155555555555556 0.012 0.019555555555555555
0 0.6905 0.09022222222222222 0.0095 0.02311111111111111
0 0.67375 0.088 0.007 0.02666666666666667
0 0.6705 0.016 0.0075 0.030222222222222223
0 0.64325 0.004888888888888889 0.009 0.009777777777777778
0 0.63925 0.015555555555555555 0.0105 0.017777777777777778
0 0.6415 0.028 0.014 0.012444444444444444
0 0.62325 0.023555555555555555 0.011 0.013333333333333334
0 0.63675 0.0044444444444444444 0.0065 0.008888888888888889
0 0.5785 0.044 0.0175 0.014222222222222223
0 0.5675 0.059555555555555556 0.0135 0.016888888888888887
0 0.56 0.050666666666666665 0.007 0.030222222222222223
0 0.55875 0.07333333333333333 0.008 0.02311111111111111
0 0.59175 0.11333333333333333 0.015 0.019555555555555555
0 0.58875 0.15688888888888888 0.012 0.017777777777777778
0 0.5655 0.1817777777777778 0.011 0.017777777777777778
0 0.566 0.1497777777777778 0.0065 0.028444444444444446
0 0.56175 0.15866666666666668 0.011 0.016888888888888887
0 0.5165 0.10933333333333334 0.007 0.03111111111111111
0 0.5355 0.06888888888888889 0.015 0.03111111111111111
0 0.47325 0.020888888888888887 0.014 0.02666666666666667
0 0.48675 0.057777777777777775 0.013 0.016888888888888887
0 0.49575 0.08133333333333333 0.0115 0.017777777777777778
0 0.5045 0.10222222222222223 0.0065 0.027555555555555555
0 0.49425 0.09333333333333334 0.013 0.014222222222222223
0 0.49875 0.12088888888888889 0.0055 0.024
0 0.49225 0.13644444444444445 0.008 0.02311111111111111
0 0.48375 0.11688888888888889 0.0095 0.02311111111111111
0 0.47825 0.16444444444444445 0.01 0.014222222222222223
0 0.47275 0.17155555555555554 0.007 0.03288888888888889
0 0.5155 0.15866666666666668 0.014 0.016888888888888887
0 0.49825 0.22755555555555557 0.01 0.016
0 0.52475 0.20666666666666667 0.008 0.025777777777777778
0 0.54825 0.25466666666666665 0.0095 0.021333333333333333
0 0.48475 0.28844444444444445 0.0125 0.016
0 0.51 0.23822222222222222 0.011 0.012444444444444444
0 0.4475 0.216 0.016 0.016888888888888887
0 0.4405 0.22355555555555556 0.009 0.021333333333333333
0 0.44275 0.09244444444444444 0.009 0.030222222222222223
0 0.45975 0.03422222222222222 0.013 0.021333333333333333
0 0.4235 0.04933333333333333 0.014 0.016
0 0.501 0.4008888888888889 0.015 0.021333333333333333
0 0.56025 0.38133333333333336 0.0085 0.025777777777777778
0 0.48125 0.3808888888888889 0.011 0.021333333333333333
0 0.4795 0.4822222222222222 0.01 0.02311111111111111
0 0.51875 0.5026666666666667 0.012 0.024
0 0.562 0.5453333333333333 0.015 0.017777777777777778
0 0.54575 0.5982222222222222 0.0105 0.02666666666666667
0 0.50025 0.5804444444444444 0.01 0.02311111111111111
0 0.513 0.5666666666666667 0.0145 0.017777777777777778
0 0.525 0.5631111111111111 0.008 0.024888888888888887
0 0.45175 0.6271111111111111 0.015 0.017777777777777778
0 0.5665 0.7235555555555555 0.017 0.02311111111111111
0 0.56525 0.7475555555555555 0.013 0.024888888888888887
0 0.558 0.7435555555555555 0.008 0.022222222222222223
0 0.58975 0.7995555555555556 0.009 0.02311111111111111
0 0.6015 0.7386666666666667 0.013 0.02666666666666667
0 0.58625 0.836 0.0095 0.02666666666666667
0 0.61075 0.8742222222222222 0.008 0.028444444444444446
0 0.54625 0.832 0.014 0.025777777777777778
0 0.49575 0.8564444444444445 0.01 0.020444444444444446
0 0.50575 0.8155555555555556 0.0135 0.024888888888888887
0 0.448 0.8097777777777778 0.0165 0.017777777777777778
0 0.44525 0.8564444444444445 0.014 0.024
0 0.42225 0.7955555555555556 0.015 0.017777777777777778
0 0.44675 0.7555555555555555 0.0145 0.020444444444444446
0 0.458 0.7253333333333334 0.012 0.019555555555555555
0 0.486 0.8991111111111111 0.011 0.028444444444444446
0 0.53575 0.9004444444444445 0.015 0.016
0 0.5345 0.9431111111111111 0.009 0.024888888888888887
0 0.588 0.9906666666666667 0.015 0.014222222222222223
0 0.5145 0.9866666666666667 0.015 0.016
0 0.51475 0.9964444444444445 0.0165 0.0071111111111111115
0 0.494 0.9497777777777778 0.007 0.035555555555555556
0 0.47075 0.9613333333333334 0.016 0.017777777777777778
0 0.47325 0.9928888888888889 0.011 0.014222222222222223
0 0.46 0.928 0.008 0.032
0 0.45325 0.9346666666666666 0.009 0.019555555555555555
0 0.42375 0.9937777777777778 0.0145 0.012444444444444444
0 0.73175 0.11644444444444445 0.013 0.017777777777777778
0 0.417 0.21688888888888888 0.0085 0.022222222222222223
0 0.41075 0.20844444444444443 0.0105 0.019555555555555555
0 0.39875 0.21822222222222223 0.014 0.012444444444444444
0 0.434 0.15022222222222223 0.006 0.022222222222222223
0 0.3945 0.1511111111111111 0.018 0.014222222222222223
0 0.375 0.11911111111111111 0.011 0.022222222222222223
0 0.36775 0.14355555555555555 0.0125 0.02311111111111111
0 0.34575 0.09822222222222222 0.017 0.017777777777777778
0 0.35525 0.018666666666666668 0.009 0.032
0 0.29975 0.10088888888888889 0.012 0.02311111111111111
0 0.3135 0.07066666666666667 0.015 0.019555555555555555
0 0.30775 0.12177777777777778 0.012 0.014222222222222223
0 0.32425 0.12933333333333333 0.009 0.02311111111111111
0 0.3335 0.14 0.009 0.021333333333333333
0 0.357 0.2351111111111111 0.012 0.014222222222222223
0 0.368 0.2911111111111111 0.013 0.017777777777777778
0 0.39525 0.3022222222222222 0.01 0.02311111111111111
0 0.405 0.2613333333333333 0.016 0.019555555555555555
0 0.40075 0.34444444444444444 0.005 0.021333333333333333
0 0.327 0.2906666666666667 0.01 0.02666666666666667
0 0.30925 0.27466666666666667 0.009 0.028444444444444446
0 0.253 0.20755555555555555 0.0105 0.02666666666666667
0 0.254 0.12311111111111112 0.0115 0.028444444444444446
0 0.213 0.11244444444444444 0.0125 0.022222222222222223
0 0.2095 0.1671111111111111 0.0095 0.024888888888888887
0 0.19225 0.18444444444444444 0.0105 0.028444444444444446
0 0.18175 0.15422222222222223 0.011 0.02311111111111111
0 0.43025 0.5097777777777778 0.01 0.035555555555555556
0 0.414 0.46044444444444443 0.01 0.02666666666666667
0 0.424 0.44755555555555554 0.015 0.019555555555555555
0 0.38625 0.39955555555555555 0.0145 0.016
0 0.302 0.36577777777777776 0.0105 0.028444444444444446
0 0.27 0.356 0.0125 0.027555555555555555
0 0.2815 0.33511111111111114 0.014 0.02311111111111111
0 0.3855 0.5542222222222222 0.012 0.024888888888888887
0 0.3765 0.5648888888888889 0.012 0.016
0 0.372 0.5742222222222222 0.01 0.010666666666666666
0 0.36525 0.5631111111111111 0.0115 0.016
0 0.3645 0.5777777777777777 0.012 0.016
0 0.35225 0.5648888888888889 0.0065 0.021333333333333333
0 0.35525 0.5235555555555556 0.013 0.014222222222222223
0 0.347 0.5364444444444444 0.01 0.016
0 0.321 0.5991111111111111 0.012 0.016
0 0.30475 0.5653333333333334 0.013 0.017777777777777778
0 0.3475 0.5822222222222222 0.0095 0.017777777777777778
0 0.28525 0.5142222222222222 0.014 0.016888888888888887
0 0.2765 0.564 0.0055 0.019555555555555555
0 0.25675 0.5751111111111111 0.007 0.022222222222222223
0 0.247 0.5742222222222222 0.0065 0.02666666666666667
0 0.27025 0.6102222222222222 0.012 0.016888888888888887
0 0.29625 0.688 0.012 0.019555555555555555
0 0.3775 0.7555555555555555 0.011 0.017777777777777778
0 0.3775 0.8062222222222222 0.0085 0.032
0 0.40825 0.7057777777777777 0.011 0.029333333333333333
0 0.391 0.6977777777777778 0.0095 0.028444444444444446
0 0.31975 0.8017777777777778 0.0135 0.019555555555555555
0 0.97625 0.6306666666666667 0.008 0.016
0 0.39075 0.9728888888888889 0.015 0.022222222222222223
0 0.3315 0.924 0.016 0.019555555555555555
0 0.35575 0.9466666666666667 0.009 0.016888888888888887
0 0.327 0.9808888888888889 0.013 0.016
0 0.32175 0.9608888888888889 0.01 0.024888888888888887
0 0.27075 0.9097777777777778 0.0105 0.020444444444444446
0 0.26625 0.9297777777777778 0.0115 0.02311111111111111
0 0.2475 0.9422222222222222 0.009 0.018666666666666668
0 0.238 0.94 0.009 0.030222222222222223
0 0.31075 0.2248888888888889 0.011 0.016
0 0.219 0.3937777777777778 0.009 0.03288888888888889
0 0.21425 0.47955555555555557 0.011 0.022222222222222223
0 0.276 0.7408888888888889 0.01 0.030222222222222223
0 0.2605 0.6942222222222222 0.011 0.03111111111111111
0 0.2065 0.8311111111111111 0.019 0.015111111111111112
0 0.19525 0.8573333333333333 0.013 0.02666666666666667
0 0.196 0.912 0.008 0.02311111111111111
0 0.18725 0.9155555555555556 0.013 0.032
0 0.175 0.9626666666666667 0.012 0.02666666666666667
0 0.14825 0.9573333333333334 0.008 0.030222222222222223
0 0.149 0.8013333333333333 0.011 0.035555555555555556
0 0.17075 0.7253333333333334 0.01 0.022222222222222223
0 0.19 0.6257777777777778 0.017 0.019555555555555555
0 0.17275 0.6337777777777778 0.012 0.019555555555555555
0 0.15575 0.6475555555555556 0.0085 0.03288888888888889
0 0.21175 0.6506666666666666 0.009 0.02311111111111111
0 0.165 0.5866666666666667 0.015 0.019555555555555555
0 0.165 0.5271111111111111 0.009 0.04088888888888889
0 0.5045 0.9635555555555556 0.011 0.016
0 0.185 0.32222222222222224 0.0085 0.024888888888888887
0 0.157 0.34844444444444445 0.013 0.03111111111111111
0 0.157 0.3897777777777778 0.0085 0.024888888888888887
0 0.1695 0.25555555555555554 0.0135 0.019555555555555555
0 0.166 0.20533333333333334 0.013 0.019555555555555555
0 0.156 0.21466666666666667 0.012 0.034666666666666665
0 0.15225 0.23866666666666667 0.0135 0.016888888888888887
0 0.1405 0.25955555555555554 0.016 0.020444444444444446
0 0.07425 0.2693333333333333 0.013 0.024
0 0.0615 0.29733333333333334 0.009 0.028444444444444446
0 0.091 0.2937777777777778 0.018 0.02666666666666667
0 0.082 0.32 0.01 0.041777777777777775
0 0.1265 0.384 0.011 0.024
0 0.0895 0.4191111111111111 0.009 0.030222222222222223
0 0.0775 0.4128888888888889 0.015 0.016
0 0.0525 0.3288888888888889 0.01 0.03111111111111111
0 0.0305 0.2782222222222222 0.0075 0.024
0 0.02275 0.29155555555555557 0.007 0.024
0 0.01675 0.29288888888888887 0.0105 0.016
0 0.0105 0.4457777777777778 0.011 0.02666666666666667
0 0.173 0.46355555555555555 0.014 0.016
0 0.165 0.45555555555555555 0.012 0.014222222222222223
0 0.113 0.5262222222222223 0.007 0.02666666666666667
0 0.11225 0.5391111111111111 0.01 0.018666666666666668
0 0.10475 0.476 0.007 0.028444444444444446
0 0.0865 0.45111111111111113 0.0065 0.016
0 0.0425 0.4866666666666667 0.008 0.019555555555555555
0 0.026 0.5213333333333333 0.012 0.021333333333333333
0 0.0055 0.5284444444444445 0.011 0.018666666666666668
0 0.03575 0.5817777777777777 0.016 0.012444444444444444
0 0.00575 0.6142222222222222 0.01 0.017777777777777778
0 0.122 0.64 0.008 0.028444444444444446
0 0.09075 0.6937777777777778 0.009 0.02666666666666667
0 0.04425 0.6706666666666666 0.01 0.03111111111111111
0 0.0335 0.7466666666666667 0.009 0.02666666666666667
0 0.07975 0.7426666666666667 0.011 0.014222222222222223
0 0.08325 0.7524444444444445 0.012 0.014222222222222223
0 0.089 0.7262222222222222 0.014 0.015111111111111112
0 0.1225 0.732 0.0145 0.024888888888888887
0 0.12675 0.7808888888888889 0.008 0.022222222222222223
0 0.05925 0.8062222222222222 0.012 0.02666666666666667
0 0.06825 0.8217777777777778 0.0075 0.028444444444444446
0 0.062 0.8293333333333334 0.0115 0.022222222222222223
0 0.0525 0.8426666666666667 0.006 0.017777777777777778
0 0.0775 0.8462222222222222 0.0155 0.014222222222222223
0 0.09625 0.8924444444444445 0.014 0.016888888888888887
0 0.05525 0.9537777777777777 0.01 0.024888888888888887
0 0.0285 0.9542222222222222 0.0085 0.02311111111111111
0 0.2505 0.8142222222222222 0.01 0.012444444444444444
0 0.255 0.7835555555555556 0.008 0.021333333333333333
0 0.242 0.4066666666666667 0.0105 0.021333333333333333
0 0.78425 0.6484444444444445 0.0105 0.014222222222222223
0 0.55775 0.3502222222222222 0.0095 0.032
0 0.5675 0.3831111111111111 0.01 0.021333333333333333
0 0.5835 0.32266666666666666 0.0105 0.018666666666666668
0 0.724 0.26844444444444443 0.012 0.012444444444444444
0 0.99675 0.18533333333333332 0.0065 0.022222222222222223
0 0.98675 0.11066666666666666 0.01 0.020444444444444446
0 0.64025 0.416 0.008 0.016
0 0.56175 0.4102222222222222 0.014 0.017777777777777778
0 0.454 0.5626666666666666 0.011 0.012444444444444444