0 0.068 0.9382222222222222 0.00975 0.020888888888888887
0 0.10725 0.9662222222222222 0.009 0.02311111111111111
0 0.13875 0.9564444444444444 0.0175 0.013777777777777778
0 0.1475 0.9817777777777777 0.0105 0.014666666666666666
0 0.06175 0.9875555555555555 0.01125 0.017333333333333333
0 0.06975 0.8995555555555556 0.01125 0.018222222222222223
0 0.0765 0.8742222222222222 0.0075 0.024
0 0.1375 0.9182222222222223 0.01225 0.016
0 0.089 0.8333333333333334 0.00675 0.027555555555555555
0 0.0815 0.8137777777777778 0.0115 0.013777777777777778
0 0.1515 0.8551111111111112 0.00625 0.023555555555555555
0 0.1575 0.8555555555555555 0.00625 0.01911111111111111
0 0.10875 0.7768888888888889 0.011 0.016888888888888887
0 0.0175 0.7768888888888889 0.0125 0.016888888888888887
0 0.0095 0.7431111111111111 0.0155 0.013777777777777778
0 0.05875 0.7742222222222223 0.0105 0.021777777777777778
0 0.06925 0.7608888888888888 0.00825 0.02711111111111111
0 0.038 0.704 0.0125 0.015111111111111112
0 0.13325 0.7173333333333334 0.00725 0.026222222222222223
0 0.15925 0.7724444444444445 0.009 0.018222222222222223
0 0.15975 0.7528888888888889 0.0065 0.026222222222222223
0 0.18675 0.8684444444444445 0.01275 0.015111111111111112
0 0.19725 0.8626666666666667 0.008 0.02711111111111111
0 0.21975 0.8266666666666667 0.00975 0.020444444444444446
0 0.23475 0.7728888888888888 0.00825 0.024
0 0.24275 0.7982222222222223 0.00725 0.032
0 0.24925 0.7955555555555556 0.006 0.02266666666666667
0 0.24625 0.7768888888888889 0.0115 0.016888888888888887
0 0.2945 0.9533333333333334 0.0105 0.018222222222222223
0 0.31175 0.9017777777777778 0.011 0.020888888888888887
0 0.29625 0.8333333333333334 0.0105 0.020444444444444446
0 0.2985 0.8124444444444444 0.0095 0.02
0 0.31775 0.8088888888888889 0.00925 0.018222222222222223
0 0.28675 0.74 0.01175 0.013333333333333334
0 0.2655 0.7306666666666667 0.0145 0.014666666666666666
0 0.22525 0.7191111111111111 0.01375 0.013777777777777778
0 0.219 0.6813333333333333 0.01275 0.014222222222222223
0 0.25875 0.6826666666666666 0.0105 0.02266666666666667
0 0.29775 0.696 0.006 0.021333333333333333
0 0.302 0.6906666666666667 0.00725 0.017777777777777778
0 0.301 0.6773333333333333 0.009 0.015555555555555555
0 0.345 0.848 0.008 0.023555555555555555
0 0.34375 0.9635555555555556 0.00825 0.029333333333333333
0 0.393 0.8884444444444445 0.0085 0.022222222222222223
0 0.4075 0.8831111111111111 0.00675 0.027555555555555555
0 0.412 0.8435555555555555 0.01225 0.019555555555555555
0 0.44575 0.9404444444444444 0.00975 0.024
0 0.30925 0.7204444444444444 0.01125 0.016444444444444446
0 0.34225 0.7168888888888889 0.0055 0.025333333333333333
0 0.345 0.7008888888888889 0.01125 0.015111111111111112
0 0.36575 0.74 0.0145 0.015111111111111112
0 0.38725 0.7573333333333333 0.01375 0.011555555555555555
0 0.388 0.7475555555555555 0.0135 0.011111111111111112
0 0.39175 0.728 0.0055 0.02311111111111111
0 0.403 0.7151111111111111 0.01225 0.02711111111111111
0 0.42725 0.7293333333333333 0.01325 0.013333333333333334
0 0.45825 0.8253333333333334 0.01475 0.014666666666666666
0 0.48175 0.8377777777777777 0.01275 0.015111111111111112
0 0.463 0.772 0.01275 0.015111111111111112
0 0.48475 0.7746666666666666 0.0105 0.018666666666666668
0 0.44875 0.7382222222222222 0.01275 0.013777777777777778
0 0.457 0.7306666666666667 0.0115 0.017777777777777778
0 0.49175 0.7382222222222222 0.00725 0.02666666666666667
0 0.44525 0.6968888888888889 0.012 0.016
0 0.42475 0.68 0.0115 0.019555555555555555
0 0.44075 0.6693333333333333 0.01375 0.014666666666666666
0 0.47575 0.6742222222222222 0.00875 0.017333333333333333
0 0.50925 0.7142222222222222 0.013 0.016
0 0.51325 0.7071111111111111 0.01 0.015555555555555555
0 0.504 0.6911111111111111 0.0085 0.026222222222222223
0 0.0635 0.6546666666666666 0.0115 0.018222222222222223
0 0.084 0.6457777777777778 0.012 0.014666666666666666
0 0.09675 0.644 0.0105 0.009333333333333334
0 0.09475 0.6284444444444445 0.00925 0.025333333333333333
0 0.14075 0.6528888888888889 0.01225 0.014666666666666666
0 0.0235 0.6182222222222222 0.011 0.015111111111111112
0 0.0125 0.5644444444444444 0.00675 0.016888888888888887
0 0.00575 0.56 0.007 0.015111111111111112
0 0.07725 0.5822222222222222 0.01425 0.014222222222222223
0 0.0785 0.5697777777777778 0.01325 0.011555555555555555
0 0.05825 0.5404444444444444 0.0085 0.02711111111111111
0 0.0515 0.4706666666666667 0.009 0.028444444444444446
0 0.004 0.49244444444444446 0.008 0.019555555555555555
0 0.1535 0.536 0.00925 0.023555555555555555
0 0.1345 0.44044444444444447 0.0105 0.017777777777777778
0 0.149 0.3942222222222222 0.01125 0.016888888888888887
0 0.13475 0.3675555555555556 0.01275 0.016
0 0.08475 0.37866666666666665 0.007 0.02311111111111111
0 0.083 0.36666666666666664 0.008 0.018222222222222223
0 0.075 0.35777777777777775 0.01075 0.011111111111111112
0 0.03225 0.3884444444444444 0.00625 0.021333333333333333
0 0.01625 0.37555555555555553 0.00925 0.012888888888888889
0 0.00325 0.4582222222222222 0.0065 0.016888888888888887
0 0.00375 0.43866666666666665 0.0075 0.019555555555555555
0 0.209 0.652 0.00975 0.018666666666666668
0 0.2955 0.6426666666666667 0.007 0.01911111111111111
0 0.303 0.6391111111111111 0.00925 0.015111111111111112
0 0.30675 0.6333333333333333 0.01 0.017777777777777778
0 0.257 0.5955555555555555 0.01075 0.016444444444444446
0 0.2295 0.5897777777777777 0.01125 0.017777777777777778
0 0.189 0.5871111111111111 0.0075 0.02266666666666667
0 0.1395 0.35155555555555557 0.0065 0.01911111111111111
0 0.13075 0.35733333333333334 0.012 0.008888888888888889
0 0.17475 0.4137777777777778 0.01025 0.018222222222222223
0 0.1935 0.4928888888888889 0.01375 0.012888888888888889
0 0.21775 0.5422222222222223 0.00825 0.032
0 0.21425 0.4928888888888889 0.00975 0.025333333333333333
0 0.256 0.5795555555555556 0.0105 0.014666666666666666
0 0.2625 0.5724444444444444 0.00975 0.012
0 0.2525 0.5622222222222222 0.00975 0.018222222222222223
0 0.26125 0.5533333333333333 0.011 0.012
0 0.193 0.39244444444444443 0.01375 0.012
0 0.1885 0.37955555555555553 0.00625 0.021333333333333333
0 0.19625 0.3626666666666667 0.012 0.015111111111111112
0 0.23575 0.35777777777777775 0.006 0.019555555555555555
0 0.27275 0.38177777777777777 0.0155 0.014666666666666666
0 0.27825 0.3977777777777778 0.01575 0.012444444444444444
0 0.25775 0.5017777777777778 0.00675 0.024
0 0.28025 0.5124444444444445 0.01225 0.016
0 0.2865 0.496 0.008 0.02711111111111111
0 0.283 0.5555555555555556 0.008 0.024
0 0.2925 0.56 0.007 0.03155555555555556
0 0.3135 0.5306666666666666 0.00875 0.020888888888888887
0 0.32025 0.40444444444444444 0.0065 0.027555555555555555
0 0.3315 0.432 0.01425 0.018222222222222223
0 0.31075 0.3502222222222222 0.009 0.016444444444444446
0 0.342 0.6426666666666667 0.0085 0.017333333333333333
0 0.3785 0.6551111111111111 0.01275 0.014666666666666666
0 0.388 0.648 0.00625 0.020888888888888887
0 0.42475 0.6426666666666667 0.00875 0.02311111111111111
0 0.4915 0.612 0.008 0.03155555555555556
0 0.49975 0.6097777777777778 0.0075 0.024888888888888887
0 0.4885 0.5862222222222222 0.01025 0.015555555555555555
0 0.36075 0.4488888888888889 0.0155 0.015555555555555555
0 0.37475 0.4 0.0075 0.02266666666666667
0 0.4335 0.436 0.012 0.01911111111111111
0 0.50225 0.49822222222222223 0.015 0.018666666666666668
0 0.3735 0.3471111111111111 0.00675 0.022222222222222223
0 0.38275 0.34444444444444444 0.011 0.024
0 0.48325 0.5062222222222222 0.00925 0.018666666666666668
0 0.07325 0.34 0.01125 0.025333333333333333
0 0.1105 0.3204444444444444 0.0145 0.012
0 0.0425 0.3 0.01075 0.025333333333333333
0 0.003 0.07555555555555556 0.006 0.02311111111111111
0 0.08175 0.24755555555555556 0.00625 0.024888888888888887
0 0.08425 0.25822222222222224 0.00975 0.024888888888888887
0 0.092 0.268 0.0115 0.016888888888888887
0 0.1005 0.2657777777777778 0.0065 0.02266666666666667
0 0.09725 0.24444444444444444 0.01325 0.016888888888888887
0 0.1505 0.22933333333333333 0.011 0.017777777777777778
0 0.1115 0.19466666666666665 0.0095 0.02711111111111111
0 0.083 0.192 0.0125 0.014222222222222223
0 0.02575 0.148 0.00825 0.016888888888888887
0 0.02775 0.15066666666666667 0.007 0.025333333333333333
0 0.03225 0.15511111111111112 0.006 0.026222222222222223
0 0.05375 0.12311111111111112 0.00975 0.02266666666666667
0 0.0875 0.1288888888888889 0.0115 0.016444444444444446
0 0.052 0.10533333333333333 0.00975 0.012888888888888889
0 0.1465 0.09022222222222222 0.0115 0.014222222222222223
0 0.144 0.07955555555555556 0.00725 0.016888888888888887
0 0.07125 0.027555555555555555 0.00775 0.024888888888888887
0 0.01725 0.058222222222222224 0.00825 0.019555555555555555
0 0.01825 0.03333333333333333 0.0075 0.027555555555555555
0 0.108 0.006222222222222222 0.012 0.011111111111111112
0 0.16925 0.21644444444444444 0.01125 0.016444444444444446
0 0.17625 0.08177777777777778 0.00725 0.02711111111111111
0 0.2095 0.2768888888888889 0.0115 0.02266666666666667
0 0.2315 0.2617777777777778 0.01525 0.016888888888888887
0 0.242 0.328 0.00775 0.026222222222222223
0 0.24375 0.3088888888888889 0.013 0.015111111111111112
0 0.31 0.2911111111111111 0.00625 0.029333333333333333
0 0.28525 0.1302222222222222 0.0125 0.021777777777777778
0 0.23225 0.12311111111111112 0.008 0.029777777777777778
0 0.23175 0.084 0.0175 0.013777777777777778
0 0.2035 0.07466666666666667 0.013 0.011111111111111112
0 0.2075 0.04577777777777778 0.00775 0.020888888888888887
0 0.18175 0.017777777777777778 0.012 0.013777777777777778
0 0.1995 0.06311111111111112 0.00675 0.015555555555555555
0 0.1925 0.07733333333333334 0.00725 0.015555555555555555
0 0.1925 0.059111111111111114 0.0055 0.014222222222222223
0 0.215 0.011111111111111112 0.00725 0.015555555555555555
0 0.22175 0.014666666666666666 0.0055 0.016
0 0.229 0.011111111111111112 0.00675 0.013777777777777778
0 0.25125 0.0071111111111111115 0.006 0.014222222222222223
0 0.334 0.21822222222222223 0.014 0.017777777777777778
0 0.34975 0.2088888888888889 0.01125 0.016444444444444446
0 0.34125 0.18977777777777777 0.00675 0.020444444444444446
0 0.32375 0.15866666666666668 0.0115 0.017333333333333333
0 0.3385 0.09466666666666666 0.0085 0.020888888888888887
0 0.3635 0.1582222222222222 0.01375 0.012444444444444444
0 0.3675 0.13111111111111112 0.0125 0.020888888888888887
0 0.39925 0.116 0.0135 0.013777777777777778
0 0.45875 0.23066666666666666 0.007 0.032
0 0.454 0.1622222222222222 0.01 0.02311111111111111
0 0.4015 0.04844444444444444 0.0105 0.011555555555555555
0 0.40425 0.036444444444444446 0.0115 0.013777777777777778
0 0.42275 0.03422222222222222 0.01225 0.015111111111111112
0 0.47525 0.0071111111111111115 0.013 0.014222222222222223
0 0.4995 0.07111111111111111 0.00925 0.026222222222222223
0 0.4885 0.2751111111111111 0.011 0.016
0 0.498 0.28044444444444444 0.01375 0.03422222222222222
0 0.51125 0.21822222222222223 0.00525 0.025777777777777778
0 0.486 0.9324444444444444 0.00575 0.014222222222222223
0 0.521 0.904 0.00725 0.021777777777777778
0 0.52225 0.9164444444444444 0.01 0.012
0 0.53025 0.9124444444444444 0.01225 0.022222222222222223
0 0.60925 0.9715555555555555 0.011 0.016
0 0.658 0.9457777777777778 0.0075 0.028
0 0.67425 0.9062222222222223 0.008 0.029777777777777778
0 0.697 0.8888888888888888 0.01225 0.013333333333333334
0 0.71175 0.8893333333333333 0.0125 0.014222222222222223
0 0.7345 0.9502222222222222 0.0155 0.015555555555555555
0 0.74875 0.9017777777777778 0.01375 0.014222222222222223
0 0.77075 0.9768888888888889 0.012 0.013333333333333334
0 0.79475 0.9115555555555556 0.00675 0.024
0 0.82125 0.9502222222222222 0.01175 0.020888888888888887
0 0.61675 0.8715555555555555 0.00725 0.026222222222222223
0 0.615 0.8506666666666667 0.01025 0.018666666666666668
0 0.52575 0.82 0.0155 0.012444444444444444
0 0.512 0.8226666666666667 0.00975 0.011111111111111112
0 0.535 0.7684444444444445 0.0115 0.014666666666666666
0 0.57425 0.7688888888888888 0.012 0.021777777777777778
0 0.60325 0.7871111111111111 0.00875 0.028444444444444446
0 0.604 0.764 0.011 0.013333333333333334
0 0.58025 0.7404444444444445 0.0115 0.018222222222222223
0 0.54775 0.688 0.0075 0.02711111111111111
0 0.58625 0.7044444444444444 0.01425 0.013777777777777778
0 0.9855 0.9955555555555555 0.00875 0.008444444444444444
0 0.99125 0.9608888888888889 0.00925 0.020888888888888887
0 0.99 0.8857777777777778 0.014 0.016444444444444446
0 0.9655 0.8582222222222222 0.01025 0.022222222222222223
0 0.797 0.8106666666666666 0.006 0.025777777777777778
0 0.9555 0.8075555555555556 0.01 0.013777777777777778
0 0.94875 0.7995555555555556 0.00625 0.023555555555555555
0 0.9395 0.7724444444444445 0.00925 0.019555555555555555
0 0.7105 0.7382222222222222 0.01 0.028888888888888888
0 0.80175 0.7386666666666667 0.00875 0.023555555555555555
0 0.83475 0.7155555555555555 0.00875 0.02
0 0.874 0.7386666666666667 0.012 0.016
0 0.8705 0.7244444444444444 0.01475 0.016444444444444446
0 0.833 0.6964444444444444 0.0105 0.019555555555555555
0 0.85275 0.6715555555555556 0.011 0.020444444444444446
0 0.80475 0.6933333333333334 0.00925 0.016888888888888887
0 0.80675 0.6724444444444444 0.008 0.021777777777777778
0 0.741 0.6973333333333334 0.01275 0.013333333333333334
0 0.726 0.6955555555555556 0.015 0.012444444444444444
0 0.75225 0.6817777777777778 0.01225 0.015111111111111112
0 0.7285 0.6862222222222222 0.01525 0.012444444444444444
0 0.7695 0.6444444444444445 0.011 0.018666666666666668
0 0.749 0.6048888888888889 0.01125 0.023555555555555555
0 0.7175 0.6333333333333333 0.01525 0.013333333333333334
0 0.69675 0.6173333333333333 0.00775 0.029777777777777778
0 0.984 0.644 0.00775 0.029333333333333333
0 0.8595 0.5933333333333334 0.00875 0.024888888888888887
0 0.84425 0.5755555555555556 0.00675 0.02666666666666667
0 0.831 0.5675555555555556 0.01275 0.013777777777777778
0 0.812 0.5333333333333333 0.01375 0.015555555555555555
0 0.923 0.5786666666666667 0.0095 0.020888888888888887
0 0.92325 0.56 0.0085 0.012888888888888889
0 0.91075 0.5373333333333333 0.01325 0.012444444444444444
0 0.9005 0.5324444444444445 0.0105 0.015555555555555555
0 0.627 0.5906666666666667 0.0115 0.017333333333333333
0 0.6615 0.5848888888888889 0.00975 0.020888888888888887
0 0.71525 0.5644444444444444 0.016 0.013333333333333334
0 0.628 0.5448888888888889 0.011 0.020888888888888887
0 0.611 0.5573333333333333 0.01075 0.023555555555555555
0 0.77375 0.508 0.0155 0.017333333333333333
0 0.62625 0.4631111111111111 0.01275 0.014222222222222223
0 0.627 0.4533333333333333 0.01125 0.016888888888888887
0 0.56175 0.436 0.015 0.012888888888888889
0 0.711 0.47555555555555556 0.00925 0.014222222222222223
0 0.7085 0.4613333333333333 0.0125 0.011555555555555555
0 0.722 0.4488888888888889 0.006 0.022222222222222223
0 0.71425 0.4528888888888889 0.0085 0.014666666666666666
0 0.7215 0.48488888888888887 0.00575 0.015555555555555555
0 0.725 0.476 0.0095 0.017333333333333333
0 0.7365 0.4408888888888889 0.014 0.014222222222222223
0 0.746 0.4431111111111111 0.00675 0.028888888888888888
0 0.7055 0.43555555555555553 0.011 0.013777777777777778
0 0.65925 0.3937777777777778 0.00925 0.024888888888888887
0 0.717 0.4062222222222222 0.017 0.013777777777777778
0 0.69725 0.37644444444444447 0.00725 0.03288888888888889
0 0.51075 0.29733333333333334 0.0075 0.021333333333333333
0 0.53425 0.3 0.0095 0.018666666666666668
0 0.537 0.3506666666666667 0.01425 0.014666666666666666
0 0.58225 0.3497777777777778 0.01275 0.017333333333333333
0 0.61225 0.348 0.01325 0.015555555555555555
0 0.60775 0.3231111111111111 0.0135 0.012444444444444444
0 0.59825 0.3075555555555556 0.0065 0.024444444444444446
0 0.57025 0.29644444444444445 0.00675 0.030666666666666665
0 0.60325 0.2906666666666667 0.0065 0.028
0 0.611 0.2871111111111111 0.01275 0.015111111111111112
0 0.6295 0.31244444444444447 0.01475 0.012444444444444444
0 0.6505 0.30844444444444447 0.01075 0.014666666666666666
0 0.6595 0.33555555555555555 0.01325 0.014666666666666666
0 0.6825 0.3373333333333333 0.0135 0.015555555555555555
0 0.6835 0.31333333333333335 0.0125 0.02266666666666667
0 0.731 0.27244444444444443 0.01475 0.013777777777777778
0 0.7435 0.3488888888888889 0.01475 0.015555555555555555
0 0.551 0.1991111111111111 0.012 0.016888888888888887
0 0.561 0.16311111111111112 0.012 0.020888888888888887
0 0.58275 0.15866666666666668 0.01125 0.017333333333333333
0 0.62025 0.15466666666666667 0.01075 0.024
0 0.597 0.252 0.01025 0.024888888888888887
0 0.5785 0.20622222222222222 0.00875 0.014666666666666666
0 0.5805 0.22444444444444445 0.00775 0.021777777777777778
0 0.64275 0.08444444444444445 0.0125 0.016444444444444446
0 0.6935 0.09911111111111111 0.011 0.021777777777777778
0 0.72025 0.10133333333333333 0.00825 0.03333333333333333
0 0.753 0.10222222222222223 0.007 0.028
0 0.76275 0.15066666666666667 0.012 0.016
0 0.71225 0.03911111111111111 0.00825 0.022222222222222223
0 0.7425 0.023555555555555555 0.01275 0.014666666666666666
0 0.7585 0.016444444444444446 0.00875 0.016444444444444446
0 0.7465 0.006222222222222222 0.00675 0.012
0 0.88025 0.5213333333333333 0.00625 0.025333333333333333
0 0.87225 0.5075555555555555 0.01075 0.012
0 0.84525 0.48044444444444445 0.01325 0.014666666666666666
0 0.86875 0.48044444444444445 0.01025 0.017777777777777778
0 0.87625 0.4871111111111111 0.0075 0.018222222222222223
0 0.88 0.46355555555555555 0.0075 0.024
0 0.8545 0.44266666666666665 0.01375 0.016888888888888887
0 0.87425 0.43422222222222223 0.012 0.017777777777777778
0 0.912 0.4577777777777778 0.01125 0.023555555555555555
0 0.939 0.48844444444444446 0.0125 0.01911111111111111
0 0.95025 0.45022222222222225 0.0085 0.02266666666666667
0 0.95775 0.4266666666666667 0.01375 0.012444444444444444
0 0.8085 0.4351111111111111 0.01075 0.029333333333333333
0 0.893 0.3457777777777778 0.00875 0.028
0 0.9445 0.30666666666666664 0.0145 0.016888888888888887
0 0.83975 0.244 0.0135 0.013777777777777778
0 0.80075 0.2786666666666667 0.01175 0.017333333333333333
0 0.81575 0.08666666666666667 0.01 0.024
0 0.80975 0.05466666666666667 0.00775 0.024444444444444446
0 0.817 0.04622222222222222 0.00975 0.018666666666666668
0 0.86875 0.03422222222222222 0.016 0.017333333333333333
0 0.87925 0.092 0.012 0.019555555555555555
0 0.89275 0.14177777777777778 0.0145 0.017333333333333333
0 0.96975 0.1582222222222222 0.00875 0.016888888888888887
0 0.98975 0.12133333333333333 0.00675 0.028444444444444446
0 0.92225 0.04133333333333333 0.01525 0.015555555555555555
0 0.95125 0.021333333333333333 0.01425 0.017333333333333333
0 0.903 0.04133333333333333 0.01225 0.016
0 0.90125 0.024 0.0135 0.011555555555555555
0 0.90425 0.015111111111111112 0.01025 0.012888888888888889
0 0.979 0.37333333333333335 0.00725 0.01911111111111111
0 0.9535 0.8782222222222222 0.01725 0.015111111111111112
0 0.719 0.9142222222222223 0.01225 0.03244444444444444
0 0.43175 0.12222222222222222 0.0105 0.015111111111111112
0 0.42525 0.07111111111111111 0.01075 0.015555555555555555
0 0.51875 0.028 0.0115 0.018222222222222223