0 0.05525 0.11866666666666667 0.01175 0.012888888888888889
0 0.13025 0.08177777777777778 0.01225 0.016888888888888887
0 0.07275 0.09688888888888889 0.00725 0.021333333333333333
0 0.064 0.168 0.008 0.025777777777777778
0 0.03125 0.18666666666666668 0.0145 0.014666666666666666
0 0.14625 0.21244444444444444 0.00775 0.025777777777777778
0 0.302 0.2311111111111111 0.0095 0.012444444444444444
0 0.301 0.21955555555555556 0.0095 0.010222222222222223
0 0.302 0.16266666666666665 0.01075 0.016888888888888887
0 0.312 0.1608888888888889 0.01225 0.013777777777777778
0 0.31975 0.13466666666666666 0.00875 0.014666666666666666
0 0.2935 0.18933333333333333 0.00675 0.012444444444444444
0 0.00925 0.49955555555555553 0.0095 0.010222222222222223
0 0.014 0.488 0.00675 0.019555555555555555
0 0.154 0.43866666666666665 0.0075 0.01911111111111111
0 0.1765 0.4328888888888889 0.0105 0.012444444444444444
0 0.176 0.5315555555555556 0.0075 0.018666666666666668
0 0.224 0.4097777777777778 0.0065 0.012444444444444444
0 0.21775 0.37244444444444447 0.006 0.02
0 0.27075 0.39644444444444443 0.00575 0.020888888888888887
0 0.3 0.3711111111111111 0.00475 0.022222222222222223
0 0.35125 0.39022222222222225 0.00475 0.01911111111111111
0 0.21525 0.3204444444444444 0.0095 0.011111111111111112
0 0.2115 0.18044444444444444 0.0065 0.021777777777777778
0 0.213 0.16133333333333333 0.00875 0.009777777777777778
0 0.139 0.1608888888888889 0.00775 0.02
0 0.08875 0.20933333333333334 0.0065 0.012888888888888889
0 0.159 0.019555555555555555 0.00525 0.02311111111111111
0 0.2505 0.07111111111111111 0.01225 0.009333333333333334
0 0.31425 0.10844444444444444 0.0065 0.022222222222222223
0 0.2605 0.072 0.00925 0.012
0 0.297 0.5231111111111111 0.00875 0.015555555555555555
0 0.32075 0.5497777777777778 0.0095 0.015111111111111112
0 0.155 0.6888888888888889 0.00575 0.021333333333333333
0 0.2025 0.7071111111111111 0.00675 0.022222222222222223
0 0.2105 0.7155555555555555 0.01125 0.012444444444444444
0 0.271 0.7302222222222222 0.0095 0.013777777777777778
0 0.40725 0.05688888888888889 0.01325 0.011555555555555555
0 0.4615 0.05333333333333334 0.007 0.015555555555555555
0 0.4515 0.11777777777777777 0.01025 0.015555555555555555
0 0.47625 0.11333333333333333 0.00575 0.020888888888888887
0 0.466 0.07866666666666666 0.007 0.02
0 0.4385 0.15333333333333332 0.0095 0.014666666666666666
0 0.4195 0.22355555555555556 0.005 0.018666666666666668
0 0.438 0.2137777777777778 0.0055 0.018222222222222223
0 0.36075 0.21822222222222223 0.0085 0.018222222222222223
0 0.35375 0.3168888888888889 0.00575 0.017777777777777778
0 0.4615 0.30444444444444446 0.005 0.02311111111111111
0 0.47075 0.3337777777777778 0.0105 0.012
0 0.474 0.3191111111111111 0.01125 0.012444444444444444
0 0.43175 0.3253333333333333 0.01175 0.011555555555555555
0 0.3715 0.4097777777777778 0.0055 0.01911111111111111
0 0.41625 0.43422222222222223 0.01025 0.010666666666666666
0 0.4045 0.41955555555555557 0.01025 0.014222222222222223
0 0.4495 0.39111111111111113 0.00425 0.022222222222222223
0 0.38125 0.5106666666666667 0.0075 0.021777777777777778
0 0.48375 0.4662222222222222 0.00775 0.020444444444444446
0 0.49125 0.4693333333333333 0.00625 0.016888888888888887
0 0.5155 0.5431111111111111 0.01375 0.009333333333333334
0 0.4805 0.5848888888888889 0.0065 0.016444444444444446
0 0.48575 0.6004444444444444 0.006 0.017333333333333333
0 0.48475 0.5728888888888889 0.0045 0.013777777777777778
0 0.47025 0.6257777777777778 0.01525 0.012444444444444444
0 0.479 0.6453333333333333 0.0045 0.02311111111111111
0 0.456 0.66 0.0095 0.017333333333333333
0 0.4225 0.6462222222222223 0.006 0.020888888888888887
0 0.4475 0.6115555555555555 0.006 0.018666666666666668
0 0.4455 0.512 0.00725 0.017333333333333333
0 0.3395 0.5937777777777777 0.00825 0.016444444444444446
0 0.34425 0.7013333333333334 0.01075 0.013777777777777778
0 0.3645 0.9844444444444445 0.0095 0.010222222222222223
0 0.38825 0.9933333333333333 0.0055 0.013333333333333334
0 0.67025 0.9844444444444445 0.00975 0.010222222222222223
0 0.6205 0.9844444444444445 0.00975 0.009333333333333334
0 0.57275 0.8471111111111111 0.01325 0.009777777777777778
0 0.52825 0.8315555555555556 0.008 0.009777777777777778
0 0.56025 0.8235555555555556 0.00675 0.016888888888888887
0 0.6075 0.8511111111111112 0.0075 0.016444444444444446
0 0.80275 0.716 0.00725 0.020444444444444446
0 0.18 0.5253333333333333 0.00675 0.023555555555555555
0 0.079 0.9911111111111112 0.007 0.017777777777777778
0 0.79975 0.704 0.00675 0.016444444444444446
0 0.51425 0.5426666666666666 0.01325 0.016
0 0.2265 0.13155555555555556 0.01425 0.015111111111111112
0 0.38025 0.22133333333333333 0.01325 0.016888888888888887
0 0.65725 0.8208888888888889 0.01375 0.017777777777777778
0 0.246 0.38755555555555554 0.0125 0.021333333333333333
0 0.072 0.4 0.008 0.019555555555555555
0 0.38825 0.16444444444444445 0.00725 0.022222222222222223
0 0.92475 0.9093333333333333 0.01375 0.019555555555555555
0 0.3705 0.6062222222222222 0.0085 0.022222222222222223
0 0.1455 0.4582222222222222 0.0095 0.018222222222222223
0 0.10275 0.28888888888888886 0.0105 0.016444444444444446
0 0.19525 0.7862222222222223 0.0075 0.016888888888888887
0 0.791 0.9266666666666666 0.0115 0.01911111111111111
0 0.2245 0.5804444444444444 0.0065 0.019555555555555555
0 0.27525 0.8502222222222222 0.00675 0.02266666666666667
0 0.26175 0.43466666666666665 0.0135 0.017333333333333333
0 0.4205 0.756 0.0065 0.023555555555555555
0 0.47875 0.7528888888888889 0.00925 0.026222222222222223
0 0.05975 0.924 0.0145 0.012888888888888889
0 0.17375 0.9017777777777778 0.01 0.028444444444444446
0 0.7165 0.8048888888888889 0.015 0.013333333333333334
0 0.13925 0.5373333333333333 0.00925 0.016
0 0.2925 0.7462222222222222 0.00725 0.024444444444444446
0 0.25725 0.9471111111111111 0.015 0.024
0 0.03675 0.9493333333333334 0.013 0.017777777777777778
0 0.7485 0.5764444444444444 0.01225 0.014222222222222223
0 0.36375 0.8226666666666667 0.00725 0.021333333333333333
0 0.01275 0.9031111111111111 0.0095 0.018666666666666668
0 0.36 0.9773333333333334 0.0185 0.020888888888888887
0 0.14925 0.928 0.013 0.014666666666666666
0 0.71875 0.5888888888888889 0.01225 0.014666666666666666
0 0.73175 0.5564444444444444 0.01425 0.013333333333333334
0 0.98925 0.6973333333333334 0.0135 0.015111111111111112
0 0.1775 0.2644444444444444 0.0095 0.025777777777777778
0 0.302 0.8613333333333333 0.00675 0.02266666666666667
0 0.441 0.9222222222222223 0.00875 0.018666666666666668
0 0.35825 0.8733333333333333 0.01675 0.015111111111111112
0 0.0255 0.3382222222222222 0.0115 0.012888888888888889
0 0.8015 0.7626666666666667 0.0155 0.016444444444444446
0 0.84325 0.6542222222222223 0.0155 0.015555555555555555
0 0.76825 0.792 0.01525 0.012888888888888889
0 0.60225 0.5515555555555556 0.01075 0.015111111111111112
0 0.6175 0.5333333333333333 0.006 0.025777777777777778
0 0.62875 0.5208888888888888 0.009 0.029777777777777778
0 0.77675 0.48133333333333334 0.009 0.01911111111111111
0 0.23375 0.8444444444444444 0.01125 0.015555555555555555
0 0.08575 0.5764444444444444 0.0075 0.012444444444444444
0 0.8275 0.8013333333333333 0.01 0.014666666666666666
0 0.34825 0.8217777777777778 0.013 0.01911111111111111
0 0.93175 0.37733333333333335 0.00775 0.02266666666666667
0 0.759 0.432 0.01275 0.02266666666666667
0 0.864 0.7924444444444444 0.0155 0.018666666666666668
0 0.92775 0.19822222222222222 0.00875 0.028888888888888888
0 0.7985 0.8968888888888888 0.0065 0.02666666666666667
0 0.6175 0.6777777777777778 0.007 0.01911111111111111
0 0.54125 0.7088888888888889 0.00575 0.02311111111111111
0 0.54875 0.6982222222222222 0.00475 0.024
0 0.573 0.688 0.011 0.017777777777777778
0 0.57525 0.6693333333333333 0.00975 0.014222222222222223
0 0.5765 0.6462222222222223 0.01 0.012
0 0.59775 0.6377777777777778 0.01075 0.01911111111111111
0 0.7335 0.6408888888888888 0.01175 0.013777777777777778
0 0.852 0.604 0.0105 0.016888888888888887
0 0.98075 0.5857777777777777 0.00525 0.02266666666666667
0 0.532 0.764 0.00875 0.018222222222222223
0 0.5515 0.7431111111111111 0.0075 0.016
0 0.737 0.8537777777777777 0.0145 0.011555555555555555
0 0.7345 0.8386666666666667 0.0075 0.015111111111111112
0 0.74375 0.8644444444444445 0.00675 0.02266666666666667
0 0.6645 0.9346666666666666 0.00675 0.024444444444444446
0 0.9785 0.8724444444444445 0.01075 0.021333333333333333
0 0.97975 0.7764444444444445 0.00675 0.020444444444444446
0 0.98275 0.7617777777777778 0.00825 0.02
0 0.92575 0.8311111111111111 0.00975 0.010222222222222223
0 0.94 0.8475555555555555 0.00975 0.010666666666666666
0 0.946 0.8333333333333334 0.012 0.008888888888888889
0 0.94725 0.844 0.00575 0.012888888888888889
0 0.918 0.7648888888888888 0.00775 0.015111111111111112
0 0.91625 0.7506666666666667 0.0105 0.012888888888888889
0 0.904 0.732 0.0105 0.010666666666666666
0 0.89375 0.6853333333333333 0.01075 0.010666666666666666
0 0.81075 0.68 0.009 0.010222222222222223
0 0.968 0.9351111111111111 0.01 0.011111111111111112
0 0.78175 0.9644444444444444 0.0045 0.018666666666666668
0 0.883 0.552 0.01475 0.011111111111111112
0 0.9485 0.5582222222222222 0.0075 0.012444444444444444
0 0.94275 0.5062222222222222 0.01275 0.012444444444444444
0 0.9365 0.4568888888888889 0.01025 0.008444444444444444
0 0.87875 0.5217777777777778 0.014 0.012
0 0.8405 0.43022222222222223 0.00575 0.017333333333333333
0 0.88675 0.47333333333333333 0.009 0.017333333333333333
0 0.903 0.48133333333333334 0.00875 0.012
0 0.911 0.49333333333333335 0.0095 0.016888888888888887
0 0.90825 0.48088888888888887 0.006 0.016
0 0.9965 0.43733333333333335 0.007 0.017777777777777778
0 0.996 0.3808888888888889 0.008 0.009333333333333334
0 0.9675 0.4048888888888889 0.00725 0.01911111111111111
0 0.909 0.2866666666666667 0.01075 0.009333333333333334
0 0.91725 0.3088888888888889 0.0085 0.012888888888888889
0 0.98375 0.208 0.00475 0.019555555555555555
0 0.9075 0.16622222222222222 0.00775 0.016888888888888887
0 0.9635 0.032 0.00875 0.010666666666666666
0 0.9455 0.05422222222222222 0.0075 0.02266666666666667
0 0.94775 0.028 0.0095 0.008888888888888889
0 0.985 0.014666666666666666 0.0065 0.011111111111111112
0 0.8715 0.12266666666666666 0.00575 0.016
0 0.8575 0.11422222222222222 0.012 0.017333333333333333
0 0.83175 0.13822222222222222 0.00425 0.019555555555555555
0 0.85125 0.21422222222222223 0.005 0.02311111111111111
0 0.891 0.192 0.00575 0.016888888888888887
0 0.79075 0.08088888888888889 0.00925 0.014666666666666666
0 0.76025 0.059555555555555556 0.00975 0.009777777777777778
0 0.78275 0.059111111111111114 0.007 0.021333333333333333
0 0.78775 0.058666666666666666 0.007 0.020888888888888887
0 0.81625 0.028888888888888888 0.01125 0.010222222222222223
0 0.77025 0.09866666666666667 0.0095 0.012
0 0.7675 0.18844444444444444 0.008 0.013333333333333334
0 0.8025 0.20577777777777778 0.004 0.017333333333333333
0 0.54 0.25022222222222223 0.01 0.011555555555555555
0 0.558 0.23733333333333334 0.00975 0.011555555555555555
0 0.56675 0.23155555555555554 0.005 0.02666666666666667
0 0.573 0.19822222222222222 0.0135 0.018222222222222223
0 0.558 0.15955555555555556 0.00975 0.017777777777777778
0 0.539 0.324 0.00675 0.029333333333333333
0 0.5185 0.2942222222222222 0.0085 0.017777777777777778
0 0.58325 0.25822222222222224 0.00675 0.018222222222222223
0 0.58375 0.23066666666666666 0.00775 0.030222222222222223
0 0.59775 0.24044444444444443 0.00675 0.022222222222222223
0 0.62625 0.2768888888888889 0.01175 0.013333333333333334
0 0.64175 0.30177777777777776 0.01325 0.013333333333333334
0 0.62775 0.08355555555555555 0.008 0.016
0 0.64975 0.16133333333333333 0.009 0.024
0 0.582 0.4653333333333333 0.01225 0.013777777777777778
0 0.58425 0.432 0.00975 0.016
0 0.639 0.36088888888888887 0.0065 0.02266666666666667
0 0.5465 0.22311111111111112 0.007 0.021777777777777778
0 0.52525 0.2733333333333333 0.00775 0.019555555555555555
0 0.65525 0.32622222222222225 0.00925 0.011555555555555555
0 0.73425 0.2902222222222222 0.0075 0.015111111111111112
0 0.60275 0.24355555555555555 0.00525 0.028444444444444446
0 0.54175 0.3977777777777778 0.00875 0.016
0 0.6125 0.42977777777777776 0.01 0.015555555555555555
0 0.7065 0.5146666666666667 0.0115 0.013777777777777778
0 0.75025 0.5222222222222223 0.00575 0.02266666666666667
0 0.558 0.6035555555555555 0.0125 0.012444444444444444
0 0.71675 0.6937777777777778 0.01025 0.014666666666666666
0 0.58075 0.6995555555555556 0.00975 0.017333333333333333
0 0.665 0.4573333333333333 0.007 0.02711111111111111
0 0.6315 0.4288888888888889 0.00675 0.017777777777777778
0 0.71625 0.4902222222222222 0.01 0.013333333333333334
0 0.662 0.6124444444444445 0.011 0.012444444444444444
0 0.6535 0.0044444444444444444 0.0095 0.008444444444444444
0 0.54825 0.011111111111111112 0.0155 0.012
0 0.78925 0.16311111111111112 0.007 0.025333333333333333
0 0.79775 0.076 0.009 0.022222222222222223
0 0.6675 0.43022222222222223 0.00775 0.01911111111111111
0 0.5505 0.6662222222222223 0.00525 0.014666666666666666
0 0.54825 0.5351111111111111 0.00775 0.02266666666666667
0 0.5415 0.47555555555555556 0.00675 0.016888888888888887
0 0.72275 0.44133333333333336 0.0055 0.017777777777777778
0 0.6505 0.376 0.0115 0.014222222222222223
0 0.49925 0.4106666666666667 0.0045 0.016888888888888887
0 0.62525 0.43866666666666665 0.0055 0.010666666666666666
0 0.66175 0.34355555555555556 0.00775 0.012
0 0.77425 0.372 0.0065 0.02
0 0.78025 0.28888888888888886 0.0065 0.020444444444444446
0 0.713 0.7226666666666667 0.00575 0.016
0 0.7175 0.7688888888888888 0.00525 0.017777777777777778
0 0.8225 0.1728888888888889 0.00875 0.014222222222222223
0 0.71475 0.028888888888888888 0.0105 0.009333333333333334
0 0.665 0.13555555555555557 0.00925 0.010222222222222223
0 0.67025 0.10177777777777777 0.00575 0.013333333333333334
0 0.96475 0.10888888888888888 0.006 0.017777777777777778
0 0.622 0.7826666666666666 0.01575 0.012888888888888889
0 0.6105 0.7826666666666666 0.005 0.022222222222222223
0 0.6075 0.7702222222222223 0.00775 0.016888888888888887
0 0.61475 0.7711111111111111 0.00725 0.018222222222222223
0 0.613 0.7444444444444445 0.01225 0.02266666666666667
0 0.81925 0.7977777777777778 0.01 0.012888888888888889
0 0.295 0.6671111111111111 0.01325 0.013333333333333334