0 0.7636666666666667 0.7304054054054054 0.01 0.01418918918918919
0 0.414 0.2682432432432432 0.013 0.015540540540540541
0 0.6886666666666666 0.8067567567567567 0.008666666666666666 0.012837837837837839
0 0.24566666666666667 0.34256756756756757 0.009 0.014864864864864866
0 0.482 0.3 0.013 0.015540540540540541
0 0.9053333333333333 0.5783783783783784 0.008666666666666666 0.016216216216216217
0 0.934 0.7520270270270271 0.011666666666666667 0.01756756756756757
0 0.8123333333333334 0.23581081081081082 0.013666666666666667 0.016216216216216217
0 0.733 0.9554054054054054 0.012 0.016216216216216217
0 0.32466666666666666 0.2891891891891892 0.012 0.01756756756756757
0 0.5076666666666667 0.18783783783783783 0.012 0.016216216216216217
0 0.5643333333333334 0.3047297297297297 0.009333333333333334 0.016891891891891893
0 0.43633333333333335 0.5195945945945946 0.014 0.01418918918918919
0 0.42966666666666664 0.014864864864864866 0.014 0.015540540540540541
0 0.36966666666666664 0.7682432432432432 0.009 0.016216216216216217
0 0.3273333333333333 0.9378378378378378 0.009333333333333334 0.014864864864864866
0 0.5673333333333334 0.37432432432432433 0.012 0.014864864864864866
0 0.23133333333333334 0.9432432432432433 0.009333333333333334 0.016216216216216217
0 0.29133333333333333 0.7317567567567568 0.012 0.01891891891891892
0 0.9286666666666666 0.37972972972972974 0.009666666666666667 0.014864864864864866
0 0.142 0.8290540540540541 0.012 0.01418918918918919
0 0.7416666666666667 0.5033783783783784 0.012 0.012162162162162163
0 0.231 0.09662162162162162 0.009 0.019594594594594596
0 0.379 0.9195945945945946 0.01 0.012162162162162163
0 0.9533333333333334 0.8824324324324324 0.013 0.015540540540540541
0 0.006 0.327027027027027 0.011 0.012162162162162163
0 0.8316666666666667 0.45337837837837835 0.011 0.019594594594594596
0 0.765 0.11689189189189189 0.011666666666666667 0.012837837837837839
0 0.833 0.5243243243243243 0.010666666666666666 0.012837837837837839
0 0.892 0.1554054054054054 0.008333333333333333 0.016216216216216217
0 0.868 0.24932432432432433 0.009 0.01756756756756757
0 0.7536666666666667 0.1777027027027027 0.009333333333333334 0.02027027027027027
0 0.5986666666666667 0.8222972972972973 0.013 0.015540540540540541
0 0.9366666666666666 0.2114864864864865 0.01 0.026351351351351353
0 0.06166666666666667 0.22094594594594594 0.009666666666666667 0.01418918918918919
0 0.497 0.12972972972972974 0.008666666666666666 0.012837837837837839
0 0.2743333333333333 0.18716216216216217 0.009 0.021621621621621623
0 0.986 0.5533783783783783 0.009666666666666667 0.016891891891891893
0 0.477 0.4168918918918919 0.011666666666666667 0.01756756756756757
0 0.5673333333333334 0.7837837837837838 0.007 0.016216216216216217
0 0.8986666666666666 0.9662162162162162 0.007333333333333333 0.012837837837837839
0 0.557 0.8858108108108108 0.008666666666666666 0.019594594594594596
0 0.741 0.475 0.008666666666666666 0.01756756756756757
0 0.9333333333333333 0.4797297297297297 0.009333333333333334 0.01891891891891892
0 0.18833333333333332 0.5168918918918919 0.01 0.01418918918918919
0 0.577 0.25067567567567567 0.012 0.012837837837837839
0 0.593 0.5168918918918919 0.010666666666666666 0.011486486486486487
0 0.7313333333333333 0.3047297297297297 0.01 0.012837837837837839
0 0.152 0.7891891891891892 0.011666666666666667 0.016891891891891893
0 0.429 0.725 0.008333333333333333 0.01418918918918919
0 0.8416666666666667 0.06013513513513514 0.013333333333333334 0.016216216216216217
0 0.26366666666666666 0.6871621621621622 0.009333333333333334 0.014864864864864866
0 0.8563333333333333 0.08716216216216216 0.013333333333333334 0.01756756756756757
0 0.018666666666666668 0.9574324324324325 0.009666666666666667 0.02837837837837838
0 0.04466666666666667 0.9283783783783783 0.014333333333333333 0.014864864864864866
0 0.049666666666666665 0.9168918918918919 0.006 0.03513513513513514
0 0.058666666666666666 0.8837837837837837 0.01 0.0222972972972973
0 0.08633333333333333 0.8533783783783784 0.007333333333333333 0.032432432432432434
0 0.07833333333333334 0.8412162162162162 0.007666666666666666 0.029054054054054056
0 0.10433333333333333 0.827027027027027 0.012666666666666666 0.012837837837837839
0 0.423 0.44256756756756754 0.008666666666666666 0.015540540540540541
0 0.971 0.8756756756756757 0.006666666666666667 0.02364864864864865
0 0.9733333333333334 0.8635135135135135 0.01 0.015540540540540541
0 0.892 0.20405405405405405 0.010666666666666666 0.020945945945945947
0 0.8703333333333333 0.37635135135135134 0.009333333333333334 0.01418918918918919
0 0.668 0.5432432432432432 0.009 0.016216216216216217
0 0.642 0.9209459459459459 0.009 0.016891891891891893
0 0.9343333333333333 0.03581081081081081 0.009333333333333334 0.016216216216216217
0 0.5083333333333333 0.23851351351351352 0.007666666666666666 0.012162162162162163
0 0.18433333333333332 0.9804054054054054 0.008 0.011486486486486487
0 0.194 0.9695945945945946 0.008666666666666666 0.015540540540540541
0 0.8116666666666666 0.8486486486486486 0.009 0.011486486486486487
0 0.2876666666666667 0.8087837837837838 0.011333333333333334 0.012162162162162163
0 0.9423333333333334 0.7256756756756757 0.011333333333333334 0.01418918918918919
0 0.5856666666666667 0.3216216216216216 0.006666666666666667 0.016216216216216217
0 0.036 0.1945945945945946 0.011 0.015540540540540541
0 0.14766666666666667 0.3304054054054054 0.008666666666666666 0.016216216216216217
0 0.24766666666666667 0.22567567567567567 0.008 0.02837837837837838
0 0.7286666666666667 0.36283783783783785 0.009333333333333334 0.015540540540540541
0 0.8556666666666667 0.9060810810810811 0.012 0.011486486486486487
0 0.20466666666666666 0.09662162162162162 0.008666666666666666 0.016891891891891893
0 0.8743333333333333 0.13175675675675674 0.008666666666666666 0.02027027027027027
0 0.42933333333333334 0.31283783783783786 0.011333333333333334 0.01418918918918919
0 0.5936666666666667 0.6317567567567568 0.007666666666666666 0.01756756756756757
0 0.25466666666666665 0.03310810810810811 0.01 0.012837837837837839
0 0.23433333333333334 0.2993243243243243 0.008666666666666666 0.01891891891891892
0 0.37866666666666665 0.3783783783783784 0.011333333333333334 0.012837837837837839
0 0.988 0.7898648648648648 0.009 0.015540540540540541
0 0.156 0.8587837837837838 0.012 0.01756756756756757
0 0.36 0.0777027027027027 0.009666666666666667 0.02027027027027027
0 0.6156666666666667 0.7763513513513514 0.008666666666666666 0.01756756756756757
0 0.7093333333333334 0.9358108108108109 0.011 0.011486486486486487
0 0.126 0.9804054054054054 0.008333333333333333 0.015540540540540541
0 0.6186666666666667 0.14054054054054055 0.013 0.012837837837837839
0 0.449 0.2472972972972973 0.007333333333333333 0.019594594594594596
0 0.7526666666666667 0.6709459459459459 0.007333333333333333 0.01756756756756757
0 0.41533333333333333 0.7918918918918919 0.008333333333333333 0.015540540540540541
0 0.44 0.06959459459459459 0.009 0.01418918918918919
0 0.5246666666666666 0.1945945945945946 0.009666666666666667 0.012162162162162163
0 0.602 0.7317567567567568 0.008333333333333333 0.019594594594594596
0 0.8086666666666666 0.4 0.012 0.01418918918918919
0 0.8906666666666667 0.3810810810810811 0.012333333333333333 0.02364864864864865
0 0.9823333333333333 0.1891891891891892 0.007333333333333333 0.01891891891891892
0 0.7056666666666667 0.16486486486486487 0.010666666666666666 0.01418918918918919
0 0.43466666666666665 0.3398648648648649 0.010666666666666666 0.01418918918918919
0 0.8543333333333333 0.956081081081081 0.009333333333333334 0.020945945945945947
0 0.886 0.6148648648648649 0.008666666666666666 0.011486486486486487
0 0.13366666666666666 0.30067567567567566 0.009 0.016216216216216217
0 0.6463333333333333 0.5844594594594594 0.01 0.01756756756756757
0 0.695 0.6966216216216217 0.01 0.019594594594594596
0 0.5263333333333333 0.5351351351351351 0.014333333333333333 0.015540540540540541
0 0.22633333333333333 0.9858108108108108 0.008666666666666666 0.00945945945945946
0 0.05566666666666667 0.8243243243243243 0.014333333333333333 0.015540540540540541
0 0.093 0.21554054054054053 0.014333333333333333 0.016216216216216217
0 0.618 0.6527027027027027 0.007 0.01756756756756757
0 0.7983333333333333 0.21013513513513513 0.012 0.02364864864864865
0 0.3496666666666667 0.8533783783783784 0.009333333333333334 0.016216216216216217
0 0.31 0.8918918918918919 0.012 0.012837837837837839
0 0.811 0.7304054054054054 0.009333333333333334 0.021621621621621623
0 0.8633333333333333 0.3398648648648649 0.009 0.019594594594594596
0 0.32 0.8439189189189189 0.012 0.012837837837837839
0 0.8573333333333333 0.5094594594594595 0.014 0.010135135135135136
0 0.14133333333333334 0.7121621621621622 0.01 0.01891891891891892
0 0.9146666666666666 0.7074324324324325 0.009 0.024324324324324326
0 0.893 0.5304054054054054 0.011666666666666667 0.012837837837837839
0 0.448 0.5141891891891892 0.006666666666666667 0.012162162162162163
0 0.797 0.04594594594594595 0.013333333333333334 0.012837837837837839
0 0.09266666666666666 0.9162162162162162 0.005333333333333333 0.030405405405405407
0 0.127 0.8952702702702703 0.01 0.016216216216216217
0 0.37566666666666665 0.23648648648648649 0.009666666666666667 0.012837837837837839
0 0.7216666666666667 0.8966216216216216 0.007 0.02702702702702703
0 0.955 0.5351351351351351 0.007666666666666666 0.015540540540540541
0 0.9503333333333334 0.0804054054054054 0.011333333333333334 0.01756756756756757
0 0.7506666666666667 0.5310810810810811 0.01 0.011486486486486487
0 0.535 0.9277027027027027 0.011 0.02702702702702703
0 0.496 0.3344594594594595 0.008333333333333333 0.01418918918918919
0 0.632 0.675 0.007333333333333333 0.029054054054054056
0 0.6363333333333333 0.6608108108108108 0.008666666666666666 0.011486486486486487
0 0.45066666666666666 0.7844594594594595 0.009333333333333334 0.026351351351351353
0 0.205 0.7533783783783784 0.009333333333333334 0.020945945945945947
0 0.8956666666666667 0.15202702702702703 0.01 0.020945945945945947
0 0.09233333333333334 0.6047297297297297 0.009 0.02027027027027027
0 0.602 0.40878378378378377 0.006666666666666667 0.03175675675675676
0 0.9326666666666666 0.3304054054054054 0.008333333333333333 0.016216216216216217
0 0.7306666666666667 0.8824324324324324 0.009 0.012162162162162163
0 0.7646666666666667 0.3027027027027027 0.008333333333333333 0.02027027027027027
0 0.6133333333333333 0.9614864864864865 0.008333333333333333 0.01756756756756757
0 0.395 0.5222972972972973 0.008333333333333333 0.02027027027027027
0 0.354 0.21824324324324323 0.006333333333333333 0.014864864864864866
0 0.42966666666666664 0.7398648648648649 0.009333333333333334 0.016216216216216217
0 0.4216666666666667 0.9885135135135135 0.013 0.007432432432432433
0 0.227 0.1810810810810811 0.009 0.01756756756756757
0 0.96 0.6412162162162162 0.008666666666666666 0.019594594594594596
0 0.23833333333333334 0.04527027027027027 0.006333333333333333 0.022972972972972974
0 0.028666666666666667 0.2864864864864865 0.016 0.014864864864864866
0 0.581 0.4114864864864865 0.008333333333333333 0.01891891891891892
0 0.877 0.6222972972972973 0.008333333333333333 0.014864864864864866
0 0.18266666666666667 0.13986486486486485 0.007666666666666666 0.025675675675675677
0 0.926 0.3655405405405405 0.008333333333333333 0.015540540540540541
0 0.15 0.24121621621621622 0.011666666666666667 0.012162162162162163
0 0.405 0.40135135135135136 0.009666666666666667 0.011486486486486487
0 0.39066666666666666 0.09527027027027027 0.007666666666666666 0.016891891891891893
0 0.457 0.95 0.006 0.016216216216216217
0 0.14566666666666667 0.4648648648648649 0.007666666666666666 0.016891891891891893
0 0.7753333333333333 0.8574324324324324 0.008666666666666666 0.02702702702702703
0 0.061 0.14932432432432433 0.01 0.021621621621621623
0 0.37333333333333335 0.8351351351351352 0.011333333333333334 0.01418918918918919
0 0.302 0.4358108108108108 0.008666666666666666 0.0222972972972973
0 0.31433333333333335 0.9054054054054054 0.010666666666666666 0.016216216216216217
0 0.5856666666666667 0.8574324324324324 0.009 0.021621621621621623
0 0.22833333333333333 0.9736486486486486 0.009 0.021621621621621623
0 0.23633333333333334 0.9594594594594594 0.007 0.015540540540540541
0 0.38466666666666666 0.2905405405405405 0.007333333333333333 0.019594594594594596
0 0.231 0.8162162162162162 0.007 0.01891891891891892
0 0.5633333333333334 0.13513513513513514 0.007 0.027702702702702704
0 0.5673333333333334 0.11486486486486487 0.009333333333333334 0.019594594594594596
0 0.14233333333333334 0.9114864864864864 0.011 0.012162162162162163
0 0.08966666666666667 0.16216216216216217 0.011333333333333334 0.01756756756756757
0 0.9753333333333334 0.7040540540540541 0.009 0.01756756756756757
0 0.488 0.40405405405405403 0.008666666666666666 0.014864864864864866
0 0.6933333333333334 0.2885135135135135 0.008333333333333333 0.01756756756756757
0 0.27266666666666667 0.6317567567567568 0.012666666666666666 0.010810810810810811
0 0.39966666666666667 0.40878378378378377 0.006666666666666667 0.012162162162162163
0 0.9113333333333333 0.4540540540540541 0.007666666666666666 0.01891891891891892
0 0.415 0.13243243243243244 0.006333333333333333 0.016891891891891893
0 0.9553333333333334 0.4263513513513513 0.007666666666666666 0.02972972972972973
0 0.5506666666666666 0.8283783783783784 0.010666666666666666 0.025
0 0.8806666666666667 0.45675675675675675 0.008333333333333333 0.02027027027027027
0 0.405 0.5864864864864865 0.006333333333333333 0.025675675675675677
0 0.628 0.2959459459459459 0.006333333333333333 0.020945945945945947
0 0.30766666666666664 0.28175675675675677 0.009 0.016216216216216217
0 0.9656666666666667 0.8905405405405405 0.007666666666666666 0.01756756756756757
0 0.42866666666666664 0.8033783783783783 0.008666666666666666 0.011486486486486487
0 0.43666666666666665 0.8006756756756757 0.007666666666666666 0.01418918918918919
0 0.5203333333333333 0.8729729729729729 0.009333333333333334 0.015540540540540541
0 0.49266666666666664 0.3885135135135135 0.009333333333333334 0.012162162162162163
0 0.2986666666666667 0.7824324324324324 0.006666666666666667 0.02702702702702703
0 0.061 0.9912162162162163 0.010666666666666666 0.014864864864864866
0 0.25233333333333335 0.9148648648648648 0.005333333333333333 0.02837837837837838
0 0.20933333333333334 0.9094594594594595 0.009666666666666667 0.012837837837837839
0 0.072 0.9662162162162162 0.015 0.015540540540540541
0 0.067 0.9412162162162162 0.008666666666666666 0.027702702702702704
0 0.06733333333333333 0.9013513513513514 0.015666666666666666 0.01756756756756757
0 0.13366666666666666 0.14797297297297296 0.006 0.02837837837837838
0 0.165 0.23648648648648649 0.013333333333333334 0.021621621621621623
0 0.13333333333333333 0.2527027027027027 0.012666666666666666 0.030405405405405407
0 0.221 0.20337837837837838 0.01 0.02837837837837838
0 0.19566666666666666 0.2993243243243243 0.008 0.026351351351351353
0 0.113 0.39797297297297296 0.008333333333333333 0.030405405405405407
0 0.04466666666666667 0.3837837837837838 0.008666666666666666 0.02837837837837838
0 0.101 0.5216216216216216 0.008333333333333333 0.02837837837837838
0 0.16533333333333333 0.4817567567567568 0.009 0.025675675675675677
0 0.2786666666666667 0.3385135135135135 0.012666666666666666 0.022972972972972974
0 0.3556666666666667 0.4864864864864865 0.011 0.02027027027027027
0 0.353 0.4027027027027027 0.010666666666666666 0.029054054054054056
0 0.3566666666666667 0.3635135135135135 0.016 0.015540540540540541
0 0.402 0.3891891891891892 0.011333333333333334 0.016891891891891893
0 0.016666666666666666 0.7513513513513513 0.006666666666666667 0.02702702702702703
0 0.018333333333333333 0.918918918918919 0.011 0.0222972972972973
0 0.12066666666666667 0.9763513513513513 0.014333333333333333 0.01891891891891892
0 0.376 0.7378378378378379 0.009333333333333334 0.02972972972972973
0 0.356 0.7925675675675675 0.011666666666666667 0.020945945945945947
0 0.3456666666666667 0.8054054054054054 0.009 0.021621621621621623
0 0.36533333333333334 0.9182432432432432 0.009666666666666667 0.032432432432432434
0 0.49466666666666664 0.7837837837837838 0.009666666666666667 0.02364864864864865
0 0.45966666666666667 0.8533783783783784 0.008333333333333333 0.022972972972972974
0 0.5683333333333334 0.8722972972972973 0.009333333333333334 0.027702702702702704
0 0.5963333333333334 0.8878378378378379 0.007 0.030405405405405407
0 0.59 0.8216216216216217 0.012 0.01891891891891892
0 0.604 0.9898648648648649 0.006333333333333333 0.01891891891891892
0 0.6096666666666667 0.9885135135135135 0.006333333333333333 0.018243243243243244
0 0.686 0.8885135135135135 0.007333333333333333 0.026351351351351353
0 0.8226666666666667 0.9452702702702702 0.011333333333333334 0.02972972972972973
0 0.8296666666666667 0.8763513513513513 0.009 0.025675675675675677
0 0.804 0.7216216216216216 0.007 0.025
0 0.9976666666666667 0.8425675675675676 0.004333333333333333 0.018243243243243244
0 0.965 0.8777027027027027 0.011666666666666667 0.01418918918918919
0 0.996 0.6412162162162162 0.006333333333333333 0.02837837837837838
0 0.852 0.6243243243243243 0.007 0.025675675675675677
0 0.8003333333333333 0.6445945945945946 0.007666666666666666 0.025
0 0.8253333333333334 0.6574324324324324 0.008666666666666666 0.02702702702702703
0 0.7773333333333333 0.6270270270270271 0.007 0.021621621621621623
0 0.7716666666666666 0.6452702702702703 0.015 0.02027027027027027
0 0.9466666666666667 0.4891891891891892 0.006666666666666667 0.025
0 0.926 0.4689189189189189 0.011 0.016891891891891893
0 0.8576666666666667 0.42567567567567566 0.013333333333333334 0.024324324324324326
0 0.748 0.3614864864864865 0.012666666666666666 0.012162162162162163
0 0.6906666666666667 0.45878378378378376 0.008333333333333333 0.03310810810810811
0 0.8326666666666667 0.31756756756756754 0.006666666666666667 0.020945945945945947
0 0.836 0.30675675675675673 0.007666666666666666 0.025675675675675677
0 0.9326666666666666 0.3 0.008666666666666666 0.03175675675675676
0 0.9433333333333334 0.327027027027027 0.012666666666666666 0.020945945945945947
0 0.9213333333333333 0.14662162162162162 0.012 0.02027027027027027
0 0.943 0.0722972972972973 0.005 0.01756756756756757
0 0.9383333333333334 0.062162162162162166 0.009333333333333334 0.011486486486486487
0 0.7813333333333333 0.2168918918918919 0.006 0.025
0 0.649 0.2087837837837838 0.012 0.012837837837837839
0 0.521 0.11351351351351352 0.009 0.027702702702702704
0 0.4673333333333333 0.12905405405405404 0.007666666666666666 0.022972972972972974
0 0.418 0.10405405405405406 0.010333333333333333 0.022972972972972974
0 0.421 0.11013513513513513 0.007666666666666666 0.01756756756756757
0 0.47833333333333333 0.2831081081081081 0.008 0.030405405405405407
0 0.3463333333333333 0.23581081081081082 0.008333333333333333 0.027702702702702704
0 0.38166666666666665 0.0945945945945946 0.009666666666666667 0.021621621621621623
0 0.23466666666666666 0.03310810810810811 0.010666666666666666 0.014864864864864866
0 0.44 0.17905405405405406 0.008333333333333333 0.025
0 0.43833333333333335 0.43243243243243246 0.008 0.027702702702702704
0 0.6093333333333333 0.31756756756756754 0.010333333333333333 0.03310810810810811
0 0.9016666666666666 0.5371621621621622 0.006666666666666667 0.019594594594594596
0 0.9573333333333334 0.5398648648648648 0.006333333333333333 0.025675675675675677
0 0.6566666666666666 0.5621621621621622 0.009666666666666667 0.031081081081081083
0 0.6546666666666666 0.5844594594594594 0.008 0.022972972972972974
0 0.5913333333333334 0.49324324324324326 0.012666666666666666 0.01418918918918919
0 0.9973333333333333 0.4418918918918919 0.005333333333333333 0.021621621621621623
0 0.833 0.9074324324324324 0.006333333333333333 0.022972972972972974
0 0.943 0.9905405405405405 0.008666666666666666 0.013513513513513514
0 0.9963333333333333 0.9263513513513514 0.007333333333333333 0.02027027027027027
0 0.48533333333333334 0.5412162162162162 0.009 0.027702702702702704
0 0.44033333333333335 0.5912162162162162 0.011 0.025
0 0.413 0.48783783783783785 0.007666666666666666 0.030405405405405407
0 0.499 0.525 0.010666666666666666 0.025
0 0.5183333333333333 0.6229729729729729 0.012666666666666666 0.018243243243243244
0 0.5233333333333333 0.606081081081081 0.011666666666666667 0.020945945945945947
0 0.5483333333333333 0.6135135135135135 0.015 0.01756756756756757
0 0.6713333333333333 0.6412162162162162 0.012 0.029054054054054056
0 0.41733333333333333 0.12094594594594595 0.011 0.016216216216216217
0 0.286 0.4155405405405405 0.007666666666666666 0.024324324324324326
0 0.276 0.41216216216216217 0.008666666666666666 0.021621621621621623
0 0.18466666666666667 0.4939189189189189 0.013333333333333334 0.021621621621621623
0 0.30433333333333334 0.42027027027027025 0.013 0.0222972972972973
0 0.30966666666666665 0.41081081081081083 0.012666666666666666 0.01418918918918919
0 0.20433333333333334 0.7101351351351352 0.015333333333333332 0.02027027027027027
0 0.4093333333333333 0.8033783783783783 0.009333333333333334 0.024324324324324326
0 0.4166666666666667 0.8047297297297298 0.010333333333333333 0.01418918918918919
0 0.4573333333333333 0.8641891891891892 0.012333333333333333 0.02027027027027027
0 0.22766666666666666 0.9195945945945946 0.010666666666666666 0.024324324324324326
0 0.2783333333333333 0.9824324324324324 0.012 0.015540540540540541
0 0.027666666666666666 0.8243243243243243 0.013666666666666667 0.016891891891891893
0 0.018666666666666668 0.847972972972973 0.01 0.02027027027027027
0 0.6286666666666667 0.8331081081081081 0.010666666666666666 0.016216216216216217
0 0.6323333333333333 0.8655405405405405 0.012 0.016216216216216217
0 0.5253333333333333 0.7804054054054054 0.009333333333333334 0.0222972972972973
0 0.782 0.6459459459459459 0.010333333333333333 0.015540540540540541
0 0.6683333333333333 0.5837837837837838 0.011 0.01418918918918919
0 0.8876666666666667 0.21283783783783783 0.008333333333333333 0.026351351351351353
0 0.5213333333333333 0.17635135135135135 0.006666666666666667 0.021621621621621623
0 0.8736666666666667 0.35405405405405405 0.007333333333333333 0.01756756756756757
0 0.6483333333333333 0.21486486486486486 0.014333333333333333 0.010810810810810811
0 0.755 0.03513513513513514 0.010333333333333333 0.013513513513513514