0 0.9799374999999999 0.3112282091917591 0.01161328125 0.016473851030110936
0 0.7750546875000001 0.12164817749603804 0.00989453125 0.018042789223454835
0 0.87664453125 0.1338351822503962 0.012265624999999999 0.01942947702060222
0 0.42420703125000003 0.8066164817749604 0.01379296875 0.013462757527733755
0 0.79397265625 0.21323296354992077 0.01376953125 0.01600633914421553
0 0.24078906249999998 0.5361965134706814 0.013171875 0.022171156893819335
0 0.93700390625 0.9340095087163233 0.015089843750000002 0.015206022187004755
0 0.32833984374999997 0.358716323296355 0.01344140625 0.015736925515055466
0 0.38408984375 0.5751188589540411 0.00834765625 0.018288431061806654
0 0.1781484375 0.5190491283676704 0.00873828125 0.014461172741679873
0 0.3097109375 0.1640015847860539 0.015078125000000001 0.015142630744849445
0 0.56092578125 0.626782884310618 0.0102734375 0.01807448494453249
0 0.9560703125 0.1324564183835182 0.01271484375 0.01938985736925515
0 0.46977734375 0.35530110935023773 0.0118671875 0.01904120443740095
0 0.12337499999999998 0.4133438985736925 0.01271484375 0.01777337559429477
0 0.29910546875 0.4829160063391443 0.008 0.019960380348652933
0 0.5915507812499999 0.2296513470681458 0.012085937500000001 0.014524564183835182
0 0.8350234375 0.50270206022187 0.011226562499999999 0.014263074484944533
0 0.63140234375 0.5798732171156894 0.014124999999999999 0.017424722662440568
0 0.0730234375 0.8474960380348653 0.01256640625 0.012916006339144217
0 0.222703125 0.26630744849445326 0.010863281249999999 0.01746434231378764
0 0.16326171875 0.8407923930269413 0.0109609375 0.017068145800316955
0 0.8403984375 0.5223771790808241 0.01199609375 0.01427892234548336
0 0.18808984374999999 0.7822424722662441 0.0081640625 0.019540412044374008
0 0.6847578125 0.7041045958795563 0.01085546875 0.012630744849445324
0 0.64622265625 0.11445324881141046 0.01548046875 0.01491283676703645
0 0.523140625 0.10352614896988907 0.00841015625 0.01835974643423138
0 0.80288671875 0.4962202852614897 0.013105468749999998 0.018399366085578447
0 0.10919921875000001 0.2253486529318542 0.015875 0.013399366085578446
0 0.18000390625 0.08793185419968304 0.00971875 0.018351822503961966
0 0.8965781249999999 0.07103011093502377 0.013078125 0.018835182250396196
0 0.96988671875 0.8356101426307448 0.009828125 0.020364500792393027
0 0.8403750000000001 0.5851109350237718 0.010624999999999999 0.020007923930269414
0 0.3950703125 0.7428684627575277 0.013148437499999999 0.015974643423137876
0 0.7890937499999999 0.840095087163233 0.01165625 0.016862123613312203
0 0.08676953125 0.37080824088748016 0.012636718750000001 0.015736925515055466
0 0.42318749999999994 0.056941362916006336 0.0085390625 0.017789223454833598
0 0.7026679687499999 0.16582408874801902 0.008546874999999999 0.02484944532488114
0 0.11570703125 0.8995404120443741 0.006875000000000001 0.023011093502377178
0 0.90446875 0.10474643423137876 0.01235546875 0.019112519809825673
0 0.8300468750000001 0.6714104595879556 0.010374999999999999 0.014952456418383518
0 0.5298046875 0.9097385103011093 0.014734375 0.013225039619651349
0 0.37321484374999997 0.9461965134706813 0.0085859375 0.019064976228209192
0 0.38670312500000004 0.7142393026941363 0.008367187500000001 0.018874801901743263
0 0.21993749999999998 0.9331933438985738 0.01069140625 0.01931854199683043
0 0.13154296875 0.5327258320126782 0.01396484375 0.01567353407290016
0 0.60557421875 0.7980031695721078 0.0094375 0.025348652931854197
0 0.2395546875 0.1408716323296355 0.00882421875 0.021125198098256734
0 0.9374218750000001 0.6931458003169572 0.01455078125 0.016022187004754357
0 0.5754765625 0.10904912836767036 0.0089140625 0.015134706814580033
0 0.31234375000000003 0.9598019017432646 0.0156484375 0.015744849445324883
0 0.5481953125000001 0.04706022187004755 0.014683593750000001 0.016275752773375594
0 0.50120703125 0.7350475435816165 0.0070234375 0.024374009508716325
0 0.8842656249999999 0.47229793977812995 0.011125 0.021164817749603805
0 0.53225390625 0.6327812995245642 0.015617187499999999 0.01681458003169572
0 0.7445859375 0.24187004754358163 0.010074218749999999 0.012012678288431063
0 0.56093359375 0.3219651347068146 0.00737890625 0.027852614896988905
0 0.7120078125 0.4954675118858954 0.0159453125 0.014223454833597464
0 0.12605078125 0.3478446909667195 0.009296875 0.020618066561014264
0 0.73694921875 0.9559429477020603 0.012871093750000001 0.017234548335974643
0 0.57276953125 0.11999207606973059 0.00955078125 0.01870839936608558
0 0.95059765625 0.4968858954041205 0.01875 0.01414421553090333
0 0.8191171875000001 0.7499683042789224 0.00999609375 0.021553090332805072
0 0.42116406250000005 0.518716323296355 0.0068320312499999996 0.02676703645007924
0 0.66094921875 0.9214659270998417 0.0128203125 0.017305863708399365
0 0.7053203124999999 0.3624247226624406 0.010925781249999999 0.01941362916006339
0 0.688515625 0.589080824088748 0.00895703125 0.02381933438985737
0 0.7368515625 0.28160855784469097 0.00995703125 0.02227416798732171
0 0.53684765625 0.4013946117274168 0.01193359375 0.020404120443740095
0 0.644609375 0.6296038034865292 0.01134375 0.01713946117274168
0 0.7380859375 0.5906497622820919 0.011414062499999999 0.02100633914421553
0 0.3541328125 0.9023692551505547 0.00823046875 0.026513470681458005
0 0.541796875 0.29922345483359747 0.009 0.024912836767036452
0 0.1061015625 0.5328763866877971 0.0085703125 0.01683042789223455
0 0.70437890625 0.44243264659271 0.01218359375 0.015190174326465928
0 0.48017578125 0.6869809825673534 0.00762890625 0.01262282091917591
0 0.14159375000000002 0.018240887480190173 0.01011328125 0.01908082408874802
0 0.7455742187500001 0.9563074484944531 0.007773437499999999 0.016362916006339143
0 0.58198828125 0.6482012678288431 0.00737109375 0.02072107765451664
0 0.5123125 0.07460380348652933 0.01330078125 0.013280507131537243
0 0.2598671875 0.546418383518225 0.01615234375 0.021164817749603805
0 0.12808984375000002 0.6282329635499208 0.0077304687499999995 0.012456418383518226
0 0.48287890625 0.4674167987321712 0.0115 0.013613312202852614
0 0.29644140625 0.6148811410459588 0.01082421875 0.012781299524564183
0 0.256203125 0.38079239302694134 0.0096796875 0.022004754358161648
0 0.70652734375 0.7362519809825674 0.006828125 0.016101426307448496
0 0.9178671875 0.20870047543581616 0.009035156249999999 0.025586370839936607
0 0.12228515625 0.13182250396196515 0.0074062500000000005 0.018637083993660854
0 0.29659375 0.2624088748019018 0.010953125 0.021125198098256734
0 0.78026171875 0.08015055467511886 0.01112109375 0.01875594294770206
0 0.8006132812500001 0.746743264659271 0.00771484375 0.024421553090332806
0 0.2368515625 0.29148177496038036 0.00771484375 0.016212361331220285
0 0.15037499999999998 0.7368304278922345 0.012562499999999999 0.01332012678288431
0 0.69577734375 0.0880824088748019 0.009726562499999999 0.024976228209191757
0 0.09746484375 0.18787638668779713 0.01121875 0.016537242472266244
0 0.4413046875 0.21181458003169573 0.010132812500000001 0.014508716323296355
0 0.03378125 0.29358161648177494 0.012953125 0.013961965134706815
0 0.2218203125 0.05979397781299524 0.01075390625 0.015269413629160063
0 0.25547265625 0.16073692551505547 0.008546874999999999 0.0194770206022187
0 0.60237890625 0.7156022187004755 0.0090859375 0.022543581616481775
0 0.693890625 0.01838351822503962 0.009703125 0.021996830427892237
0 0.97150390625 0.3709904912836767 0.014226562500000001 0.012480190174326465
0 0.9126796875000001 0.6010301109350238 0.012328124999999999 0.016806656101426308
0 0.7758164062499999 0.41447702060221875 0.01099609375 0.020277337559429478
0 0.5506328125 0.786703645007924 0.00995703125 0.024302694136291603
0 0.23171484375 0.9567353407290017 0.012656249999999999 0.012353407290015848
0 0.69111328125 0.3550158478605388 0.01081640625 0.01812202852614897
0 0.383765625 0.44010301109350236 0.00728125 0.017820919175911252
0 0.9325976562499999 0.6037638668779715 0.01219140625 0.014690966719492868
0 0.53044140625 0.41290808240887483 0.00641796875 0.0315689381933439
0 0.8361835937500001 0.029746434231378762 0.007671875 0.025657686212361332
0 0.25765625000000003 0.20276545166402535 0.0073906250000000005 0.017361331220285263
0 0.40082421874999996 0.26654516640253567 0.008847656249999999 0.02934231378763867
0 0.508203125 0.5992472266244057 0.010421875 0.018557844690966722
0 0.34823046875 0.49229001584786053 0.013203125 0.02214738510301109
0 0.1162421875 0.38164025356576864 0.0111484375 0.01323296354992076
0 0.792546875 0.7774009508716324 0.015328125000000001 0.015
0 0.04351171875 0.7050237717908082 0.014640624999999999 0.01607765451664025
0 0.0973671875 0.05998415213946118 0.00965234375 0.025103011093502377
0 0.27811328125 0.9080427892234548 0.0112421875 0.01631537242472266
0 0.6412382812499999 0.36791600633914423 0.01062890625 0.02214738510301109
0 0.46801171874999997 0.8192630744849446 0.011078125 0.011822503961965134
0 0.85367578125 0.3016244057052298 0.00889453125 0.019698890649762282
0 0.21727734375000002 0.4640966719492869 0.010496093750000001 0.026695721077654513
0 0.58469921875 0.26489698890649765 0.00792578125 0.021093502377179083
0 0.614640625 0.384540412044374 0.00845703125 0.021180665610142632
0 0.8908242187500001 0.5004278922345483 0.01205078125 0.021386687797147384
0 0.72455859375 0.055229793977812996 0.0082578125 0.02098256735340729
0 0.18326953125 0.9370998415213945 0.0066484375 0.014461172741679873
0 0.49916015625 0.33742472266244056 0.0093203125 0.0191283676703645
0 0.42840625 0.7326148969889065 0.00959375 0.021339144215530903
0 0.8224296875 0.09742472266244057 0.009265625 0.01676703645007924
0 0.10020312499999999 0.5845483359746435 0.008972656249999999 0.01683042789223455
0 0.24075000000000002 0.952147385103011 0.011289062499999999 0.014754358161648178
0 0.41149609375 0.9271473851030111 0.01283203125 0.012670364500792394
0 0.407515625 0.11877179080824088 0.01295703125 0.015166402535657687
0 0.25673046875 0.46460380348652935 0.00853515625 0.023724247226624407
0 0.08408203125 0.264540412044374 0.01332421875 0.01599841521394612
0 0.64290625 0.041774960380348655 0.012449218750000001 0.015007923930269415
0 0.1221640625 0.923256735340729 0.013472656250000001 0.013090332805071315
0 0.44866015625 0.6365372424722662 0.00848828125 0.02100633914421553
0 0.04273046875 0.9119889064976229 0.014738281249999999 0.01384310618066561
0 0.86612109375 0.7253011093502377 0.008375 0.027012678288431066
0 0.32554296875 0.015879556259904913 0.010734375 0.019088748019017433
0 0.39310546875 0.15136291600633917 0.0077382812499999995 0.021687797147385102
0 0.87897265625 0.649080824088748 0.01073046875 0.016450079239302695
0 0.13796484375 0.7418304278922346 0.011125 0.012702060221870048
0 0.44341796875000006 0.9482250396196514 0.0104140625 0.016846275752773376
0 0.6905234375 0.16776545166402534 0.007984375 0.028423137876386687
0 0.54627734375 0.8199603803486529 0.01026953125 0.018510301109350237
0 0.112625 0.9726703645007924 0.013496093749999999 0.014469096671949289
0 0.13855078125 0.05557844690966719 0.0090546875 0.014532488114104595
0 0.0199609375 0.1637321711568938 0.0112578125 0.015713153724247225
0 0.5243125 0.19578446909667196 0.007425781250000001 0.02611727416798732
0 0.6962421875 0.053660855784469094 0.01103515625 0.022955625990491283
0 0.4443125 0.9207527733755942 0.00999609375 0.01945324881141046
0 0.1950234375 0.8143977812995246 0.00744921875 0.01792393026941363
0 0.47749218750000005 0.5502614896988907 0.010078125 0.012187004754358162
0 0.47365625 0.437931854199683 0.00664453125 0.02561806656101426
0 0.7053476562500001 0.11324881141045957 0.01265234375 0.014873217115689381
0 0.2166015625 0.75040412044374 0.010371093750000001 0.016212361331220285
0 0.316 0.46212361331220286 0.0096796875 0.024183835182250396
0 0.76998046875 0.4437242472266244 0.010453125 0.025665610142630746
0 0.9383203124999999 0.4376782884310618 0.00853515625 0.017805071315372425
0 0.299046875 0.20550713153724248 0.00810546875 0.0233122028526149
0 0.73424609375 0.3124960380348653 0.01169140625 0.01631537242472266
0 0.27502734375000004 0.8309429477020603 0.007167968750000001 0.021347068145800317
0 0.6511875 0.06418383518225039 0.00984375 0.02294770206022187
0 0.19394921874999999 0.7745166402535658 0.01441796875 0.015364500792393028
0 0.9230078125000001 0.6498573692551506 0.008453125 0.028438985736925517
0 0.135109375 0.8991521394611728 0.00821875 0.027963549920760698
0 0.019640625000000002 0.32777337559429476 0.006804687500000001 0.022424722662440572
0 0.40292578125 0.4069651347068146 0.00671875 0.024865293185419968
0 0.2052734375 0.1921553090332805 0.00785546875 0.01580824088748019
0 0.47474218749999997 0.09878763866877971 0.00744140625 0.029049128367670363
0 0.27235546875 0.8311489698890651 0.00609375 0.021608557844690967
0 0.39256250000000004 0.5232171156893819 0.00712890625 0.02213946117274168
0 0.6744453125 0.43530110935023775 0.0109375 0.010713153724247226
0 0.9828046875 0.19578446909667196 0.00876953125 0.019405705229793978
0 0.318546875 0.28566561014263075 0.01066015625 0.025633914421553092
0 0.80322265625 0.9770602218700475 0.00932421875 0.019397781299524564
0 0.7381367187500001 0.6753328050713153 0.00816015625 0.017820919175911252
0 0.3553359375 0.7628605388272583 0.006671874999999999 0.027163232963549923
0 0.1396015625 0.671648177496038 0.01014453125 0.01973851030110935
0 0.8099804687500001 0.05615689381933439 0.016328125 0.01390649762282092
0 0.60730859375 0.23189381933438985 0.00673046875 0.02972266244057052
0 0.9041953125 0.05435023771790808 0.010765625 0.02074484944532488
0 0.54926953125 0.6729714738510301 0.009699218749999999 0.019009508716323294
0 0.3622109375 0.0852377179080824 0.0071874999999999994 0.018399366085578447
0 0.2217265625 0.9017511885895404 0.00790625 0.012012678288431063
0 0.28942578124999996 0.10770998415213946 0.00953125 0.020760697305863707
0 0.719515625 0.9308161648177496 0.01328125 0.021656101426307448
0 0.47684765625000003 0.7501822503961966 0.01138671875 0.01176703645007924
0 0.77216796875 0.7254754358161648 0.0089296875 0.027860538827258318
0 0.55801171875 0.5245404120443741 0.00876953125 0.027226624405705228
0 0.47298046875 0.9936925515055467 0.006988281250000001 0.012614896988906497
0 0.46603515624999997 0.21888272583201268 0.0071484375 0.02421553090332805
0 0.533890625 0.03269413629160063 0.00862890625 0.027765451664025356
0 0.07398828125 0.52270206022187 0.01178125 0.021014263074484944
0 0.55103515625 0.6105705229793977 0.0113671875 0.02869255150554675
0 0.95112109375 0.806687797147385 0.00796875 0.026545166402535656
0 0.6149648437499999 0.8892234548335975 0.00771484375 0.01772583201267829
0 0.8193789062500001 0.07544374009508716 0.009097656249999999 0.023645007923930268
0 0.0328984375 0.40438985736925515 0.0160546875 0.012614896988906497
0 0.2818828125 0.9074960380348653 0.0072968749999999995 0.012963549920760696
0 0.20945703125 0.9046434231378765 0.0069179687500000005 0.021251980982567354
0 0.5875703125 0.9326148969889065 0.00886328125 0.028898573692551506
0 0.7864023437500001 0.652892234548336 0.0105078125 0.01781299524564184
0 0.10942578124999999 0.509366085578447 0.010496093750000001 0.013811410459587956
0 0.20930468750000003 0.8744374009508716 0.0068632812500000005 0.02487321711568938
0 0.5089648437500001 0.8431061806656102 0.009648437499999999 0.019706814580031696
0 0.89344140625 0.7538589540412044 0.010203125 0.019247226624405703
0 0.96674609375 0.2751347068145801 0.00947265625 0.022702060221870046
0 0.78078515625 0.8302377179080824 0.010843750000000001 0.02103011093502377
0 0.29433203125 0.645554675118859 0.00838671875 0.018613312202852613
0 0.46526953125 0.82783676703645 0.0100625 0.014548335974643422
0 0.85721875 0.32293977812995245 0.009859375 0.013541996830427892
0 0.35441406249999996 0.09727416798732172 0.0085390625 0.023351822503961964
0 0.86449609375 0.4391996830427892 0.007929687500000001 0.028843106180665608
0 0.96624609375 0.7379714738510301 0.00783203125 0.02487321711568938
0 0.88018359375 0.2129160063391442 0.008328125 0.021648177496038035
0 0.91043359375 0.8035578446909667 0.009824218749999999 0.018763866877971474
0 0.7129140625 0.6934310618066561 0.01279296875 0.016434231378763865
0 0.60614453125 0.6505229793977814 0.006136718750000001 0.02049920760697306
0 0.9081601562499999 0.7567749603803486 0.007292968750000001 0.02543581616481775
0 0.3654921875 0.6815610142630745 0.00642578125 0.025285261489698892
0 0.62720703125 0.5271156893819334 0.00655078125 0.02657686212361331
0 0.901453125 0.8695404120443739 0.00861328125 0.026354992076069728
0 0.89465625 0.7968225039619652 0.01019140625 0.02267828843106181
0 0.44425781249999996 0.768716323296355 0.00609375 0.026893819334389855
0 0.9578671875 0.8708478605388272 0.0085234375 0.027939778129952453
0 0.54143359375 0.8283676703645009 0.00726953125 0.027464342313787637
0 0.9465625 0.7769096671949287 0.00881640625 0.021513470681458
0 0.5510390625 0.8104199683042789 0.0074375 0.02133122028526149
0 0.55001171875 0.9244136291600633 0.00855859375 0.02960380348652932
0 0.48531640625000005 0.8490015847860539 0.009726562499999999 0.028145800316957213
0 0.5745546874999999 0.506703645007924 0.00790625 0.028438985736925517
0 0.182 0.6377099841521394 0.013238281250000001 0.012020602218700476
0 0.6628515625 0.2226307448494453 0.0122265625 0.019564183835182252
0 0.6622109375 0.20963549920760696 0.0081875 0.014025356576862123
0 0.97416796875 0.24589540412044372 0.006203125 0.02935023771790808
0 0.803921875 0.8222662440570523 0.006953125 0.019960380348652933
0 0.1550703125 0.8792868462757528 0.008921875 0.01770206022187005
0 0.65970703125 0.3887083993660856 0.00619140625 0.022400950871632328
0 0.44684765625 0.5678129952456419 0.006324218750000001 0.030824088748019018
0 0.6890273437500001 0.7248494453248812 0.00768359375 0.025673534072900156
0 0.8789492187500001 0.09867670364500793 0.009644531250000001 0.025467511885895404
0 0.686578125 0.468486529318542 0.00832421875 0.020752773375594297
0 0.34355859375 0.8091125198098257 0.00853125 0.029270998415213946
0 0.8059335937500001 0.9526386687797147 0.0091328125 0.021537242472266245
0 0.426859375 0.04409667194928685 0.007734375 0.021624405705229794
0 0.580859375 0.167107765451664 0.00694921875 0.02368462757527734
0 0.49154296875 0.35481774960380347 0.008968750000000001 0.01962757527733756
0 0.3806640625 0.7744136291600634 0.007710937499999999 0.030229793977812995
0 0.9709140625 0.7546117274167987 0.0068554687500000005 0.02408874801901743
0 0.92894921875 0.46366877971473847 0.007375 0.02093502377179081
0 0.2809453125 0.024445324881141046 0.014515624999999999 0.01386687797147385
0 0.38441796875 0.31328843106180665 0.007578125 0.019096671949286846
0 0.30203125000000003 0.59513470681458 0.0103984375 0.021426307448494452
0 0.2895234375 0.3244294770206022 0.008828125000000001 0.01762282091917591
0 0.32406250000000003 0.5682646592709985 0.00724609375 0.021759112519809828
0 0.62788671875 0.26899366085578447 0.007292968750000001 0.02637876386687797
0 0.0170390625 0.21434231378763866 0.00771484375 0.016172741679873218
0 0.2506484375 0.6208716323296355 0.00634765625 0.027068145800316953
0 0.5312890625 0.5380348652931854 0.0068359375 0.027496038034865295
0 0.12168749999999999 0.6575594294770206 0.007484375 0.015507131537242473
0 0.45728125000000003 0.03964342313787639 0.00803515625 0.0241283676703645
0 0.53267578125 0.3170522979397781 0.012921875 0.01781299524564184
0 0.6320820312500001 0.39241679873217117 0.00639453125 0.02113312202852615
0 0.7434960937499999 0.6391521394611728 0.00844140625 0.02164025356576862
0 0.7834414062499999 0.11173534072900158 0.00679296875 0.024263074484944535
0 0.3083515625 0.7506022187004754 0.00605859375 0.02214738510301109
0 0.094 0.5263629160063391 0.00749609375 0.013462757527733755
0 0.6222734375 0.3146671949286846 0.00987890625 0.019683042789223455
0 0.25895703124999997 0.15759112519809826 0.0082578125 0.021497622820919174
0 0.5884140625 0.04438985736925515 0.00941015625 0.019548335974643425
0 0.0421328125 0.012583201267828843 0.0093125 0.012638668779714738
0 0.608171875 0.8765768621236133 0.008390625 0.02438985736925515
0 0.70659765625 0.6912916006339144 0.00791796875 0.016798732171156894
0 0.19521093750000001 0.1627337559429477 0.00769921875 0.01753565768621236
0 0.386953125 0.6798811410459588 0.00616015625 0.021854199683042787
0 0.2038203125 0.17642630744849447 0.0039960937500000005 0.020776545166402535
0 0.6070625 0.061402535657686205 0.011421875 0.019294770206022188
0 0.8116914062499999 0.8724801901743264 0.010921875000000001 0.027939778129952453
0 0.57133984375 0.09683042789223455 0.00874609375 0.025982567353407288
0 0.21046484375 0.6185657686212361 0.007078125 0.02712361331220285
0 0.0358203125 0.9775752773375594 0.01134375 0.015269413629160063
0 0.03765625 0.359904912836767 0.00671875 0.023565768621236133
0 0.1198515625 0.6135023771790808 0.008179687500000001 0.01763866877971474
0 0.81356640625 0.21709984152139464 0.009824218749999999 0.018700475435816166
0 0.186234375 0.735784469096672 0.00720703125 0.028637083993660856
0 0.31417578125 0.7518066561014263 0.008078125 0.01286053882725832
0 0.9349765624999999 0.4672266244057052 0.007015625 0.028510301109350236
0 0.9648632812500001 0.795419968304279 0.00815234375 0.019706814580031696
0 0.19622656249999998 0.4346038034865293 0.007480468749999999 0.02503961965134707
0 0.76211328125 0.6065293185419969 0.00965625 0.028843106180665608
0 0.6171249999999999 0.8762916006339145 0.0128203125 0.018700475435816166
0 0.97165234375 0.8568383518225039 0.009890625 0.02196513470681458
0 0.9186640625000001 0.8281299524564183 0.007285156249999999 0.02246434231378764
0 0.75111328125 0.7896038034865294 0.00718359375 0.020752773375594297
0 0.8205078125 0.20340729001584784 0.0107578125 0.02332012678288431
0 0.34346875 0.7525198098256735 0.013355468749999998 0.018930269413629162
0 0.82198046875 0.9565847860538828 0.0076953125 0.019611727416798733
0 0.047578125 0.8332329635499207 0.0105234375 0.012036450079239302
0 0.0992109375 0.7611331220285261 0.00990234375 0.01938985736925515
0 0.42812890625 0.8691362916006339 0.0069179687500000005 0.027599049128367668
0 0.15020703124999998 0.9942868462757527 0.00788671875 0.011426307448494454
0 0.3667109375 0.21799524564183836 0.0062734374999999995 0.02414421553090333
0 0.4789296875 0.7871711568938193 0.01186328125 0.012781299524564183
0 0.13274609375 0.05838351822503963 0.0060078125 0.019445324881141045
0 0.7830390625 0.509310618066561 0.0086640625 0.022218700475435817
0 0.9035781249999999 0.42942155309033275 0.00934765625 0.021695721077654516
0 0.44176953125 0.8707369255150553 0.00763671875 0.02454041204437401
0 0.13033203124999998 0.6133835182250397 0.010621093750000001 0.024730586370839937
0 0.198046875 0.8068700475435816 0.00882421875 0.011996830427892236
0 0.05919140625 0.5088668779714739 0.01034375 0.009516640253565769
0 0.6948671875 0.4548573692551505 0.0124140625 0.020570522979397782
0 0.2136796875 0.8535340729001586 0.008578125 0.02339144215530903
0 0.46937890624999995 0.2696909667194929 0.00641796875 0.0163946117274168
0 0.93503515625 0.42263074484944535 0.01113671875 0.01709984152139461
0 0.65278125 0.5692630744849445 0.0065390625 0.028122028526148972
0 0.6772421875 0.4185895404120444 0.012046875 0.013541996830427892
0 0.301234375 0.516608557844691 0.006628906249999999 0.025
0 0.26129296874999997 0.20298732171156894 0.00786328125 0.01978605388272583
0 0.91706640625 0.2261568938193344 0.0143671875 0.016545166402535658
0 0.70321484375 0.46549128367670367 0.007124999999999999 0.01629160063391442
0 0.26530859375000004 0.03525356576862124 0.00809375 0.025340729001584787
0 0.253328125 0.9618462757527733 0.0081875 0.01762282091917591
0 0.2580078125 0.9564183835182251 0.010863281249999999 0.01762282091917591
0 0.27059765625 0.960039619651347 0.0057421875 0.022591125198098257
0 0.26742187500000003 0.9062519809825674 0.00941796875 0.01762282091917591
0 0.21488671875 0.903082408874802 0.00751171875 0.018526148969889064
0 0.19054296875 0.8091838351822505 0.0073984375000000005 0.01242472266244057
0 0.0038593750000000004 0.020007923930269414 0.007476562500000001 0.02508716323296355
0 0.05450000000000001 0.08645007923930269 0.00715234375 0.02779714738510301
0 0.0380078125 0.11650554675118859 0.0080390625 0.024627575277337558
0 0.02458203125 0.22137083993660855 0.007480468749999999 0.026434231378763866
0 0.06486328125 0.1864500792393027 0.0078203125 0.03254358161648178
0 0.045640625000000004 0.27357369255150554 0.00815234375 0.027789223454833596
0 0.057171875000000004 0.27018225039619653 0.00046484375 0.000681458003169572
0 0.130265625 0.1000079239302694 0.01340234375 0.014231378763866879
0 0.14658593749999999 0.11549128367670365 0.0068320312499999996 0.028019017432646592
0 0.158453125 0.08836767036450079 0.006500000000000001 0.025309033280507133
0 0.12653125 0.06916006339144215 0.006828125 0.020340729001584786
0 0.1221875 0.10498415213946118 0.00749609375 0.028700475435816164
0 0.16162890624999998 0.10565768621236134 0.0058671875 0.024183835182250396
0 0.1188984375 0.31458795562599046 0.0120625 0.01491283676703645
0 0.1959453125 0.18362916006339144 0.007062499999999999 0.028700475435816164
0 0.21266015624999998 0.16396196513470682 0.0097421875 0.0219175911251981
0 0.2081484375 0.17119651347068146 0.00740234375 0.023724247226624407
0 0.2390078125 0.20170364500792393 0.00584765625 0.025079239302694137
0 0.25471875 0.2853248811410459 0.00785546875 0.028700475435816164
0 0.20959374999999997 0.2623851030110935 0.0071796874999999994 0.0298256735340729
0 0.2933828125 0.12870839936608558 0.009421875 0.019207606973058636
0 0.37315624999999997 0.08328843106180665 0.00720703125 0.0259904912836767
0 0.4471953125 0.09311410459587956 0.00555078125 0.032091917591125195
0 0.47466015625 0.3044215530903328 0.008785156249999999 0.02440570522979398
0 0.49371484375 0.04091125198098257 0.009457031250000001 0.01988906497622821
0 0.34380078125 0.17617274167987323 0.010433593750000001 0.024627575277337558
0 0.02475 0.3745958795562599 0.008703125 0.02644215530903328
0 0.00351953125 0.42024564183835184 0.0070390625 0.027345483359746434
0 0.07388671875 0.47290015847860534 0.008046875 0.02779714738510301
0 0.12552734375000002 0.4498494453248812 0.007050781250000001 0.025079239302694137
0 0.13165625 0.4644294770206022 0.007878906250000001 0.02983359746434231
0 0.28513671875 0.42950871632329635 0.0107578125 0.019659270998415215
0 0.283296875 0.4549366085578447 0.007078125 0.027115689381933438
0 0.31332421875 0.34939778129952453 0.009203125 0.029374009508716322
0 0.207421875 0.5684944532488114 0.0063984375 0.026434231378763866
0 0.1004609375 0.6329080824088749 0.00771484375 0.025079239302694137
0 0.11795312499999999 0.6263549920760697 0.00883203125 0.01106973058637084
0 0.1145 0.6495166402535658 0.0063828125 0.028470681458003168
0 0.046421875 0.6332488114104595 0.00614453125 0.02576069730586371
0 0.0839140625 0.5314342313787639 0.0093828125 0.02733755942947702
0 0.28959375 0.6251109350237718 0.009867187500000001 0.012194928684627576
0 0.28446875 0.6375435816164818 0.00808203125 0.022591125198098257
0 0.36012109375 0.4684944532488114 0.007875 0.027115689381933438
0 0.3678671875 0.4863470681458003 0.00776171875 0.029374009508716322
0 0.48413281250000006 0.5559587955625991 0.01123828125 0.01762282091917591
0 0.21783984374999998 0.6783359746434231 0.008515625 0.0219175911251981
0 0.13901171875 0.7072583201267828 0.005046875 0.023724247226624407
0 0.02998828125 0.6776545166402536 0.013832031249999998 0.01242472266244057
0 0.021296875 0.7085023771790808 0.00981640625 0.025309033280507133
0 0.018175781250000002 0.7550554675118859 0.00803515625 0.0298256735340729
0 0.0780078125 0.7325752773375594 0.00871484375 0.02733755942947702
0 0.09667187499999999 0.7421790808240888 0.00816015625 0.023050713153724246
0 0.13812109374999998 0.7855705229793978 0.010843750000000001 0.02576069730586371
0 0.14285546875 0.7381061806656102 0.0087265625 0.01491283676703645
0 0.0821875 0.8048890649762281 0.0063750000000000005 0.026434231378763866
0 0.048203125 0.8502060221870048 0.00614453125 0.021236133122028527
0 0.00363671875 0.8688431061806656 0.00569140625 0.02869255150554675
0 0.0753359375 0.904215530903328 0.00871484375 0.027115689381933438
0 0.04837109375 0.925229793977813 0.011828125 0.009484944532488115
0 0.063078125 0.9354041204437401 0.0064843750000000006 0.024397781299524565
0 0.021351562499999997 0.9625198098256735 0.00502734375 0.027115689381933438
0 0.12424609375 0.9855705229793977 0.00582421875 0.021687797147385102
0 0.1759453125 0.7570919175911253 0.009398437499999999 0.02576069730586371
0 0.4532109375 0.8861331220285261 0.006441406249999999 0.025309033280507133
0 0.45371484375 0.9149524564183836 0.00476953125 0.020562599049128365
0 0.4215703125 0.8825198098256736 0.0068828125 0.01626782884310618
0 0.436109375 0.8940491283676704 0.009222656249999999 0.01762282091917591
0 0.43549609375 0.9147226624405707 0.0084453125 0.01558637083993661
0 0.5161718750000001 0.21572107765451665 0.0066953125 0.025079239302694137
0 0.6814648437499999 0.27029318541996833 0.00839453125 0.023050713153724246
0 0.7230234375 0.2811410459587956 0.00684375 0.028470681458003168
0 0.79187890625 0.09560221870047544 0.00952734375 0.028019017432646592
0 0.77851171875 0.10656101426307447 0.0068515625 0.021014263074484944
0 0.7933828125 0.29911251980982567 0.0071874999999999994 0.02915213946117274
0 0.8303750000000001 0.27561014263074485 0.0080859375 0.032765451664025357
0 0.8744414062500001 0.006671949286846276 0.01155078125 0.013343898573692552
0 0.92630859375 0.22034865293185418 0.0087734375 0.028019017432646592
0 0.65004296875 0.3623930269413629 0.007050781250000001 0.027345483359746434
0 0.6011875 0.3861172741679873 0.00782421875 0.03141045958795562
0 0.51466796875 0.4662361331220285 0.0076953125 0.02440570522979398
0 0.8482578125 0.5486133122028526 0.00641796875 0.026434231378763866
0 0.9281445312500001 0.4197939778129952 0.005765625 0.02644215530903328
0 0.9591757812499999 0.4286053882725832 0.0085546875 0.02779714738510301
0 0.9650234375 0.43742472266244053 0.00688671875 0.023724247226624407
0 0.9709296875 0.4783280507131537 0.007109374999999999 0.03141045958795562
0 0.9568359375 0.35979397781299527 0.00788671875 0.020340729001584786
0 0.678734375 0.4274801901743265 0.01184765625 0.00835974643423138
0 0.8240234375 0.3522187004754358 0.010089843749999999 0.020562599049128365
0 0.5627460937500001 0.40748019017432646 0.008484374999999999 0.025309033280507133
0 0.8469218749999999 0.6834152139461173 0.0077578125 0.021244057052297937
0 0.9635781250000001 0.6845483359746434 0.01245703125 0.01626782884310618
0 0.7947773437500001 0.816418383518225 0.00641015625 0.030507131537242473
0 0.62141015625 0.9668145800316956 0.00816015625 0.032083993660855785
0 0.8166171875 0.9621870047543581 0.00953515625 0.026434231378763866
0 0.82881640625 0.946592709984152 0.00987109375 0.030507131537242473
0 0.8507109375 0.9044453248811412 0.008203125 0.026664025356576863
0 0.998171875 0.09029318541996831 0.0036562499999999998 0.021014263074484944
0 0.65216015625 0.3988272583201268 0.0082109375 0.024445324881141046