0 0.555 0.7368888888888889 0.013 0.014222222222222223
0 0.4175 0.7195555555555555 0.012 0.016888888888888887
0 0.10925 0.36133333333333334 0.014 0.014222222222222223
0 0.26475 0.692 0.008 0.015111111111111112
0 0.58625 0.02311111111111111 0.01 0.016888888888888887
0 0.45625 0.7577777777777778 0.012 0.013333333333333334
0 0.0395 0.22177777777777777 0.011 0.014222222222222223
0 0.08675 0.1408888888888889 0.01 0.012444444444444444
0 0.11525 0.7315555555555555 0.0125 0.017777777777777778
0 0.695 0.5644444444444444 0.0095 0.017777777777777778
0 0.652 0.7106666666666667 0.014 0.014222222222222223
0 0.471 0.9324444444444444 0.01 0.014222222222222223
0 0.18275 0.9391111111111111 0.011 0.017777777777777778
0 0.1145 0.8275555555555556 0.01 0.017777777777777778
0 0.446 0.07066666666666667 0.0085 0.016
0 0.046 0.5768888888888889 0.009 0.016
0 0.5075 0.1991111111111111 0.0085 0.012444444444444444
0 0.80575 0.10311111111111111 0.011 0.014222222222222223
0 0.34875 0.7546666666666667 0.01 0.014222222222222223
0 0.644 0.8577777777777778 0.013 0.013333333333333334
0 0.131 0.7755555555555556 0.009 0.016888888888888887
0 0.48875 0.6711111111111111 0.014 0.013333333333333334
0 0.53275 0.8111111111111111 0.008 0.012444444444444444
0 0.119 0.6462222222222223 0.0105 0.013333333333333334
0 0.41475 0.5124444444444445 0.01 0.016
0 0.4265 0.8057777777777778 0.0125 0.014222222222222223
0 0.38275 0.9031111111111111 0.012 0.016
0 0.31425 0.8551111111111112 0.013 0.012444444444444444
0 0.785 0.7155555555555555 0.011 0.016
0 0.36425 0.6724444444444444 0.01 0.016888888888888887
0 0.3325 0.628 0.01 0.012444444444444444
0 0.31325 0.6657777777777778 0.013 0.014222222222222223
0 0.3535 0.5373333333333333 0.0095 0.014222222222222223
0 0.519 0.796 0.008 0.017777777777777778
0 0.4245 0.12444444444444444 0.0155 0.013333333333333334
0 0.288 0.5226666666666666 0.007 0.016
0 0.4265 0.8528888888888889 0.0125 0.016
0 0.316 0.33511111111111114 0.01 0.021333333333333333
0 0.4555 0.4537777777777778 0.0095 0.019555555555555555
0 0.152 0.27555555555555555 0.0085 0.017777777777777778
0 0.6285 0.42177777777777775 0.0125 0.013333333333333334
0 0.4935 0.5244444444444445 0.008 0.014222222222222223
0 0.012 0.5982222222222222 0.011 0.013333333333333334
0 0.63625 0.516 0.009 0.021333333333333333
0 0.14 0.6853333333333333 0.008 0.017777777777777778
0 0.049 0.7644444444444445 0.0105 0.018666666666666668
0 0.38425 0.008444444444444444 0.006 0.014222222222222223
0 0.49325 0.9768888888888889 0.016 0.012444444444444444
0 0.76125 0.08266666666666667 0.0155 0.013333333333333334
0 0.17975 0.7435555555555555 0.011 0.014222222222222223
0 0.281 0.2693333333333333 0.013 0.013333333333333334
0 0.8405 0.012444444444444444 0.015 0.016
0 0.87225 0.5973333333333334 0.013 0.016888888888888887
0 0.29275 0.5737777777777778 0.012 0.014222222222222223
0 0.6915 0.4662222222222222 0.012 0.018666666666666668
0 0.25475 0.3933333333333333 0.006 0.02666666666666667
0 0.26 0.8044444444444444 0.009 0.013333333333333334
0 0.34975 0.020444444444444446 0.01 0.021333333333333333
0 0.872 0.9866666666666667 0.012 0.02666666666666667
0 0.3155 0.5568888888888889 0.0095 0.010666666666666666
0 0.12525 0.8537777777777777 0.009 0.019555555555555555
0 0.866 0.1448888888888889 0.012 0.014222222222222223
0 0.6465 0.7715555555555556 0.0095 0.016888888888888887
0 0.3795 0.27644444444444444 0.007 0.016
0 0.9445 0.6355555555555555 0.0125 0.017777777777777778
0 0.77 0.3502222222222222 0.0085 0.014222222222222223
0 0.40775 0.4235555555555556 0.008 0.018666666666666668
0 0.63075 0.5742222222222222 0.007 0.014222222222222223
0 0.01325 0.2937777777777778 0.0085 0.017777777777777778
0 0.664 0.9542222222222222 0.007 0.024888888888888887
0 0.09475 0.368 0.009 0.012444444444444444
0 0.66375 0.6257777777777778 0.008 0.016888888888888887
0 0.473 0.9648888888888889 0.01 0.017777777777777778
0 0.68875 0.6248888888888889 0.007 0.013333333333333334
0 0.3595 0.22444444444444445 0.0125 0.018666666666666668
0 0.028 0.34444444444444444 0.0135 0.013333333333333334
0 0.39675 0.15511111111111112 0.0145 0.011555555555555555
0 0.4825 0.3426666666666667 0.007 0.02666666666666667
0 0.54425 0.9582222222222222 0.0095 0.012444444444444444
0 0.8995 0.5937777777777777 0.013 0.013333333333333334
0 0.4655 0.47733333333333333 0.008 0.016888888888888887
0 0.181 0.7817777777777778 0.012 0.014222222222222223
0 0.539 0.019555555555555555 0.0115 0.02666666666666667
0 0.53375 0.017333333333333333 0.011 0.022222222222222223
0 0.56025 0.9017777777777778 0.009 0.019555555555555555
0 0.406 0.6582222222222223 0.008 0.016
0 0.49125 0.1111111111111111 0.01 0.028444444444444446
0 0.6995 0.3622222222222222 0.0125 0.011555555555555555
0 0.09475 0.5968888888888889 0.0085 0.017777777777777778
0 0.2955 0.4128888888888889 0.008 0.019555555555555555
0 0.7865 0.9595555555555556 0.007 0.018666666666666668
0 0.243 0.20133333333333334 0.0095 0.021333333333333333
0 0.1945 0.4093333333333333 0.0125 0.017777777777777778
0 0.602 0.6626666666666666 0.006 0.017777777777777778
0 0.04975 0.5302222222222223 0.011 0.019555555555555555
0 0.0445 0.7746666666666666 0.012 0.012444444444444444
0 0.25175 0.9306666666666666 0.0105 0.014222222222222223
0 0.754 0.8768888888888889 0.0095 0.014222222222222223
0 0.53375 0.7128888888888889 0.0105 0.011555555555555555
0 0.27725 0.8613333333333333 0.007 0.016888888888888887
0 0.22075 0.3426666666666667 0.011 0.021333333333333333
0 0.28 0.06977777777777777 0.007 0.019555555555555555
0 0.071 0.6008888888888889 0.012 0.014222222222222223
0 0.5495 0.5195555555555555 0.007 0.019555555555555555
0 0.845 0.11422222222222222 0.0145 0.010666666666666666
0 0.6905 0.6413333333333333 0.006 0.016888888888888887
0 0.5105 0.29777777777777775 0.006 0.014222222222222223
0 0.39175 0.25155555555555553 0.015 0.016
0 0.65225 0.25555555555555554 0.0095 0.018666666666666668
0 0.19775 0.22444444444444445 0.009 0.019555555555555555
0 0.58925 0.22133333333333333 0.007 0.016
0 0.488 0.7831111111111111 0.008 0.016
0 0.23625 0.7168888888888889 0.0105 0.011555555555555555
0 0.1635 0.7968888888888889 0.008 0.019555555555555555
0 0.08825 0.4351111111111111 0.008 0.016
0 0.273 0.7324444444444445 0.007 0.014222222222222223
0 0.5635 0.4888888888888889 0.0105 0.014222222222222223
0 0.85775 0.3457777777777778 0.01 0.017777777777777778
0 0.31275 0.5106666666666667 0.009 0.021333333333333333
0 0.56 0.5808888888888889 0.008 0.019555555555555555
0 0.71975 0.9742222222222222 0.0105 0.013333333333333334
0 0.5255 0.016888888888888887 0.006 0.010666666666666666
0 0.5675 0.025777777777777778 0.011 0.014222222222222223
0 0.45475 0.3688888888888889 0.007 0.016888888888888887
0 0.41875 0.8702222222222222 0.0085 0.019555555555555555
0 0.61475 0.8182222222222222 0.006 0.02666666666666667
0 0.6565 0.7724444444444445 0.01 0.019555555555555555
0 0.29325 0.09155555555555556 0.0075 0.016888888888888887
0 0.0595 0.484 0.007 0.010666666666666666
0 0.60575 0.7182222222222222 0.014 0.014222222222222223
0 0.785 0.7897777777777778 0.008 0.021333333333333333
0 0.737 0.276 0.0075 0.016
0 0.5245 0.8848888888888888 0.0085 0.021333333333333333
0 0.08775 0.5262222222222223 0.009 0.013333333333333334
0 0.87725 0.4568888888888889 0.013 0.016
0 0.89625 0.15022222222222223 0.01 0.016888888888888887
0 0.28575 0.5826666666666667 0.008 0.02311111111111111
0 0.52925 0.23333333333333334 0.008 0.016
0 0.209 0.06711111111111111 0.008 0.030222222222222223
0 0.988 0.3413333333333333 0.011 0.019555555555555555
0 0.629 0.6293333333333333 0.008 0.019555555555555555
0 0.15725 0.4408888888888889 0.008 0.021333333333333333
0 0.3775 0.5826666666666667 0.012 0.011555555555555555
0 0.31525 0.7213333333333334 0.007 0.017777777777777778
0 0.8105 0.6204444444444445 0.008 0.018666666666666668
0 0.58075 0.6137777777777778 0.007 0.019555555555555555
0 0.62275 0.3248888888888889 0.01 0.017777777777777778
0 0.035 0.7275555555555555 0.008 0.014222222222222223
0 0.5345 0.8337777777777777 0.01 0.020444444444444446
0 0.528 0.8275555555555556 0.009 0.014222222222222223
0 0.19125 0.4271111111111111 0.008 0.019555555555555555
0 0.55225 0.5946666666666667 0.008 0.016888888888888887
0 0.82025 0.6004444444444444 0.01 0.027555555555555555
0 0.8265 0.2871111111111111 0.009 0.028444444444444446
0 0.62875 0.005333333333333333 0.014 0.010666666666666666
0 0.803 0.2751111111111111 0.012 0.012444444444444444
0 0.5495 0.9617777777777777 0.008 0.02666666666666667
0 0.4915 0.9893333333333333 0.007 0.014222222222222223
0 0.69175 0.5257777777777778 0.008 0.017777777777777778
0 0.724 0.3982222222222222 0.01 0.018666666666666668
0 0.6675 0.5066666666666667 0.01 0.016
0 0.57425 0.6808888888888889 0.006 0.016888888888888887
0 0.0185 0.324 0.009 0.017777777777777778
0 0.1515 0.6017777777777777 0.008 0.024888888888888887
0 0.26175 0.22311111111111112 0.008 0.024888888888888887
0 0.21425 0.8951111111111111 0.009 0.019555555555555555
0 0.374 0.5022222222222222 0.009 0.02311111111111111
0 0.64175 0.35688888888888887 0.007 0.012444444444444444
0 0.827 0.6231111111111111 0.008 0.016
0 0.00575 0.12177777777777778 0.009 0.014222222222222223
0 0.437 0.09911111111111111 0.013 0.014222222222222223
0 0.64425 0.08222222222222222 0.011 0.012444444444444444
0 0.622 0.18755555555555556 0.01 0.016888888888888887
0 0.04225 0.23555555555555555 0.006 0.012444444444444444
0 0.07125 0.12177777777777778 0.0075 0.016
0 0.62475 0.4017777777777778 0.0075 0.019555555555555555
0 0.11975 0.06444444444444444 0.0075 0.016888888888888887
0 0.0935 0.009333333333333334 0.008 0.016888888888888887
0 0.241 0.41688888888888886 0.008 0.032
0 0.35675 0.43066666666666664 0.011 0.016
0 0.29675 0.023555555555555555 0.011 0.024
0 0.64675 0.7493333333333333 0.007 0.025777777777777778
0 0.66375 0.6404444444444445 0.0075 0.014222222222222223
0 0.616 0.16755555555555557 0.0085 0.016
0 0.50425 0.18755555555555556 0.006 0.012444444444444444
0 0.06425 0.008 0.0095 0.016
0 0.864 0.064 0.0095 0.014222222222222223
0 0.3265 0.2906666666666667 0.0095 0.021333333333333333
0 0.37825 0.8608888888888889 0.006 0.02666666666666667
0 0.377 0.88 0.008 0.019555555555555555
0 0.056 0.5431111111111111 0.0075 0.014222222222222223
0 0.26875 0.5804444444444444 0.007 0.032
0 0.4795 0.7137777777777777 0.0085 0.024
0 0.72275 0.4142222222222222 0.0075 0.016
0 0.0895 0.6613333333333333 0.007 0.021333333333333333
0 0.6535 0.39155555555555555 0.006 0.017777777777777778
0 0.5915 0.2351111111111111 0.006 0.013333333333333334
0 0.355 0.6857777777777778 0.01 0.010666666666666666
0 0.46825 0.5413333333333333 0.007 0.018666666666666668
0 0.10125 0.49333333333333335 0.0085 0.021333333333333333
0 0.2165 0.9044444444444445 0.007 0.017777777777777778
0 0.10725 0.9062222222222223 0.006 0.028444444444444446
0 0.09975 0.9146666666666666 0.007 0.024
0 0.97075 0.8035555555555556 0.007 0.030222222222222223
0 0.0245 0.45644444444444443 0.008 0.017777777777777778
0 0.52025 0.30133333333333334 0.011 0.021333333333333333
0 0.58725 0.20666666666666667 0.0075 0.016
0 0.93475 0.6431111111111111 0.0095 0.021333333333333333
0 0.471 0.7617777777777778 0.0105 0.010666666666666666
0 0.07825 0.052 0.007 0.016888888888888887
0 0.24 0.2644444444444444 0.0075 0.021333333333333333
0 0.02925 0.4697777777777778 0.008 0.019555555555555555
0 0.35775 0.8235555555555556 0.011 0.012444444444444444
0 0.8535 0.15555555555555556 0.0125 0.010666666666666666
0 0.05775 0.7391111111111112 0.007 0.016888888888888887
0 0.61925 0.4031111111111111 0.0075 0.021333333333333333
0 0.59275 0.3111111111111111 0.008 0.030222222222222223
0 0.8325 0.2457777777777778 0.01 0.016
0 0.943 0.4031111111111111 0.008 0.019555555555555555
0 0.68525 0.7622222222222222 0.007 0.019555555555555555
0 0.101 0.12 0.0075 0.018666666666666668
0 0.687 0.3288888888888889 0.008 0.019555555555555555
0 0.044 0.724 0.008 0.016
0 0.512 0.22088888888888888 0.009 0.02666666666666667
0 0.35575 0.6386666666666667 0.006 0.02311111111111111
0 0.8735 0.7857777777777778 0.01 0.02666666666666667
0 0.2665 0.7604444444444445 0.008 0.02311111111111111
0 0.47775 0.7733333333333333 0.006 0.017777777777777778
0 0.8615 0.6897777777777778 0.011 0.014222222222222223
0 0.31525 0.8915555555555555 0.0075 0.029333333333333333
0 0.4585 0.42444444444444446 0.0085 0.027555555555555555
0 0.79675 0.3302222222222222 0.0065 0.028444444444444446
0 0.016 0.7368888888888889 0.007 0.021333333333333333
0 0.5005 0.3888888888888889 0.008 0.018666666666666668
0 0.53675 0.9186666666666666 0.0085 0.028444444444444446
0 0.40475 0.31333333333333335 0.0085 0.030222222222222223
0 0.22725 0.25022222222222223 0.015 0.012444444444444444
0 0.995 0.7471111111111111 0.009 0.02666666666666667
0 0.983 0.7288888888888889 0.011 0.032
0 0.672 0.38177777777777777 0.01 0.019555555555555555
0 0.532 0.196 0.008 0.02666666666666667
0 0.4655 0.38666666666666666 0.011 0.021333333333333333
0 0.003 0.6368888888888888 0.006 0.02666666666666667
0 0.02125 0.2457777777777778 0.01 0.016
0 0.46975 0.34755555555555556 0.006 0.027555555555555555
0 0.75025 0.10311111111111111 0.01 0.037333333333333336
0 0.81075 0.44266666666666665 0.0125 0.02666666666666667
0 0.04175 0.74 0.007 0.016888888888888887
0 0.96525 0.34933333333333333 0.0165 0.021333333333333333
0 0.90975 0.03111111111111111 0.012 0.02666666666666667
0 0.689 0.4533333333333333 0.0125 0.018666666666666668
0 0.5785 0.31822222222222224 0.01 0.018666666666666668
0 0.378 0.48355555555555557 0.0125 0.019555555555555555
0 0.0805 0.5648888888888889 0.011 0.028444444444444446
0 0.03675 0.33555555555555555 0.0125 0.018666666666666668