0 0.08375 0.9906666666666667 0.00975 0.018222222222222223
0 0.43875 0.31155555555555553 0.0105 0.01911111111111111
0 0.57475 0.9208888888888889 0.00975 0.027555555555555555
0 0.0845 0.2137777777777778 0.0105 0.014222222222222223
0 0.81025 0.15066666666666667 0.007 0.02266666666666667
0 0.80525 0.4497777777777778 0.00975 0.013333333333333334
0 0.78575 0.20044444444444445 0.0075 0.009333333333333334
0 0.03475 0.4066666666666667 0.01025 0.017333333333333333
0 0.9835 0.2048888888888889 0.011 0.02
0 0.96325 0.4862222222222222 0.01025 0.02
0 0.7615 0.084 0.01075 0.016888888888888887
0 0.739 0.2906666666666667 0.0085 0.016
0 0.85625 0.6173333333333333 0.00775 0.020888888888888887
0 0.6845 0.9835555555555555 0.00975 0.025777777777777778
0 0.02625 0.1831111111111111 0.0105 0.020444444444444446
0 0.5375 0.7626666666666667 0.00775 0.02
0 0.55075 0.04044444444444444 0.0085 0.014222222222222223
0 0.3945 0.852 0.01125 0.024
0 0.77725 0.9657777777777777 0.0095 0.029777777777777778
0 0.25375 0.6373333333333333 0.009 0.015111111111111112
0 0.601 0.12133333333333333 0.00975 0.016
0 0.8445 0.08044444444444444 0.0085 0.018222222222222223
0 0.8595 0.64 0.0095 0.015111111111111112
0 0.41425 0.036444444444444446 0.0115 0.020444444444444446
0 0.98625 0.852 0.0095 0.014222222222222223
0 0.3635 0.5737777777777778 0.0075 0.029777777777777778
0 0.56325 0.15155555555555555 0.0085 0.018222222222222223
0 0.44075 0.48444444444444446 0.00825 0.028888888888888888
0 0.86025 0.8257777777777778 0.01025 0.017333333333333333
0 0.02675 0.8631111111111112 0.01125 0.01911111111111111
0 0.73375 0.6288888888888889 0.009 0.013333333333333334
0 0.41675 0.8982222222222223 0.0095 0.021777777777777778
0 0.529 0.6475555555555556 0.00825 0.014222222222222223
0 0.143 0.21822222222222223 0.0085 0.015111111111111112
0 0.699 0.532 0.00675 0.013333333333333334
0 0.65975 0.43822222222222224 0.01025 0.017333333333333333
0 0.14525 0.6115555555555555 0.01275 0.022222222222222223
0 0.39875 0.6964444444444444 0.0075 0.024888888888888887
0 0.179 0.39644444444444443 0.00825 0.021333333333333333
0 0.604 0.968 0.01175 0.021333333333333333
0 0.9525 0.4706666666666667 0.0115 0.017333333333333333
0 0.213 0.45866666666666667 0.0095 0.020444444444444446
0 0.5455 0.4991111111111111 0.00825 0.029777777777777778
0 0.71475 0.22088888888888888 0.007 0.018222222222222223
0 0.4385 0.10577777777777778 0.009 0.021777777777777778
0 0.4555 0.49955555555555553 0.00775 0.028
0 0.88075 0.17022222222222222 0.01025 0.017333333333333333
0 0.22575 0.5666666666666667 0.014 0.02266666666666667
0 0.4705 0.644 0.00975 0.016444444444444446
0 0.94425 0.5386666666666666 0.00775 0.012888888888888889
0 0.77675 0.368 0.009 0.013333333333333334
0 0.51575 0.7426666666666667 0.00975 0.014222222222222223
0 0.31825 0.41688888888888886 0.00675 0.022222222222222223
0 0.03075 0.3088888888888889 0.0125 0.014222222222222223
0 0.1015 0.16977777777777778 0.01025 0.016888888888888887
0 0.8335 0.46755555555555556 0.01175 0.017333333333333333
0 0.66275 0.2688888888888889 0.00825 0.018222222222222223
0 0.521 0.17466666666666666 0.00775 0.029777777777777778
0 0.02625 0.7493333333333333 0.01075 0.023555555555555555
0 0.7695 0.9235555555555556 0.00775 0.028
0 0.9415 0.8342222222222222 0.0105 0.017333333333333333
0 0.877 0.06755555555555555 0.011 0.015111111111111112
0 0.013 0.37377777777777776 0.00775 0.02266666666666667
0 0.35025 0.7377777777777778 0.0075 0.020444444444444446
0 0.60675 0.11377777777777778 0.00675 0.012
0 0.737 0.6977777777777778 0.0095 0.013333333333333334
0 0.65 0.8986666666666666 0.01425 0.01911111111111111
0 0.39425 0.05511111111111111 0.012 0.015111111111111112
0 0.74575 0.7866666666666666 0.007 0.02
0 0.796 0.6933333333333334 0.00875 0.020888888888888887
0 0.83675 0.9711111111111111 0.007 0.015111111111111112
0 0.2015 0.3168888888888889 0.00625 0.028
0 0.521 0.5808888888888889 0.0085 0.026222222222222223
0 0.8325 0.8462222222222222 0.007 0.025777777777777778
0 0.732 0.2817777777777778 0.0085 0.015111111111111112
0 0.79925 0.9204444444444444 0.011 0.015111111111111112
0 0.66175 0.5026666666666667 0.0085 0.015111111111111112
0 0.40625 0.5666666666666667 0.00775 0.026222222222222223
0 0.504 0.5222222222222223 0.01175 0.020444444444444446
0 0.261 0.6675555555555556 0.00775 0.016444444444444446
0 0.22825 0.3168888888888889 0.00825 0.014222222222222223
0 0.59075 0.7066666666666667 0.014 0.014222222222222223
0 0.74975 0.06666666666666667 0.009 0.021777777777777778
0 0.21325 0.524 0.01075 0.019555555555555555
0 0.087 0.7177777777777777 0.011 0.017333333333333333
0 0.441 0.5902222222222222 0.011 0.014222222222222223
0 0.77025 0.39555555555555555 0.01075 0.020888888888888887
0 0.11525 0.49644444444444447 0.0095 0.018222222222222223
0 0.7495 0.6977777777777778 0.00825 0.013333333333333334
0 0.29 0.47955555555555557 0.01575 0.013777777777777778
0 0.578 0.32711111111111113 0.0145 0.017333333333333333
0 0.967 0.9595555555555556 0.0135 0.012888888888888889
0 0.535 0.1751111111111111 0.00825 0.01911111111111111
0 0.47275 0.572 0.0125 0.016
0 0.70425 0.5111111111111111 0.01275 0.019555555555555555
0 0.4735 0.8457777777777777 0.009 0.024444444444444446
0 0.647 0.38355555555555554 0.013 0.011111111111111112
0 0.438 0.6835555555555556 0.00775 0.021333333333333333
0 0.2285 0.27155555555555555 0.007 0.018222222222222223
0 0.292 0.512 0.013 0.014222222222222223
0 0.19625 0.3728888888888889 0.01525 0.016
0 0.88 0.124 0.011 0.013333333333333334
0 0.52725 0.9542222222222222 0.0105 0.021333333333333333
0 0.9675 0.3071111111111111 0.0085 0.016444444444444446
0 0.10675 0.96 0.00975 0.015111111111111112
0 0.8775 0.027555555555555555 0.00675 0.014222222222222223
0 0.33775 0.38266666666666665 0.00975 0.01911111111111111
0 0.67475 0.5777777777777777 0.013 0.01911111111111111
0 0.2595 0.4448888888888889 0.00975 0.016444444444444446
0 0.979 0.29644444444444445 0.0075 0.020444444444444446
0 0.30525 0.2391111111111111 0.00825 0.020444444444444446
0 0.82 0.8128888888888889 0.007 0.025777777777777778
0 0.528 0.39866666666666667 0.0125 0.012888888888888889
0 0.914 0.2733333333333333 0.00675 0.028444444444444446
0 0.66525 0.7675555555555555 0.00775 0.02
0 0.37625 0.8511111111111112 0.01425 0.016
0 0.0025 0.6017777777777777 0.005 0.024444444444444446
0 0.85175 0.8791111111111111 0.00575 0.016444444444444446
0 0.372 0.31866666666666665 0.0095 0.016
0 0.1515 0.5702222222222222 0.0085 0.028888888888888888
0 0.92275 0.396 0.0085 0.018222222222222223
0 0.128 0.264 0.00675 0.017333333333333333
0 0.03625 0.364 0.00975 0.02
0 0.39575 0.8648888888888889 0.01025 0.02
0 0.76375 0.2568888888888889 0.00675 0.014222222222222223
0 0.75 0.21066666666666667 0.007 0.016
0 0.07125 0.8568888888888889 0.0075 0.026222222222222223
0 0.32275 0.6 0.01125 0.017333333333333333
0 0.44075 0.3595555555555556 0.01025 0.023555555555555555
0 0.25275 0.5008888888888889 0.00625 0.012
0 0.674 0.9564444444444444 0.00825 0.027555555555555555
0 0.73975 0.07644444444444444 0.0075 0.028
0 0.46125 0.021777777777777778 0.00975 0.02
0 0.57625 0.48 0.00825 0.020888888888888887
0 0.01075 0.5831111111111111 0.016 0.012888888888888889
0 0.67675 0.9013333333333333 0.01075 0.021777777777777778
0 0.96625 0.2608888888888889 0.011 0.016
0 0.70925 0.12844444444444444 0.00675 0.025333333333333333
0 0.358 0.18533333333333332 0.0105 0.01911111111111111
0 0.52275 0.4368888888888889 0.01025 0.021333333333333333
0 0.83275 0.18666666666666668 0.0095 0.028444444444444446
0 0.5015 0.7511111111111111 0.011 0.02666666666666667
0 0.56275 0.4111111111111111 0.01125 0.016
0 0.91475 0.04044444444444444 0.00825 0.014222222222222223
0 0.10875 0.9688888888888889 0.00825 0.011111111111111112
0 0.15175 0.9951111111111111 0.00825 0.009333333333333334
0 0.1785 0.4888888888888889 0.01075 0.022222222222222223
0 0.69675 0.552 0.0075 0.02266666666666667
0 0.726 0.6333333333333333 0.01075 0.017777777777777778
0 0.741 0.25155555555555553 0.007 0.012
0 0.23225 0.8235555555555556 0.0135 0.02
0 0.51975 0.6182222222222222 0.011 0.017777777777777778
0 0.513 0.5813333333333334 0.007 0.023555555555555555
0 0.0075 0.24222222222222223 0.01325 0.017333333333333333
0 0.9315 0.444 0.007 0.025777777777777778
0 0.1725 0.30133333333333334 0.01375 0.017777777777777778
0 0.634 0.3768888888888889 0.01275 0.015111111111111112
0 0.1995 0.6924444444444444 0.012 0.020444444444444446
0 0.77775 0.1351111111111111 0.014 0.015111111111111112
0 0.25 0.8528888888888889 0.007 0.02711111111111111
0 0.87575 0.14177777777777778 0.01425 0.012888888888888889
0 0.72775 0.12844444444444444 0.007 0.03244444444444444
0 0.54925 0.24711111111111111 0.007 0.021333333333333333
0 0.2765 0.9791111111111112 0.0135 0.02
0 0.60775 0.17555555555555555 0.01025 0.024888888888888887
0 0.71175 0.8217777777777778 0.007 0.01911111111111111
0 0.10125 0.6084444444444445 0.00775 0.02711111111111111
0 0.89175 0.36044444444444446 0.0165 0.012
0 0.314 0.9315555555555556 0.00875 0.027555555555555555
0 0.434 0.188 0.01225 0.020444444444444446
0 0.45525 0.33155555555555555 0.00825 0.030666666666666665
0 0.68 0.31022222222222223 0.00625 0.02
0 0.1585 0.7782222222222223 0.0105 0.025777777777777778
0 0.32525 0.007555555555555556 0.00975 0.013333333333333334
0 0.61325 0.4222222222222222 0.00825 0.02666666666666667
0 0.781 0.11466666666666667 0.01325 0.017777777777777778
0 0.66025 0.6937777777777778 0.01225 0.013777777777777778
0 0.232 0.232 0.0085 0.014222222222222223
0 0.8505 0.7355555555555555 0.0075 0.025777777777777778
0 0.528 0.29333333333333333 0.01325 0.016
0 0.365 0.27111111111111114 0.01425 0.016
0 0.6155 0.2528888888888889 0.01475 0.012888888888888889
0 0.62075 0.8893333333333333 0.014 0.015111111111111112
0 0.479 0.02266666666666667 0.01275 0.015111111111111112
0 0.895 0.2822222222222222 0.007 0.025777777777777778
0 0.94175 0.35644444444444445 0.00775 0.011111111111111112
0 0.94475 0.6768888888888889 0.012 0.018222222222222223
0 0.3355 0.023555555555555555 0.01175 0.016888888888888887
0 0.72 0.21155555555555555 0.00625 0.01911111111111111
0 0.70125 0.5528888888888889 0.00575 0.026222222222222223
0 0.2475 0.7346666666666667 0.007 0.028444444444444446
0 0.2835 0.6373333333333333 0.0075 0.013333333333333334
0 0.6585 0.948 0.01475 0.013333333333333334
0 0.453 0.12844444444444444 0.0105 0.02311111111111111
0 0.53175 0.628 0.0095 0.015111111111111112
0 0.7525 0.9657777777777777 0.011 0.01911111111111111
0 0.47475 0.2311111111111111 0.01175 0.020444444444444446
0 0.75825 0.8208888888888889 0.00975 0.02666666666666667
0 0.50625 0.07733333333333334 0.01025 0.016888888888888887
0 0.97775 0.45155555555555554 0.0095 0.014222222222222223
0 0.88425 0.9666666666666667 0.01175 0.013777777777777778
0 0.2195 0.32133333333333336 0.0055 0.012
0 0.111 0.43066666666666664 0.014 0.018222222222222223
0 0.351 0.7626666666666667 0.0075 0.024444444444444446
0 0.7065 0.3506666666666667 0.01225 0.015111111111111112
0 0.513 0.013777777777777778 0.0095 0.02
0 0.7765 0.4137777777777778 0.008 0.018666666666666668
0 0.60325 0.5568888888888889 0.01625 0.014222222222222223
0 0.401 0.7884444444444444 0.01375 0.017777777777777778
0 0.657 0.716 0.0125 0.015111111111111112
0 0.7835 0.37733333333333335 0.008 0.02266666666666667
0 0.00275 0.5488888888888889 0.0055 0.016444444444444446
0 0.62125 0.018222222222222223 0.00825 0.024888888888888887
0 0.9395 0.5471111111111111 0.01025 0.015111111111111112
0 0.3275 0.12044444444444445 0.01225 0.017333333333333333
0 0.24925 0.5191111111111111 0.00925 0.02266666666666667
0 0.923 0.5568888888888889 0.0115 0.015111111111111112
0 0.18125 0.26711111111111113 0.01325 0.012888888888888889
0 0.40725 0.022222222222222223 0.00875 0.019555555555555555
0 0.57075 0.14266666666666666 0.01275 0.012888888888888889
0 0.6155 0.5902222222222222 0.01825 0.015111111111111112
0 0.25825 0.6217777777777778 0.0125 0.015111111111111112
0 0.79025 0.076 0.00625 0.028
0 0.21375 0.37866666666666665 0.008 0.030666666666666665
0 0.6915 0.9706666666666667 0.011 0.013777777777777778
0 0.65 0.9928888888888889 0.01025 0.014222222222222223
0 0.5885 0.9146666666666666 0.00875 0.026222222222222223
0 0.57675 0.8515555555555555 0.00975 0.013333333333333334
0 0.5535 0.8293333333333334 0.00625 0.024888888888888887
0 0.537 0.86 0.01025 0.023555555555555555
0 0.529 0.8551111111111112 0.01025 0.014666666666666666
0 0.67875 0.8871111111111111 0.006 0.023555555555555555
0 0.68075 0.9191111111111111 0.01375 0.015555555555555555
0 0.51625 0.9328888888888889 0.0085 0.025333333333333333
0 0.5065 0.9475555555555556 0.006 0.023555555555555555
0 0.49725 0.936 0.00925 0.018222222222222223
0 0.49425 0.92 0.01 0.01911111111111111
0 0.75975 0.9937777777777778 0.015 0.012444444444444444
0 0.6915 0.86 0.008 0.028888888888888888
0 0.7735 0.8902222222222222 0.0125 0.015555555555555555
0 0.819 0.8862222222222222 0.01425 0.012444444444444444
0 0.81675 0.8755555555555555 0.01475 0.012444444444444444
0 0.8445 0.9244444444444444 0.00825 0.026222222222222223
0 0.86675 0.9653333333333334 0.0085 0.027555555555555555
0 0.84 0.9857777777777778 0.012 0.011555555555555555
0 0.9815 0.9808888888888889 0.015 0.012888888888888889
0 0.88375 0.9515555555555556 0.01075 0.013333333333333334
0 0.864 0.8995555555555556 0.0105 0.025777777777777778
0 0.862 0.8764444444444445 0.0125 0.024444444444444446
0 0.91125 0.8862222222222222 0.0155 0.019555555555555555
0 0.91075 0.8662222222222222 0.0085 0.025333333333333333
0 0.9615 0.8848888888888888 0.00925 0.024444444444444446
0 0.968 0.8586666666666667 0.008 0.02266666666666667
0 0.937 0.8124444444444444 0.0085 0.028444444444444446
0 0.9145 0.788 0.008 0.024444444444444446
0 0.89575 0.7751111111111111 0.0165 0.016444444444444446
0 0.87875 0.748 0.014 0.014666666666666666
0 0.9605 0.7502222222222222 0.01425 0.014222222222222223
0 0.95825 0.7297777777777777 0.00875 0.025777777777777778
0 0.95125 0.7186666666666667 0.00975 0.021777777777777778
0 0.997 0.6942222222222222 0.00575 0.016
0 0.9115 0.6964444444444444 0.007 0.025333333333333333
0 0.827 0.7115555555555556 0.00775 0.027555555555555555
0 0.778 0.8168888888888889 0.01575 0.016
0 0.80725 0.7582222222222222 0.008 0.02266666666666667
0 0.774 0.776 0.01425 0.012888888888888889
0 0.761 0.7053333333333334 0.01425 0.015111111111111112
0 0.74325 0.8146666666666667 0.00875 0.02
0 0.72125 0.8168888888888889 0.01175 0.013777777777777778
0 0.633 0.6991111111111111 0.00775 0.02711111111111111
0 0.53225 0.7235555555555555 0.00875 0.028888888888888888
0 0.5085 0.7582222222222222 0.00825 0.025333333333333333
0 0.87775 0.6542222222222223 0.01225 0.018222222222222223
0 0.9745 0.6422222222222222 0.0125 0.018666666666666668
0 0.9375 0.6346666666666667 0.01525 0.017333333333333333
0 0.98425 0.6155555555555555 0.0075 0.021333333333333333
0 0.97925 0.6062222222222222 0.00825 0.025777777777777778
0 0.95475 0.6213333333333333 0.012 0.015111111111111112
0 0.9405 0.6164444444444445 0.0075 0.021333333333333333
0 0.9455 0.6133333333333333 0.01275 0.013333333333333334
0 0.94225 0.6004444444444444 0.012 0.012888888888888889
0 0.9205 0.5862222222222222 0.013 0.013333333333333334
0 0.9025 0.552 0.009 0.020444444444444446
0 0.90475 0.5417777777777778 0.0105 0.011555555555555555
0 0.941 0.5573333333333333 0.01275 0.013333333333333334
0 0.99625 0.5537777777777778 0.0075 0.024
0 0.987 0.4831111111111111 0.01 0.025777777777777778
0 0.98975 0.4653333333333333 0.01225 0.014666666666666666
0 0.96425 0.4457777777777778 0.01375 0.015555555555555555
0 0.951 0.49466666666666664 0.014 0.016
0 0.9405 0.4137777777777778 0.014 0.018666666666666668
0 0.955 0.40844444444444444 0.0115 0.024
0 0.97225 0.3546666666666667 0.008 0.017333333333333333
0 0.8905 0.39244444444444443 0.01075 0.013777777777777778
0 0.85575 0.4128888888888889 0.01275 0.011555555555555555
0 0.832 0.38177777777777777 0.0075 0.02666666666666667
0 0.82475 0.6408888888888888 0.00875 0.019555555555555555
0 0.82075 0.5933333333333334 0.0085 0.025333333333333333
0 0.76725 0.5395555555555556 0.0135 0.016
0 0.77425 0.5186666666666667 0.00825 0.025333333333333333
0 0.8255 0.5195555555555555 0.01275 0.013777777777777778
0 0.7295 0.5902222222222222 0.006 0.02666666666666667
0 0.726 0.6062222222222222 0.007 0.018222222222222223
0 0.68975 0.6008888888888889 0.00825 0.030666666666666665
0 0.768 0.4177777777777778 0.011 0.017333333333333333
0 0.72525 0.3582222222222222 0.01375 0.017777777777777778
0 0.68225 0.3848888888888889 0.007 0.028
0 0.98125 0.4391111111111111 0.0105 0.016888888888888887
0 0.98775 0.33466666666666667 0.01025 0.018222222222222223
0 0.9865 0.31555555555555553 0.0085 0.019555555555555555
0 0.98625 0.29777777777777775 0.00775 0.019555555555555555
0 0.96 0.3208888888888889 0.01325 0.014222222222222223
0 0.94775 0.3191111111111111 0.01125 0.012444444444444444
0 0.95 0.30933333333333335 0.0145 0.012444444444444444
0 0.9945 0.21022222222222223 0.0075 0.02666666666666667
0 0.8935 0.30444444444444446 0.0055 0.024
0 0.86275 0.2946666666666667 0.00725 0.028888888888888888
0 0.85675 0.3 0.00725 0.029333333333333333
0 0.81325 0.304 0.01275 0.02311111111111111
0 0.87475 0.1511111111111111 0.00925 0.020444444444444446
0 0.8755 0.044 0.006 0.024888888888888887
0 0.87025 0.028444444444444446 0.00675 0.02666666666666667
0 0.83175 0.02711111111111111 0.014 0.012
0 0.8155 0.12711111111111112 0.00575 0.02311111111111111
0 0.8135 0.15955555555555556 0.00725 0.02666666666666667
0 0.722 0.19066666666666668 0.0095 0.029333333333333333
0 0.7 0.17377777777777778 0.008 0.028888888888888888
0 0.689 0.14933333333333335 0.00775 0.025333333333333333
0 0.718 0.14666666666666667 0.01125 0.016444444444444446
0 0.73125 0.2604444444444444 0.0095 0.024888888888888887
0 0.69825 0.25555555555555554 0.006 0.024444444444444446
0 0.7565 0.25333333333333335 0.01075 0.021777777777777778
0 0.65175 0.17066666666666666 0.01 0.025777777777777778
0 0.629 0.23422222222222222 0.0075 0.029333333333333333
0 0.657 0.312 0.00975 0.012444444444444444
0 0.64975 0.30577777777777776 0.0125 0.013777777777777778
0 0.6545 0.29155555555555557 0.00825 0.02266666666666667
0 0.5655 0.20177777777777778 0.009 0.021777777777777778
0 0.57375 0.18755555555555556 0.01325 0.013777777777777778
0 0.5435 0.108 0.01125 0.016444444444444446
0 0.619 0.11155555555555556 0.00725 0.032
0 0.5845 0.04488888888888889 0.012 0.019555555555555555
0 0.6015 0.032 0.01025 0.02711111111111111
0 0.502 0.6573333333333333 0.00625 0.026222222222222223
0 0.51875 0.64 0.01175 0.02266666666666667
0 0.64725 0.5457777777777778 0.0155 0.016444444444444446
0 0.60475 0.4928888888888889 0.009 0.015555555555555555
0 0.61525 0.48133333333333334 0.009 0.013777777777777778
0 0.603 0.48044444444444445 0.0135 0.015111111111111112
0 0.61625 0.4657777777777778 0.00825 0.017333333333333333
0 0.66225 0.45555555555555555 0.00975 0.016444444444444446
0 0.654 0.45066666666666666 0.00775 0.020444444444444446
0 0.6645 0.4484444444444444 0.00875 0.020888888888888887
0 0.6375 0.43866666666666665 0.0155 0.013777777777777778
0 0.65675 0.4062222222222222 0.01275 0.021333333333333333
0 0.62 0.4008888888888889 0.007 0.025777777777777778
0 0.5705 0.4151111111111111 0.0065 0.021333333333333333
0 0.5285 0.41955555555555557 0.01575 0.013777777777777778
0 0.46025 0.9711111111111111 0.01325 0.018222222222222223
0 0.4245 0.9466666666666667 0.0065 0.030222222222222223
0 0.399 0.9555555555555556 0.01 0.02711111111111111
0 0.38975 0.9324444444444444 0.008 0.028
0 0.463 0.9382222222222222 0.01025 0.024444444444444446
0 0.43775 0.8844444444444445 0.01375 0.017333333333333333
0 0.43225 0.7928888888888889 0.0095 0.029333333333333333
0 0.406 0.8057777777777778 0.01575 0.012444444444444444
0 0.45925 0.8017777777777778 0.01325 0.011555555555555555
0 0.382 0.6928888888888889 0.0105 0.024888888888888887
0 0.32225 0.8973333333333333 0.0095 0.02311111111111111
0 0.31025 0.8711111111111111 0.014 0.017333333333333333
0 0.304 0.8404444444444444 0.01325 0.014222222222222223
0 0.258 0.9226666666666666 0.01025 0.015111111111111112
0 0.24975 0.9102222222222223 0.00775 0.02
0 0.2485 0.8951111111111111 0.0165 0.012444444444444444
0 0.23 0.9324444444444444 0.008 0.029777777777777778
0 0.21275 0.8893333333333333 0.01425 0.017333333333333333
0 0.20825 0.8697777777777778 0.008 0.022222222222222223
0 0.23675 0.7613333333333333 0.008 0.027555555555555555
0 0.21875 0.7564444444444445 0.0085 0.028444444444444446
0 0.201 0.72 0.00725 0.028444444444444446
0 0.2905 0.7106666666666667 0.01375 0.018222222222222223
0 0.299 0.7062222222222222 0.00725 0.03333333333333333
0 0.30575 0.7022222222222222 0.008 0.024444444444444446
0 0.1165 0.8715555555555555 0.01275 0.016444444444444446
0 0.0745 0.9115555555555556 0.00925 0.025333333333333333
0 0.04825 0.9093333333333333 0.0165 0.015111111111111112
0 0.03625 0.9191111111111111 0.0145 0.013333333333333334
0 0.01975 0.9173333333333333 0.0145 0.012888888888888889
0 0.04025 0.8866666666666667 0.01475 0.016888888888888887
0 0.05975 0.8533333333333334 0.01325 0.012888888888888889
0 0.004 0.7973333333333333 0.008 0.018666666666666668
0 0.15 0.7737777777777778 0.0125 0.011555555555555555
0 0.1695 0.7555555555555555 0.0145 0.013777777777777778
0 0.14175 0.7102222222222222 0.00825 0.030222222222222223
0 0.118 0.6862222222222222 0.00775 0.029777777777777778
0 0.11 0.6764444444444444 0.01125 0.015111111111111112
0 0.1245 0.6795555555555556 0.01175 0.019555555555555555
0 0.1585 0.6906666666666667 0.013 0.015555555555555555
0 0.30225 0.5808888888888889 0.0115 0.025777777777777778
0 0.3195 0.5768888888888889 0.01175 0.017777777777777778
0 0.214 0.5426666666666666 0.008 0.022222222222222223
0 0.1845 0.5195555555555555 0.0145 0.016444444444444446
0 0.2465 0.5004444444444445 0.01 0.018222222222222223
0 0.24025 0.4653333333333333 0.011 0.02
0 0.2675 0.396 0.009 0.021333333333333333
0 0.3225 0.41333333333333333 0.00825 0.020888888888888887
0 0.32875 0.3968888888888889 0.0145 0.021333333333333333
0 0.23275 0.3622222222222222 0.00775 0.025777777777777778
0 0.1475 0.3328888888888889 0.00925 0.02711111111111111
0 0.11275 0.48577777777777775 0.01375 0.020444444444444446
0 0.037 0.4573333333333333 0.014 0.014222222222222223
0 0.1315 0.6173333333333333 0.012 0.017333333333333333
0 0.107 0.5906666666666667 0.011 0.02266666666666667
0 0.4625 0.6568888888888889 0.00975 0.012444444444444444
0 0.463 0.6382222222222222 0.00675 0.026222222222222223
0 0.44925 0.6182222222222222 0.0055 0.028444444444444446
0 0.4865 0.6088888888888889 0.0125 0.023555555555555555
0 0.48475 0.5764444444444444 0.00775 0.028888888888888888
0 0.39075 0.5853333333333334 0.01225 0.012444444444444444
0 0.3875 0.5675555555555556 0.0065 0.02266666666666667
0 0.3745 0.5568888888888889 0.00725 0.02266666666666667
0 0.3805 0.5515555555555556 0.0095 0.019555555555555555
0 0.48975 0.484 0.00775 0.029333333333333333
0 0.48 0.4528888888888889 0.0135 0.012888888888888889
0 0.461 0.4351111111111111 0.0135 0.016888888888888887
0 0.297 0.40444444444444444 0.00925 0.024444444444444446
0 0.248 0.30266666666666664 0.0165 0.013333333333333334
0 0.22275 0.2991111111111111 0.01525 0.012888888888888889
0 0.34025 0.2902222222222222 0.01375 0.012888888888888889
0 0.4225 0.16755555555555557 0.01275 0.014222222222222223
0 0.37225 0.24666666666666667 0.0105 0.020888888888888887
0 0.36275 0.24444444444444444 0.0135 0.018666666666666668
0 0.34475 0.23422222222222222 0.01 0.024
0 0.3245 0.22666666666666666 0.00875 0.027555555555555555
0 0.31775 0.2577777777777778 0.01575 0.014222222222222223
0 0.29725 0.23822222222222222 0.008 0.026222222222222223
0 0.4285 0.044 0.01425 0.021333333333333333
0 0.34425 0.011555555555555555 0.0095 0.010666666666666666
0 0.3345 0.0057777777777777775 0.0095 0.011111111111111112
0 0.314 0.136 0.012 0.016444444444444446
0 0.2895 0.012888888888888889 0.00725 0.023555555555555555
0 0.24575 0.076 0.011 0.03288888888888889
0 0.2425 0.013777777777777778 0.01175 0.013333333333333334
0 0.17425 0.025777777777777778 0.0145 0.014666666666666666
0 0.237 0.2248888888888889 0.00725 0.020444444444444446
0 0.227 0.21466666666666667 0.0115 0.02666666666666667
0 0.111 0.31733333333333336 0.0075 0.023555555555555555
0 0.0865 0.30177777777777776 0.0145 0.015111111111111112
0 0.0065 0.20133333333333334 0.01275 0.015111111111111112
0 0.066 0.18977777777777777 0.0075 0.029333333333333333
0 0.0915 0.03911111111111111 0.01125 0.028888888888888888
0 0.07525 0.058222222222222224 0.007 0.025777777777777778
0 0.067 0.04533333333333334 0.0085 0.026222222222222223
0 0.07775 0.005333333333333333 0.01275 0.010222222222222223
0 0.101 0.13066666666666665 0.01 0.02666666666666667
0 0.17175 0.6382222222222222 0.0095 0.026222222222222223