0 0.307 0.18888888888888888 0.0155 0.021333333333333333
0 0.337 0.20266666666666666 0.014 0.025777777777777778
0 0.312 0.30933333333333335 0.01175 0.016
0 0.3205 0.29288888888888887 0.009 0.020444444444444446
0 0.33075 0.276 0.0115 0.024888888888888887
0 0.3545 0.2431111111111111 0.015 0.017777777777777778
0 0.33725 0.36088888888888887 0.0125 0.019555555555555555
0 0.3355 0.3293333333333333 0.00775 0.023555555555555555
0 0.342 0.3368888888888889 0.012 0.014666666666666666
0 0.349 0.32755555555555554 0.01 0.02666666666666667
0 0.367 0.3111111111111111 0.017 0.020444444444444446
0 0.38175 0.33866666666666667 0.0105 0.021333333333333333
0 0.308 0.35777777777777775 0.0135 0.03111111111111111
0 0.26725 0.33466666666666667 0.012 0.033777777777777775
0 0.288 0.3111111111111111 0.0095 0.03111111111111111
0 0.18875 0.029777777777777778 0.01425 0.016444444444444446
0 0.19675 0.043555555555555556 0.01275 0.024444444444444446
0 0.22375 0.052444444444444446 0.01025 0.02666666666666667
0 0.245 0.02666666666666667 0.006 0.030222222222222223
0 0.23775 0.007555555555555556 0.0075 0.015111111111111112
0 0.25775 0.0057777777777777775 0.0065 0.011555555555555555
0 0.26275 0.008 0.0055 0.016
0 0.26775 0.008 0.0065 0.016
0 0.278 0.0035555555555555557 0.008 0.0071111111111111115
0 0.2965 0.011555555555555555 0.011 0.022222222222222223
0 0.30575 0.01911111111111111 0.01425 0.020444444444444446
0 0.301 0.07333333333333333 0.006 0.025777777777777778
0 0.31425 0.05644444444444444 0.009 0.023555555555555555
0 0.317 0.035111111111111114 0.01325 0.011555555555555555
0 0.32175 0.03911111111111111 0.01075 0.019555555555555555
0 0.28125 0.07288888888888889 0.0105 0.03422222222222222
0 0.2435 0.07422222222222222 0.012 0.026222222222222223
0 0.138 0.1328888888888889 0.016 0.020888888888888887
0 0.16375 0.112 0.01 0.02711111111111111
0 0.1725 0.10488888888888889 0.01175 0.02711111111111111
0 0.18125 0.13066666666666665 0.01325 0.02711111111111111
0 0.20475 0.11511111111111111 0.01375 0.014666666666666666
0 0.20125 0.14666666666666667 0.014 0.015111111111111112
0 0.16275 0.18577777777777776 0.0165 0.02266666666666667
0 0.13275 0.18622222222222223 0.012 0.03111111111111111
0 0.11675 0.17333333333333334 0.0095 0.024888888888888887
0 0.10475 0.20444444444444446 0.01625 0.012
0 0.1155 0.25155555555555553 0.00975 0.02666666666666667
0 0.13025 0.29555555555555557 0.01125 0.02266666666666667
0 0.149 0.31955555555555554 0.0165 0.03288888888888889
0 0.242 0.104 0.01325 0.016
0 0.2185 0.14222222222222222 0.00925 0.030666666666666665
0 0.20075 0.1728888888888889 0.01375 0.017777777777777778
0 0.257 0.13066666666666665 0.0075 0.023555555555555555
0 0.267 0.11955555555555555 0.01075 0.02311111111111111
0 0.24425 0.17733333333333334 0.0135 0.014666666666666666
0 0.24175 0.15644444444444444 0.008 0.025777777777777778
0 0.2405 0.14888888888888888 0.01175 0.02266666666666667
0 0.24825 0.15466666666666667 0.00725 0.025333333333333333
0 0.25425 0.15688888888888888 0.00825 0.02266666666666667
0 0.2605 0.15733333333333333 0.0095 0.020444444444444446
0 0.262 0.1448888888888889 0.011 0.013333333333333334
0 0.26725 0.15288888888888888 0.00825 0.022222222222222223
0 0.30625 0.17422222222222222 0.011 0.017333333333333333
0 0.3135 0.13733333333333334 0.012 0.023555555555555555
0 0.32925 0.0768888888888889 0.005 0.025777777777777778
0 0.33525 0.08311111111111111 0.01125 0.013333333333333334
0 0.0515 0.26355555555555554 0.009 0.025777777777777778
0 0.082 0.272 0.00875 0.02666666666666667
0 0.04875 0.3537777777777778 0.01375 0.019555555555555555
0 0.0655 0.352 0.00675 0.020444444444444446
0 0.07575 0.35333333333333333 0.01425 0.012
0 0.072 0.3417777777777778 0.01575 0.013333333333333334
0 0.07325 0.33511111111111114 0.015 0.014222222222222223
0 0.07675 0.31022222222222223 0.008 0.017333333333333333
0 0.11575 0.3626666666666667 0.00875 0.02311111111111111
0 0.1165 0.34933333333333333 0.01175 0.014666666666666666
0 0.07725 0.39511111111111114 0.00975 0.025777777777777778
0 0.08075 0.3662222222222222 0.01025 0.016
0 0.12975 0.3728888888888889 0.00825 0.022222222222222223
0 0.12925 0.36 0.01025 0.015555555555555555
0 0.16425 0.2742222222222222 0.011 0.013333333333333334
0 0.173 0.2866666666666667 0.00875 0.02666666666666667
0 0.1855 0.27111111111111114 0.0125 0.020888888888888887
0 0.19075 0.22844444444444445 0.00825 0.019555555555555555
0 0.2055 0.212 0.00675 0.014222222222222223
0 0.21225 0.2248888888888889 0.007 0.022222222222222223
0 0.21425 0.21333333333333335 0.01025 0.020444444444444446
0 0.21925 0.21955555555555556 0.006 0.01911111111111111
0 0.224 0.224 0.0075 0.024
0 0.235 0.256 0.01075 0.028888888888888888
0 0.203 0.2617777777777778 0.0115 0.02311111111111111
0 0.21025 0.3 0.01525 0.014666666666666666
0 0.208 0.2902222222222222 0.0095 0.012
0 0.22175 0.3035555555555556 0.01025 0.020444444444444446
0 0.2295 0.30533333333333335 0.01075 0.019555555555555555
0 0.2455 0.22533333333333333 0.0115 0.014222222222222223
0 0.253 0.2288888888888889 0.00825 0.019555555555555555
0 0.15825 0.38222222222222224 0.0115 0.021777777777777778
0 0.17 0.37333333333333335 0.0085 0.025777777777777778
0 0.17425 0.35333333333333333 0.01475 0.018222222222222223
0 0.1845 0.3302222222222222 0.00775 0.02711111111111111
0 0.14575 0.448 0.009 0.02711111111111111
0 0.15075 0.42533333333333334 0.0075 0.026222222222222223
0 0.1645 0.4022222222222222 0.0145 0.018666666666666668
0 0.1565 0.44355555555555554 0.0115 0.023555555555555555
0 0.1265 0.4448888888888889 0.0075 0.02711111111111111
0 0.1115 0.42488888888888887 0.01225 0.01911111111111111
0 0.124 0.41555555555555557 0.01125 0.023555555555555555
0 0.094 0.39155555555555555 0.01575 0.016888888888888887
0 0.064 0.388 0.01275 0.018666666666666668
0 0.069 0.4448888888888889 0.0145 0.018666666666666668
0 0.053 0.45466666666666666 0.0105 0.028
0 0.06875 0.42933333333333334 0.00675 0.023555555555555555
0 0.07725 0.436 0.00875 0.023555555555555555
0 0.0885 0.432 0.0125 0.02266666666666667
0 0.1065 0.468 0.0135 0.024
0 0.1975 0.44622222222222224 0.0105 0.013777777777777778
0 0.2105 0.4191111111111111 0.00875 0.02711111111111111
0 0.219 0.356 0.0065 0.024444444444444446
0 0.224 0.352 0.0085 0.018666666666666668
0 0.232 0.37422222222222223 0.01075 0.016888888888888887
0 0.23075 0.3511111111111111 0.00975 0.01911111111111111
0 0.24475 0.36577777777777776 0.0095 0.032
0 0.27125 0.268 0.0125 0.018666666666666668
0 0.2835 0.27644444444444444 0.009 0.022222222222222223
0 0.29175 0.2857777777777778 0.011 0.018222222222222223
0 0.309 0.29155555555555557 0.009 0.020444444444444446
0 0.32925 0.3244444444444444 0.0045 0.013777777777777778
0 0.373 0.28755555555555556 0.0125 0.013333333333333334
0 0.383 0.28933333333333333 0.0095 0.024
0 0.38425 0.2617777777777778 0.0135 0.02666666666666667
0 0.3985 0.2951111111111111 0.0135 0.02266666666666667
0 0.39075 0.3586666666666667 0.01 0.023555555555555555
0 0.38825 0.3417777777777778 0.012 0.017777777777777778
0 0.4005 0.3168888888888889 0.0085 0.022222222222222223
0 0.40825 0.32666666666666666 0.01325 0.019555555555555555
0 0.424 0.33244444444444443 0.01025 0.02266666666666667
0 0.42025 0.2991111111111111 0.01 0.024
0 0.40675 0.23777777777777778 0.0065 0.028444444444444446
0 0.405 0.21244444444444444 0.0095 0.028
0 0.403 0.19644444444444445 0.0065 0.019555555555555555
0 0.4095 0.17955555555555555 0.007 0.028444444444444446
0 0.42025 0.17733333333333334 0.01525 0.020888888888888887
0 0.381 0.17866666666666667 0.01525 0.019555555555555555
0 0.3655 0.14444444444444443 0.0115 0.03288888888888889
0 0.37525 0.15911111111111112 0.01425 0.013333333333333334
0 0.358 0.12844444444444444 0.0185 0.02266666666666667
0 0.388 0.10044444444444445 0.016 0.017777777777777778
0 0.4045 0.07511111111111111 0.0115 0.020888888888888887
0 0.421 0.08177777777777778 0.01425 0.021333333333333333
0 0.40725 0.13111111111111112 0.01425 0.019555555555555555
0 0.44125 0.09688888888888889 0.016 0.017777777777777778
0 0.45675 0.09733333333333333 0.012 0.024
0 0.43725 0.128 0.007 0.018666666666666668
0 0.4385 0.12177777777777778 0.00975 0.016444444444444446
0 0.44 0.11422222222222222 0.01175 0.012
0 0.466 0.07333333333333333 0.00775 0.01911111111111111
0 0.45525 0.05466666666666667 0.01075 0.018222222222222223
0 0.44125 0.052 0.007 0.018666666666666668
0 0.44125 0.017777777777777778 0.01675 0.015555555555555555
0 0.4575 0.02666666666666667 0.00875 0.02666666666666667
0 0.4095 0.007555555555555556 0.016 0.013333333333333334
0 0.4685 0.036444444444444446 0.0095 0.02666666666666667
0 0.48425 0.037333333333333336 0.00875 0.027555555555555555
0 0.4915 0.019555555555555555 0.006 0.021777777777777778
0 0.48475 0.007555555555555556 0.0125 0.014666666666666666
0 0.50775 0.021333333333333333 0.01375 0.01911111111111111
0 0.52325 0.03288888888888889 0.013 0.014666666666666666
0 0.53525 0.030222222222222223 0.01125 0.018222222222222223
0 0.5275 0.04888888888888889 0.0085 0.02311111111111111
0 0.51125 0.072 0.01325 0.013777777777777778
0 0.48525 0.11777777777777777 0.01275 0.018222222222222223
0 0.4525 0.1368888888888889 0.01125 0.020444444444444446
0 0.472 0.14844444444444443 0.0135 0.012888888888888889
0 0.4535 0.17333333333333334 0.00975 0.023555555555555555
0 0.442 0.17555555555555555 0.011 0.02
0 0.46225 0.18844444444444444 0.009 0.025777777777777778
0 0.47075 0.204 0.01275 0.019555555555555555
0 0.48925 0.18222222222222223 0.0085 0.023555555555555555
0 0.4975 0.17866666666666667 0.00975 0.022222222222222223
0 0.487 0.15288888888888888 0.0115 0.022222222222222223
0 0.4885 0.1408888888888889 0.015 0.012444444444444444
0 0.4945 0.1471111111111111 0.00725 0.023555555555555555
0 0.5035 0.15911111111111112 0.01125 0.015111111111111112
0 0.50275 0.15244444444444444 0.013 0.018666666666666668
0 0.51125 0.16355555555555557 0.011 0.019555555555555555
0 0.519 0.1391111111111111 0.01125 0.017333333333333333
0 0.52575 0.13777777777777778 0.00725 0.019555555555555555
0 0.536 0.1431111111111111 0.00825 0.021777777777777778
0 0.51525 0.10044444444444445 0.011 0.012888888888888889
0 0.5235 0.10355555555555555 0.01225 0.013777777777777778
0 0.531 0.10755555555555556 0.009 0.013777777777777778
0 0.55125 0.11911111111111111 0.01175 0.017333333333333333
0 0.56025 0.11066666666666666 0.01175 0.010666666666666666
0 0.56975 0.176 0.00875 0.02666666666666667
0 0.57125 0.16044444444444445 0.01375 0.011555555555555555
0 0.5695 0.148 0.011 0.018222222222222223
0 0.56575 0.19466666666666665 0.00975 0.025777777777777778
0 0.5475 0.188 0.01275 0.021777777777777778
0 0.53625 0.212 0.0065 0.021333333333333333
0 0.553 0.21466666666666667 0.01275 0.018222222222222223
0 0.56625 0.22266666666666668 0.01025 0.020444444444444446
0 0.543 0.23066666666666666 0.01125 0.014222222222222223
0 0.515 0.232 0.007 0.018666666666666668
0 0.5195 0.22 0.01375 0.012
0 0.52875 0.236 0.009 0.018666666666666668
0 0.521 0.24933333333333332 0.01425 0.010222222222222223
0 0.53725 0.26 0.01275 0.014666666666666666
0 0.53575 0.2808888888888889 0.0185 0.014666666666666666
0 0.53 0.30177777777777776 0.0135 0.018222222222222223
0 0.51975 0.296 0.0065 0.017777777777777778
0 0.511 0.2897777777777778 0.00775 0.025333333333333333
0 0.5015 0.24444444444444444 0.007 0.021777777777777778
0 0.48525 0.26222222222222225 0.012 0.014666666666666666
0 0.479 0.24177777777777779 0.011 0.020444444444444446
0 0.4975 0.22844444444444445 0.00725 0.013777777777777778
0 0.45325 0.2511111111111111 0.00925 0.011555555555555555
0 0.451 0.24044444444444443 0.00975 0.009777777777777778
0 0.45425 0.23066666666666666 0.00925 0.013333333333333334
0 0.4685 0.24933333333333332 0.00925 0.012888888888888889
0 0.4575 0.26 0.00975 0.017777777777777778
0 0.4755 0.2902222222222222 0.007 0.02311111111111111
0 0.467 0.28888888888888886 0.01225 0.013777777777777778
0 0.461 0.29733333333333334 0.0085 0.014666666666666666
0 0.45225 0.31022222222222223 0.00925 0.02
0 0.453 0.2937777777777778 0.012 0.014666666666666666
0 0.43725 0.2986666666666667 0.00825 0.019555555555555555
0 0.446 0.31866666666666665 0.0115 0.018666666666666668
0 0.4465 0.35288888888888886 0.00825 0.021333333333333333
0 0.4725 0.3582222222222222 0.0125 0.016
0 0.50825 0.32844444444444443 0.0155 0.013777777777777778
0 0.509 0.31466666666666665 0.01375 0.012444444444444444
0 0.504 0.32266666666666666 0.012 0.014666666666666666
0 0.504 0.3417777777777778 0.01275 0.014666666666666666
0 0.5195 0.35288888888888886 0.01675 0.015555555555555555
0 0.54425 0.3422222222222222 0.013 0.018222222222222223
0 0.54975 0.3502222222222222 0.01275 0.009777777777777778
0 0.54525 0.36088888888888887 0.01025 0.016444444444444446
0 0.5355 0.36088888888888887 0.01075 0.010666666666666666
0 0.52525 0.37466666666666665 0.00875 0.02311111111111111
0 0.538 0.388 0.0155 0.014666666666666666
0 0.56825 0.3248888888888889 0.00925 0.02266666666666667
0 0.57225 0.31155555555555553 0.015 0.014222222222222223
0 0.57625 0.3511111111111111 0.008 0.025777777777777778
0 0.5775 0.10666666666666667 0.00975 0.025777777777777778
0 0.0255 0.3937777777777778 0.009 0.021333333333333333
0 0.0095 0.4 0.0085 0.017777777777777778
0 0.019 0.41333333333333333 0.0085 0.025777777777777778
0 0.01625 0.44177777777777777 0.016 0.018666666666666668
0 0.03075 0.49244444444444446 0.009 0.02711111111111111
0 0.019 0.5017777777777778 0.0135 0.015111111111111112
0 0.06825 0.5453333333333333 0.00875 0.014666666666666666
0 0.061 0.5524444444444444 0.00975 0.018666666666666668
0 0.05325 0.5666666666666667 0.01375 0.02666666666666667
0 0.08725 0.5546666666666666 0.00975 0.02
0 0.0565 0.5968888888888889 0.01425 0.012444444444444444
0 0.05825 0.5888888888888889 0.013 0.013333333333333334
0 0.095 0.6035555555555555 0.015 0.012444444444444444
0 0.103 0.6044444444444445 0.01175 0.016
0 0.0345 0.5995555555555555 0.01 0.020888888888888887
0 0.0095 0.5755555555555556 0.00675 0.02711111111111111
0 0.009 0.5413333333333333 0.0145 0.012888888888888889
0 0.01175 0.5342222222222223 0.0075 0.016
0 0.07525 0.6253333333333333 0.0095 0.028888888888888888
0 0.08975 0.6386666666666667 0.008 0.022222222222222223
0 0.0615 0.6311111111111111 0.011 0.014666666666666666
0 0.0905 0.6582222222222223 0.0135 0.016444444444444446
0 0.09675 0.6653333333333333 0.0085 0.028444444444444446
0 0.015 0.6697777777777778 0.01675 0.017777777777777778
0 0.0155 0.7168888888888889 0.009 0.023555555555555555
0 0.0265 0.7413333333333333 0.00825 0.024444444444444446
0 0.049 0.7284444444444444 0.013 0.017333333333333333
0 0.04975 0.7173333333333334 0.015 0.014666666666666666
0 0.0535 0.7328888888888889 0.01425 0.013333333333333334
0 0.06625 0.7231111111111111 0.0155 0.012
0 0.066 0.7435555555555555 0.01425 0.019555555555555555
0 0.086 0.7626666666666667 0.0155 0.013777777777777778
0 0.059 0.7728888888888888 0.011 0.016444444444444446
0 0.02475 0.7871111111111111 0.012 0.016444444444444446
0 0.0475 0.8111111111111111 0.0135 0.019555555555555555
0 0.01075 0.7928888888888889 0.0135 0.016444444444444446
0 0.00125 0.7955555555555556 0.0025 0.014666666666666666
0 0.093 0.8173333333333334 0.015 0.01911111111111111
0 0.09775 0.8475555555555555 0.0145 0.014666666666666666
0 0.0945 0.8622222222222222 0.01425 0.016444444444444446
0 0.05525 0.8751111111111111 0.01325 0.013777777777777778
0 0.0965 0.8951111111111111 0.0155 0.022222222222222223
0 0.07725 0.9248888888888889 0.01275 0.020444444444444446
0 0.0845 0.9253333333333333 0.01025 0.011555555555555555
0 0.04975 0.9217777777777778 0.006 0.023555555555555555
0 0.04475 0.9133333333333333 0.011 0.015555555555555555
0 0.035 0.9168888888888889 0.0075 0.026222222222222223
0 0.02625 0.9128888888888889 0.00775 0.02
0 0.0255 0.8417777777777777 0.017 0.014666666666666666
0 0.0435 0.8782222222222222 0.00675 0.015555555555555555
0 0.00325 0.9693333333333334 0.0065 0.024
0 0.0025 0.9808888888888889 0.005 0.013333333333333334
0 0.05175 0.9462222222222222 0.015 0.012444444444444444
0 0.05675 0.9582222222222222 0.01025 0.018222222222222223
0 0.0765 0.9666666666666667 0.015 0.012
0 0.08925 0.9768888888888889 0.01 0.016
0 0.11525 0.5013333333333333 0.01325 0.020444444444444446
0 0.15575 0.47688888888888886 0.0115 0.018666666666666668
0 0.198 0.4622222222222222 0.013 0.015555555555555555
0 0.1885 0.4786666666666667 0.012 0.017333333333333333
0 0.18275 0.49644444444444447 0.00925 0.013777777777777778
0 0.18875 0.5226666666666666 0.01825 0.015111111111111112
0 0.247 0.4262222222222222 0.0105 0.02711111111111111
0 0.237 0.46844444444444444 0.0105 0.018666666666666668
0 0.25725 0.484 0.0145 0.014666666666666666
0 0.2365 0.5071111111111111 0.01375 0.021777777777777778
0 0.146 0.5666666666666667 0.00825 0.026222222222222223
0 0.165 0.5911111111111111 0.012 0.024444444444444446
0 0.18225 0.6293333333333333 0.009 0.021777777777777778
0 0.1825 0.6106666666666667 0.00975 0.014222222222222223
0 0.1985 0.5995555555555555 0.008 0.028444444444444446
0 0.21475 0.5911111111111111 0.00525 0.028444444444444446
0 0.22325 0.5835555555555556 0.01375 0.014222222222222223
0 0.25625 0.5991111111111111 0.00825 0.023555555555555555
0 0.231 0.6226666666666667 0.0085 0.018666666666666668
0 0.252 0.6373333333333333 0.00825 0.022222222222222223
0 0.23675 0.6404444444444445 0.0095 0.024888888888888887
0 0.1565 0.6248888888888889 0.00975 0.016444444444444446
0 0.16175 0.6382222222222222 0.007 0.023555555555555555
0 0.17425 0.6435555555555555 0.01325 0.011555555555555555
0 0.2085 0.656 0.012 0.017777777777777778
0 0.1495 0.6768888888888889 0.01325 0.015555555555555555
0 0.15025 0.6622222222222223 0.011 0.014666666666666666
0 0.256 0.6635555555555556 0.0145 0.012888888888888889
0 0.247 0.6808888888888889 0.0155 0.014222222222222223
0 0.22675 0.7035555555555556 0.0115 0.010666666666666666
0 0.231 0.696 0.0075 0.021777777777777778
0 0.233 0.6844444444444444 0.01325 0.016888888888888887
0 0.21625 0.7075555555555556 0.0145 0.021777777777777778
0 0.1865 0.6897777777777778 0.00975 0.02266666666666667
0 0.14675 0.7084444444444444 0.01525 0.013333333333333334
0 0.133 0.7213333333333334 0.0125 0.017777777777777778
0 0.15 0.7475555555555555 0.01275 0.013777777777777778
0 0.1695 0.7355555555555555 0.01575 0.012444444444444444
0 0.16225 0.7564444444444445 0.0075 0.022222222222222223
0 0.1675 0.7773333333333333 0.0115 0.01911111111111111
0 0.146 0.7644444444444445 0.01375 0.011111111111111112
0 0.118 0.7622222222222222 0.01175 0.012
0 0.111 0.7786666666666666 0.0075 0.019555555555555555
0 0.1155 0.7977777777777778 0.0145 0.019555555555555555
0 0.13175 0.8128888888888889 0.01675 0.012
0 0.11325 0.8262222222222222 0.0085 0.02266666666666667
0 0.1595 0.8146666666666667 0.01425 0.016888888888888887
0 0.16775 0.836 0.01825 0.014222222222222223
0 0.181 0.7768888888888889 0.00975 0.014666666666666666
0 0.135 0.7675555555555555 0.012 0.017777777777777778
0 0.20525 0.7817777777777778 0.0165 0.016
0 0.2165 0.7595555555555555 0.01475 0.014222222222222223
0 0.23525 0.7484444444444445 0.011 0.019555555555555555
0 0.245 0.7617777777777778 0.0095 0.028444444444444446
0 0.26 0.7604444444444445 0.0135 0.020444444444444446
0 0.2625 0.7715555555555556 0.00825 0.02266666666666667
0 0.2295 0.7711111111111111 0.0115 0.013333333333333334
0 0.269 0.7924444444444444 0.013 0.013333333333333334
0 0.2715 0.8151111111111111 0.00775 0.028444444444444446
0 0.2655 0.8253333333333334 0.0105 0.019555555555555555
0 0.274 0.8426666666666667 0.011 0.017777777777777778
0 0.2755 0.8608888888888889 0.014 0.01911111111111111
0 0.24575 0.8257777777777778 0.016 0.013777777777777778
0 0.1495 0.8946666666666667 0.01375 0.012444444444444444
0 0.14875 0.8835555555555555 0.014 0.013777777777777778
0 0.1305 0.9164444444444444 0.011 0.020444444444444446
0 0.1355 0.9266666666666666 0.0055 0.02266666666666667
0 0.142 0.9195555555555556 0.00825 0.017777777777777778
0 0.1505 0.9306666666666666 0.0065 0.01911111111111111
0 0.18225 0.9253333333333333 0.0075 0.020888888888888887
0 0.212 0.9004444444444445 0.014 0.016
0 0.2195 0.9271111111111111 0.009 0.02311111111111111
0 0.2075 0.948 0.01675 0.014222222222222223
0 0.20275 0.9417777777777778 0.01425 0.011555555555555555
0 0.20375 0.9626666666666667 0.0105 0.013777777777777778
0 0.26325 0.9066666666666666 0.01175 0.013333333333333334
0 0.2745 0.932 0.0085 0.022222222222222223
0 0.14175 0.9462222222222222 0.0075 0.021777777777777778
0 0.1485 0.9524444444444444 0.01075 0.020888888888888887
0 0.13075 0.9608888888888889 0.01225 0.014222222222222223
0 0.15125 0.9871111111111112 0.00875 0.021777777777777778
0 0.12275 0.9933333333333333 0.00925 0.013333333333333334
0 0.175 0.9893333333333333 0.008 0.021333333333333333
0 0.18275 0.9893333333333333 0.0095 0.021333333333333333
0 0.22475 0.9777777777777777 0.01375 0.015111111111111112
0 0.18725 0.9724444444444444 0.0125 0.017777777777777778
0 0.18025 0.968 0.0105 0.016444444444444446
0 0.24675 0.9666666666666667 0.01375 0.018666666666666668
0 0.2415 0.9888888888888889 0.00925 0.022222222222222223
0 0.2855 0.9742222222222222 0.01225 0.015111111111111112
0 0.3325 0.9862222222222222 0.00925 0.018666666666666668
0 0.33975 0.9857777777777778 0.00975 0.025333333333333333
0 0.345 0.9671111111111111 0.00575 0.020444444444444446
0 0.351 0.984 0.0115 0.019555555555555555
0 0.35225 0.9711111111111111 0.01025 0.025777777777777778
0 0.36425 0.9631111111111111 0.0135 0.015555555555555555
0 0.37875 0.9662222222222222 0.01375 0.015111111111111112
0 0.393 0.9688888888888889 0.01325 0.015555555555555555
0 0.41425 0.96 0.0115 0.010666666666666666
0 0.40825 0.9973333333333333 0.0125 0.005333333333333333
0 0.29225 0.9306666666666666 0.0065 0.02311111111111111
0 0.29575 0.9128888888888889 0.01475 0.012888888888888889
0 0.27825 0.7808888888888889 0.0115 0.010666666666666666
0 0.2935 0.868 0.0115 0.013777777777777778
0 0.2965 0.8795555555555555 0.006 0.02266666666666667
0 0.32275 0.8888888888888888 0.014 0.013777777777777778
0 0.328 0.88 0.01425 0.009333333333333334
0 0.34175 0.9031111111111111 0.015 0.014666666666666666
0 0.35675 0.912 0.0075 0.023555555555555555
0 0.31275 0.8448888888888889 0.007 0.020444444444444446
0 0.3235 0.8008888888888889 0.015 0.013777777777777778
0 0.345 0.816 0.01275 0.016
0 0.3255 0.7448888888888889 0.014 0.016444444444444446
0 0.29475 0.7306666666666667 0.01425 0.014666666666666666
0 0.275 0.7337777777777778 0.0065 0.020444444444444446
0 0.2885 0.7128888888888889 0.00625 0.024
0 0.27675 0.6906666666666667 0.0065 0.013777777777777778
0 0.272 0.6808888888888889 0.0065 0.023555555555555555
0 0.2855 0.6431111111111111 0.00925 0.02311111111111111
0 0.2695 0.6204444444444445 0.007 0.024888888888888887
0 0.319 0.6684444444444444 0.015 0.014666666666666666
0 0.32425 0.6866666666666666 0.015 0.013777777777777778
0 0.328 0.7155555555555555 0.00925 0.019555555555555555
0 0.3545 0.7302222222222222 0.0085 0.021777777777777778
0 0.37525 0.6964444444444444 0.015 0.015555555555555555
0 0.38725 0.6888888888888889 0.0155 0.011555555555555555
0 0.3935 0.6751111111111111 0.006 0.02266666666666667
0 0.38925 0.6982222222222222 0.00825 0.015555555555555555
0 0.3885 0.7168888888888889 0.00775 0.02
0 0.40125 0.7208888888888889 0.007 0.023555555555555555
0 0.4125 0.724 0.01375 0.017777777777777778
0 0.4095 0.732 0.012 0.012444444444444444
0 0.42475 0.7231111111111111 0.0125 0.018666666666666668
0 0.419 0.6764444444444444 0.0125 0.014666666666666666
0 0.36775 0.6546666666666666 0.01125 0.010666666666666666
0 0.3715 0.6493333333333333 0.0115 0.02
0 0.3545 0.6511111111111111 0.01225 0.016444444444444446
0 0.3725 0.6337777777777778 0.007 0.018666666666666668
0 0.3475 0.6257777777777778 0.018 0.014666666666666666
0 0.3385 0.6182222222222222 0.01375 0.017333333333333333
0 0.2915 0.6097777777777778 0.01325 0.012444444444444444
0 0.297 0.6066666666666667 0.00925 0.024
0 0.30975 0.568 0.0115 0.021777777777777778
0 0.28125 0.5386666666666666 0.01225 0.022222222222222223
0 0.3025 0.5297777777777778 0.0095 0.02666666666666667
0 0.33075 0.5586666666666666 0.01575 0.015555555555555555
0 0.343 0.5448888888888889 0.00975 0.015555555555555555
0 0.35125 0.588 0.01425 0.014666666666666666
0 0.37825 0.5537777777777778 0.011 0.015111111111111112
0 0.385 0.5595555555555556 0.0155 0.010666666666666666
0 0.39475 0.5528888888888889 0.0075 0.024444444444444446
0 0.3945 0.5893333333333334 0.00925 0.02711111111111111
0 0.4195 0.56 0.012 0.018666666666666668
0 0.40625 0.5337777777777778 0.00925 0.02311111111111111
0 0.386 0.548 0.01125 0.014666666666666666
0 0.388 0.5404444444444444 0.01325 0.011555555555555555
0 0.41275 0.6355555555555555 0.012 0.021777777777777778
0 0.2875 0.4902222222222222 0.009 0.016
0 0.29275 0.5071111111111111 0.0065 0.018666666666666668
0 0.30075 0.48844444444444446 0.01275 0.019555555555555555
0 0.31025 0.4911111111111111 0.01375 0.016444444444444446
0 0.317 0.4817777777777778 0.012 0.021777777777777778
0 0.34225 0.49466666666666664 0.016 0.014222222222222223
0 0.33425 0.5115555555555555 0.013 0.012
0 0.3305 0.5195555555555555 0.01175 0.017777777777777778
0 0.27175 0.44222222222222224 0.0115 0.013777777777777778
0 0.29975 0.4457777777777778 0.0135 0.014222222222222223
0 0.2815 0.4142222222222222 0.012 0.013333333333333334
0 0.359 0.43777777777777777 0.01275 0.010666666666666666
0 0.3505 0.45022222222222225 0.00725 0.021777777777777778
0 0.38625 0.42444444444444446 0.0065 0.035111111111111114
0 0.3895 0.39955555555555555 0.0145 0.016444444444444446
0 0.3955 0.45111111111111113 0.0115 0.015555555555555555
0 0.395 0.4782222222222222 0.011 0.013333333333333334
0 0.39275 0.47244444444444444 0.011 0.015111111111111112
0 0.40425 0.4831111111111111 0.01275 0.015111111111111112
0 0.40725 0.5031111111111111 0.0105 0.021333333333333333
0 0.41375 0.504 0.00825 0.024
0 0.4135 0.5222222222222223 0.0115 0.017777777777777778
0 0.41025 0.5742222222222222 0.00525 0.020444444444444446
0 0.41475 0.5773333333333334 0.00875 0.009777777777777778
0 0.43625 0.5044444444444445 0.0095 0.015111111111111112
0 0.4065 0.39244444444444443 0.0075 0.029777777777777778
0 0.41275 0.388 0.0085 0.023555555555555555
0 0.4145 0.752 0.00925 0.024444444444444446
0 0.4215 0.7537777777777778 0.012 0.012888888888888889
0 0.4145 0.7835555555555556 0.00925 0.023555555555555555
0 0.42075 0.7937777777777778 0.0105 0.013777777777777778
0 0.392 0.7844444444444445 0.0155 0.011555555555555555
0 0.3825 0.8004444444444444 0.00675 0.026222222222222223
0 0.393 0.808 0.00875 0.021777777777777778
0 0.40875 0.8364444444444444 0.015 0.018666666666666668
0 0.4155 0.8671111111111112 0.01225 0.020888888888888887
0 0.4145 0.892 0.012 0.020444444444444446
0 0.402 0.8942222222222223 0.012 0.012888888888888889
0 0.39375 0.8968888888888888 0.0135 0.013333333333333334
0 0.43425 0.9328888888888889 0.015 0.010666666666666666
0 0.4355 0.9195555555555556 0.00875 0.020888888888888887
0 0.4425 0.9155555555555556 0.011 0.009777777777777778
0 0.44825 0.9053333333333333 0.01275 0.014222222222222223
0 0.44475 0.8866666666666667 0.009 0.023555555555555555
0 0.4365 0.9493333333333334 0.008 0.020444444444444446
0 0.442 0.9608888888888889 0.01125 0.014666666666666666
0 0.45375 0.9768888888888889 0.0155 0.012888888888888889
0 0.45325 0.9631111111111111 0.01275 0.015111111111111112
0 0.48625 0.9844444444444445 0.0165 0.013777777777777778
0 0.49875 0.9568888888888889 0.01725 0.017777777777777778
0 0.4415 0.8533333333333334 0.0115 0.013777777777777778
0 0.44725 0.8168888888888889 0.01175 0.019555555555555555
0 0.43975 0.8146666666666667 0.0065 0.019555555555555555
0 0.43325 0.7893333333333333 0.011 0.019555555555555555
0 0.4425 0.7542222222222222 0.01375 0.011555555555555555
0 0.455 0.7786666666666666 0.014 0.01911111111111111
0 0.45375 0.7648888888888888 0.0065 0.021777777777777778
0 0.47025 0.7648888888888888 0.007 0.021777777777777778
0 0.47375 0.7791111111111111 0.01 0.021777777777777778
0 0.46975 0.7955555555555556 0.00925 0.021333333333333333
0 0.44 0.7368888888888889 0.012 0.014666666666666666
0 0.4635 0.7302222222222222 0.0135 0.014666666666666666
0 0.45325 0.6644444444444444 0.015 0.012444444444444444
0 0.44 0.6542222222222223 0.013 0.015111111111111112
0 0.4505 0.6288888888888889 0.016 0.011555555555555555
0 0.44825 0.5946666666666667 0.0155 0.02
0 0.449 0.5693333333333334 0.01325 0.015555555555555555
0 0.49625 0.5995555555555555 0.00975 0.02666666666666667
0 0.46375 0.6373333333333333 0.008 0.021777777777777778
0 0.48125 0.6582222222222223 0.015 0.020444444444444446
0 0.51025 0.6626666666666666 0.007 0.015111111111111112
0 0.5145 0.6773333333333333 0.01 0.01911111111111111
0 0.501 0.7502222222222222 0.00825 0.020444444444444446
0 0.51 0.7613333333333333 0.0115 0.015555555555555555
0 0.50775 0.752 0.00925 0.015555555555555555
0 0.49825 0.8337777777777777 0.0135 0.024444444444444446
0 0.509 0.8586666666666667 0.01775 0.013777777777777778
0 0.5025 0.8826666666666667 0.01325 0.015555555555555555
0 0.5495 0.8688888888888889 0.01275 0.015111111111111112
0 0.56475 0.8791111111111111 0.0155 0.016444444444444446
0 0.53325 0.8946666666666667 0.0155 0.014666666666666666
0 0.539 0.9026666666666666 0.01275 0.016444444444444446
0 0.56075 0.9208888888888889 0.007 0.02666666666666667
0 0.53025 0.9395555555555556 0.015 0.02266666666666667
0 0.52575 0.9248888888888889 0.01225 0.016
0 0.5165 0.9177777777777778 0.015 0.012
0 0.572 0.9395555555555556 0.0115 0.01911111111111111
0 0.5825 0.9355555555555556 0.01125 0.012444444444444444
0 0.591 0.94 0.01625 0.011555555555555555
0 0.5405 0.9848888888888889 0.01425 0.014222222222222223
0 0.56475 0.9893333333333333 0.01375 0.017777777777777778
0 0.59625 0.9977777777777778 0.0125 0.0044444444444444444
0 0.61375 0.9684444444444444 0.0115 0.023555555555555555
0 0.6065 0.916 0.007 0.02266666666666667
0 0.61575 0.936 0.0055 0.023555555555555555
0 0.62075 0.9346666666666666 0.00575 0.021777777777777778
0 0.63225 0.9155555555555556 0.01 0.022222222222222223
0 0.6365 0.9022222222222223 0.00725 0.020444444444444446
0 0.65625 0.8866666666666667 0.00875 0.025777777777777778
0 0.628 0.8702222222222222 0.00975 0.018666666666666668
0 0.608 0.8702222222222222 0.01 0.02311111111111111
0 0.60525 0.8546666666666667 0.0115 0.018666666666666668
0 0.62025 0.8573333333333333 0.016 0.015555555555555555
0 0.615 0.8391111111111111 0.00775 0.021333333333333333
0 0.64025 0.8471111111111111 0.0115 0.020444444444444446
0 0.624 0.7946666666666666 0.01575 0.016444444444444446
0 0.57925 0.8306666666666667 0.01125 0.02311111111111111
0 0.53575 0.8275555555555556 0.0105 0.018666666666666668
0 0.51425 0.8084444444444444 0.01275 0.016444444444444446
0 0.551 0.8213333333333334 0.01625 0.010666666666666666
0 0.53775 0.7826666666666666 0.012 0.018222222222222223
0 0.53325 0.7755555555555556 0.012 0.019555555555555555
0 0.52075 0.7773333333333333 0.011 0.011555555555555555
0 0.52025 0.7524444444444445 0.00725 0.020888888888888887
0 0.55525 0.7368888888888889 0.011 0.02311111111111111
0 0.57225 0.7448888888888889 0.01525 0.016444444444444446
0 0.5835 0.7346666666666667 0.01075 0.014666666666666666
0 0.59375 0.7333333333333333 0.009 0.02266666666666667
0 0.6 0.7306666666666667 0.0105 0.012444444444444444
0 0.528 0.7088888888888889 0.0115 0.02266666666666667
0 0.53525 0.72 0.0095 0.020444444444444446
0 0.55925 0.704 0.0105 0.023555555555555555
0 0.57525 0.7071111111111111 0.0105 0.02666666666666667
0 0.57775 0.7262222222222222 0.01425 0.011111111111111112
0 0.5935 0.704 0.0155 0.012888888888888889
0 0.56325 0.6817777777777778 0.015 0.016888888888888887
0 0.54575 0.6568888888888889 0.008 0.016444444444444446
0 0.5865 0.6475555555555556 0.013 0.015111111111111112
0 0.5315 0.624 0.01025 0.019555555555555555
0 0.53825 0.6271111111111111 0.007 0.026222222222222223
0 0.548 0.6124444444444445 0.01525 0.013777777777777778
0 0.5705 0.6093333333333333 0.01375 0.016444444444444446
0 0.5975 0.6173333333333333 0.00925 0.025777777777777778
0 0.59675 0.6453333333333333 0.00775 0.02266666666666667
0 0.62125 0.6311111111111111 0.01275 0.019555555555555555
0 0.62275 0.616 0.01325 0.016444444444444446
0 0.6195 0.7075555555555556 0.00775 0.013777777777777778
0 0.61175 0.7266666666666667 0.015 0.015555555555555555
0 0.62525 0.7088888888888889 0.0105 0.025777777777777778
0 0.62275 0.7533333333333333 0.00925 0.025333333333333333
0 0.6435 0.7244444444444444 0.01325 0.012444444444444444
0 0.65325 0.7488888888888889 0.014 0.014666666666666666
0 0.44575 0.38 0.012 0.016888888888888887
0 0.45575 0.38666666666666666 0.01425 0.015555555555555555
0 0.45775 0.3751111111111111 0.016 0.012
0 0.4525 0.4026666666666667 0.0165 0.018666666666666668
0 0.434 0.4368888888888889 0.01325 0.015555555555555555
0 0.44525 0.4351111111111111 0.0065 0.014666666666666666
0 0.46425 0.412 0.01275 0.015555555555555555
0 0.481 0.4 0.01475 0.010222222222222223
0 0.4645 0.4533333333333333 0.00825 0.024444444444444446
0 0.48425 0.43866666666666665 0.01375 0.020888888888888887
0 0.48825 0.43955555555555553 0.01375 0.007555555555555556
0 0.50925 0.4484444444444444 0.00925 0.028888888888888888
0 0.51975 0.4568888888888889 0.01725 0.020444444444444446
0 0.5335 0.4622222222222222 0.01625 0.014666666666666666
0 0.53075 0.4222222222222222 0.01575 0.016444444444444446
0 0.5605 0.3884444444444444 0.0175 0.012444444444444444
0 0.55925 0.3831111111111111 0.0125 0.012444444444444444
0 0.568 0.39555555555555555 0.01575 0.016444444444444446
0 0.56625 0.4093333333333333 0.015 0.009777777777777778
0 0.5695 0.4262222222222222 0.01625 0.011555555555555555
0 0.572 0.416 0.01025 0.017777777777777778
0 0.565 0.44133333333333336 0.01525 0.012444444444444444
0 0.565 0.4573333333333333 0.01325 0.014666666666666666
0 0.558 0.48044444444444445 0.011 0.023555555555555555
0 0.57375 0.49066666666666664 0.01075 0.030222222222222223
0 0.4765 0.4862222222222222 0.0115 0.019555555555555555
0 0.458 0.5186666666666667 0.0155 0.012444444444444444
0 0.45875 0.5093333333333333 0.01375 0.014666666666666666
0 0.44175 0.5266666666666666 0.01675 0.011555555555555555
0 0.4805 0.5217777777777778 0.00975 0.021333333333333333
0 0.48875 0.5346666666666666 0.01575 0.012444444444444444
0 0.49925 0.5266666666666666 0.0125 0.008444444444444444
0 0.49625 0.4822222222222222 0.00825 0.021777777777777778
0 0.48875 0.4875555555555556 0.00825 0.029777777777777778
0 0.51525 0.49822222222222223 0.01075 0.018666666666666668
0 0.52875 0.5106666666666667 0.00925 0.019555555555555555
0 0.55475 0.544 0.00925 0.017333333333333333
0 0.56375 0.5524444444444444 0.01125 0.014666666666666666
0 0.57475 0.5511111111111111 0.0095 0.036444444444444446
0 0.58175 0.5777777777777777 0.01325 0.012444444444444444
0 0.5065 0.5746666666666667 0.0175 0.016888888888888887
0 0.59225 0.5306666666666666 0.016 0.017777777777777778
0 0.608 0.5453333333333333 0.00925 0.02666666666666667
0 0.341 0.07111111111111111 0.01 0.021333333333333333
0 0.3395 0.058222222222222224 0.0095 0.017777777777777778
0 0.565 0.0071111111111111115 0.008 0.014222222222222223
0 0.58875 0.0071111111111111115 0.014 0.014222222222222223
0 0.617 0.009333333333333334 0.01075 0.018666666666666668
0 0.58775 0.06444444444444444 0.01225 0.016888888888888887
0 0.59075 0.04622222222222222 0.01275 0.024
0 0.607 0.07111111111111111 0.013 0.025333333333333333
0 0.6055 0.09422222222222222 0.01475 0.013333333333333334
0 0.59075 0.09955555555555555 0.01425 0.02
0 0.593 0.13822222222222222 0.0095 0.024
0 0.6155 0.112 0.01 0.020444444444444446
0 0.65125 0.05333333333333334 0.016 0.016
0 0.66675 0.022222222222222223 0.018 0.016888888888888887
0 0.68225 0.02 0.0175 0.020444444444444446
0 0.6615 0.0026666666666666666 0.012 0.005333333333333333
0 0.63825 0.005333333333333333 0.0105 0.010666666666666666
0 0.6985 0.0057777777777777775 0.007 0.011555555555555555
0 0.7025 0.035555555555555556 0.009 0.01911111111111111
0 0.7175 0.048 0.014 0.01911111111111111
0 0.6685 0.06444444444444444 0.00575 0.02666666666666667
0 0.67025 0.057777777777777775 0.01325 0.020444444444444446
0 0.66325 0.128 0.01475 0.015111111111111112
0 0.66275 0.116 0.01425 0.011555555555555555
0 0.66675 0.10266666666666667 0.009 0.020444444444444446
0 0.67525 0.10577777777777778 0.01475 0.019555555555555555
0 0.63875 0.14 0.01275 0.013777777777777778
0 0.635 0.12444444444444444 0.00975 0.018222222222222223
0 0.67825 0.15733333333333333 0.01525 0.016444444444444446
0 0.634 0.18088888888888888 0.02 0.013777777777777778
0 0.58925 0.24844444444444444 0.008 0.028444444444444446
0 0.59875 0.22444444444444445 0.014 0.02266666666666667
0 0.62525 0.2111111111111111 0.0135 0.019555555555555555
0 0.66025 0.2137777777777778 0.018 0.017333333333333333
0 0.65625 0.1968888888888889 0.012 0.017333333333333333
0 0.65325 0.24266666666666667 0.011 0.021333333333333333
0 0.63 0.2457777777777778 0.01725 0.01911111111111111
0 0.63725 0.26 0.01375 0.013333333333333334
0 0.59775 0.30266666666666664 0.0085 0.024
0 0.6225 0.31333333333333335 0.0105 0.030666666666666665
0 0.62525 0.2902222222222222 0.01325 0.016888888888888887
0 0.61725 0.3413333333333333 0.012 0.017777777777777778
0 0.63475 0.3191111111111111 0.015 0.026222222222222223
0 0.6575 0.33866666666666667 0.0105 0.02
0 0.6555 0.32 0.01125 0.028
0 0.67825 0.264 0.0095 0.016
0 0.688 0.2613333333333333 0.014 0.012444444444444444
0 0.671 0.31333333333333335 0.014 0.015111111111111112
0 0.66875 0.30533333333333335 0.015 0.007555555555555556
0 0.66975 0.29688888888888887 0.01325 0.010666666666666666
0 0.68075 0.29688888888888887 0.01125 0.013777777777777778
0 0.6995 0.3128888888888889 0.0085 0.026222222222222223
0 0.71875 0.2768888888888889 0.01275 0.020444444444444446
0 0.7265 0.3 0.01325 0.018222222222222223
0 0.697 0.33466666666666667 0.01575 0.012888888888888889
0 0.709 0.39111111111111113 0.01275 0.02266666666666667
0 0.71325 0.36577777777777776 0.01025 0.017777777777777778
0 0.72125 0.34444444444444444 0.011 0.016444444444444446
0 0.6415 0.34933333333333333 0.0105 0.020888888888888887
0 0.66875 0.3506666666666667 0.0155 0.016
0 0.68625 0.22933333333333333 0.01525 0.014222222222222223
0 0.685 0.21777777777777776 0.014 0.014222222222222223
0 0.7015 0.224 0.01625 0.016888888888888887
0 0.69025 0.1942222222222222 0.01525 0.01911111111111111
0 0.688 0.16844444444444445 0.00925 0.02711111111111111
0 0.70425 0.1711111111111111 0.0155 0.016888888888888887
0 0.70375 0.10088888888888889 0.0095 0.030666666666666665
0 0.7035 0.06666666666666667 0.01125 0.011555555555555555
0 0.73725 0.03244444444444444 0.01625 0.014222222222222223
0 0.7515 0.012 0.015 0.02
0 0.75225 0.042666666666666665 0.008 0.024
0 0.75775 0.022222222222222223 0.01275 0.016444444444444446
0 0.78275 0.03955555555555555 0.015 0.024
0 0.8055 0.024 0.0115 0.016444444444444446
0 0.81525 0.018222222222222223 0.01025 0.03422222222222222
0 0.8275 0.03288888888888889 0.01175 0.024
0 0.717 0.22444444444444445 0.01325 0.030666666666666665
0 0.714 0.20444444444444446 0.01275 0.017333333333333333
0 0.72125 0.19333333333333333 0.00925 0.028
0 0.73025 0.18266666666666667 0.016 0.013777777777777778
0 0.73375 0.19955555555555557 0.011 0.027555555555555555
0 0.74375 0.21644444444444444 0.0155 0.011555555555555555
0 0.7425 0.20444444444444446 0.00975 0.016444444444444446
0 0.75125 0.2048888888888889 0.0095 0.011111111111111112
0 0.74925 0.2391111111111111 0.013 0.014666666666666666
0 0.72675 0.23244444444444445 0.0175 0.015111111111111112
0 0.76675 0.25466666666666665 0.011 0.014222222222222223
0 0.77125 0.252 0.004 0.023555555555555555
0 0.776 0.2368888888888889 0.01825 0.011555555555555555
0 0.7765 0.21688888888888888 0.01575 0.012888888888888889
0 0.787 0.25555555555555554 0.0155 0.015111111111111112
0 0.749 0.30266666666666664 0.01525 0.014222222222222223
0 0.745 0.28933333333333333 0.014 0.013777777777777778
0 0.7655 0.3048888888888889 0.01575 0.020888888888888887
0 0.78 0.308 0.01175 0.011555555555555555
0 0.77575 0.29777777777777775 0.00775 0.026222222222222223
0 0.7935 0.31422222222222224 0.011 0.02311111111111111
0 0.8035 0.30933333333333335 0.016 0.017333333333333333
0 0.80425 0.2808888888888889 0.0105 0.023555555555555555
0 0.754 0.34755555555555556 0.0075 0.03111111111111111
0 0.75825 0.3333333333333333 0.0055 0.028
0 0.73825 0.316 0.01175 0.020888888888888887
0 0.72275 0.37022222222222223 0.0065 0.024
0 0.73 0.3768888888888889 0.01 0.014666666666666666
0 0.742 0.37733333333333335 0.01375 0.010666666666666666
0 0.74575 0.38711111111111113 0.01275 0.013777777777777778
0 0.68325 0.3808888888888889 0.0155 0.019555555555555555
0 0.66375 0.38266666666666665 0.01325 0.021777777777777778
0 0.64725 0.38266666666666665 0.01125 0.02266666666666667
0 0.624 0.39511111111111114 0.0105 0.017333333333333333
0 0.60225 0.42133333333333334 0.01325 0.028
0 0.61025 0.42 0.011 0.016444444444444446
0 0.62325 0.4266666666666667 0.01125 0.011111111111111112
0 0.62475 0.4182222222222222 0.01 0.014666666666666666
0 0.63225 0.41555555555555557 0.0065 0.024444444444444446
0 0.63375 0.436 0.01275 0.010222222222222223
0 0.623 0.472 0.014 0.010666666666666666
0 0.62075 0.45511111111111113 0.01625 0.017333333333333333
0 0.59525 0.46755555555555556 0.0085 0.025333333333333333
0 0.6025 0.4573333333333333 0.01 0.021333333333333333
0 0.60925 0.5111111111111111 0.0135 0.010666666666666666
0 0.60375 0.5008888888888889 0.00775 0.010222222222222223
0 0.60275 0.4866666666666667 0.013 0.010666666666666666
0 0.636 0.47155555555555556 0.013 0.013333333333333334
0 0.655 0.4817777777777778 0.014 0.014666666666666666
0 0.65225 0.4262222222222222 0.0065 0.02311111111111111
0 0.658 0.4271111111111111 0.0075 0.02311111111111111
0 0.665 0.4231111111111111 0.009 0.013333333333333334
0 0.67925 0.412 0.0095 0.017777777777777778
0 0.67 0.4368888888888889 0.01175 0.018222222222222223
0 0.6835 0.43377777777777776 0.01375 0.013777777777777778
0 0.6865 0.42177777777777775 0.013 0.011111111111111112
0 0.69675 0.4191111111111111 0.015 0.012444444444444444
0 0.7205 0.42177777777777775 0.00925 0.02711111111111111
0 0.7155 0.4662222222222222 0.01425 0.019555555555555555
0 0.70925 0.4911111111111111 0.0115 0.02
0 0.6685 0.5204444444444445 0.0075 0.02
0 0.6665 0.49955555555555553 0.00725 0.019555555555555555
0 0.622 0.5186666666666667 0.011 0.017333333333333333
0 0.6305 0.5235555555555556 0.0115 0.018222222222222223
0 0.634 0.5168888888888888 0.0115 0.013333333333333334
0 0.64075 0.5151111111111111 0.01025 0.015111111111111112
0 0.651 0.5182222222222223 0.01125 0.016
0 0.63275 0.5457777777777778 0.01575 0.014222222222222223
0 0.635 0.5715555555555556 0.01575 0.01911111111111111
0 0.65975 0.5422222222222223 0.01475 0.020888888888888887
0 0.69225 0.5337777777777778 0.0175 0.011555555555555555
0 0.7185 0.5248888888888888 0.02 0.012444444444444444
0 0.7185 0.5146666666666667 0.01275 0.016
0 0.7405 0.48533333333333334 0.011 0.024888888888888887
0 0.74575 0.5386666666666666 0.011 0.02266666666666667
0 0.70975 0.5484444444444444 0.00975 0.016888888888888887
0 0.6825 0.5706666666666667 0.00725 0.029777777777777778
0 0.69125 0.5702222222222222 0.00825 0.021333333333333333
0 0.667 0.5893333333333334 0.01125 0.024
0 0.64825 0.6293333333333333 0.009 0.027555555555555555
0 0.65125 0.6151111111111112 0.01275 0.013333333333333334
0 0.65325 0.5995555555555555 0.0155 0.01911111111111111
0 0.65825 0.6248888888888889 0.01475 0.013333333333333334
0 0.67625 0.6471111111111111 0.014 0.028
0 0.67925 0.6222222222222222 0.00725 0.026222222222222223
0 0.68625 0.608 0.011 0.015111111111111112
0 0.7 0.6328888888888888 0.0175 0.024
0 0.70525 0.6182222222222222 0.01525 0.016444444444444446
0 0.71325 0.6031111111111112 0.0105 0.017777777777777778
0 0.715 0.6342222222222222 0.01 0.029777777777777778
0 0.725 0.6262222222222222 0.0115 0.021777777777777778
0 0.7345 0.5791111111111111 0.009 0.030666666666666665
0 0.722 0.5662222222222222 0.013 0.017333333333333333
0 0.74225 0.6004444444444444 0.01425 0.013777777777777778
0 0.75375 0.5924444444444444 0.00975 0.020888888888888887
0 0.76225 0.5608888888888889 0.01575 0.017333333333333333
0 0.77325 0.5955555555555555 0.01125 0.020444444444444446
0 0.68975 0.6822222222222222 0.01475 0.017333333333333333
0 0.68225 0.7084444444444444 0.017 0.019555555555555555
0 0.69025 0.7453333333333333 0.013 0.02311111111111111
0 0.731 0.7617777777777778 0.015 0.019555555555555555
0 0.72775 0.8017777777777778 0.0115 0.018222222222222223
0 0.6765 0.824 0.014 0.016444444444444446
0 0.68225 0.8137777777777778 0.01025 0.021777777777777778
0 0.68825 0.7915555555555556 0.01 0.014666666666666666
0 0.665 0.8391111111111111 0.01375 0.020888888888888887
0 0.6945 0.8377777777777777 0.01475 0.020888888888888887
0 0.685 0.9084444444444445 0.01125 0.021777777777777778
0 0.696 0.8862222222222222 0.0075 0.027555555555555555
0 0.70025 0.8742222222222222 0.013 0.013333333333333334
0 0.699 0.8644444444444445 0.02125 0.010222222222222223
0 0.70325 0.9022222222222223 0.008 0.021333333333333333
0 0.71275 0.9075555555555556 0.011 0.028
0 0.7105 0.8875555555555555 0.01425 0.016
0 0.739 0.8417777777777777 0.00775 0.026222222222222223
0 0.73075 0.9093333333333333 0.00825 0.028444444444444446
0 0.66575 0.9431111111111111 0.01325 0.014222222222222223
0 0.68525 0.9337777777777778 0.00825 0.02266666666666667
0 0.68675 0.96 0.01675 0.014222222222222223
0 0.69425 0.9466666666666667 0.016 0.013333333333333334
0 0.6895 0.996 0.01775 0.008
0 0.719 0.9951111111111111 0.01875 0.009777777777777778
0 0.7205 0.9808888888888889 0.011 0.024444444444444446
0 0.72525 0.9573333333333334 0.016 0.012888888888888889
0 0.71425 0.9675555555555555 0.01275 0.012444444444444444
0 0.746 0.9875555555555555 0.01 0.024888888888888887
0 0.73 0.9377777777777778 0.009 0.027555555555555555
0 0.7375 0.9373333333333334 0.00825 0.026222222222222223
0 0.746 0.9435555555555556 0.01125 0.016
0 0.7465 0.9235555555555556 0.00925 0.021777777777777778
0 0.76775 0.968 0.01475 0.024444444444444446
0 0.812 0.9964444444444445 0.014 0.0071111111111111115
0 0.7855 0.9631111111111111 0.00775 0.025333333333333333
0 0.7935 0.9231111111111111 0.00975 0.026222222222222223
0 0.752 0.9133333333333333 0.01225 0.011111111111111112
0 0.754 0.8844444444444445 0.02 0.014666666666666666
0 0.7515 0.8706666666666667 0.007 0.026222222222222223
0 0.75675 0.8706666666666667 0.005 0.021333333333333333
0 0.7615 0.8702222222222222 0.00575 0.024
0 0.772 0.8417777777777777 0.014 0.019555555555555555
0 0.75625 0.8173333333333334 0.01425 0.017333333333333333
0 0.783 0.8857777777777778 0.01575 0.016888888888888887
0 0.8205 0.8844444444444445 0.01625 0.01911111111111111
0 0.83025 0.9053333333333333 0.006 0.020888888888888887
0 0.8015 0.9391111111111111 0.0065 0.016
0 0.8115 0.936 0.01325 0.01911111111111111
0 0.842 0.9422222222222222 0.013 0.02266666666666667
0 0.90475 0.956 0.0095 0.02666666666666667
0 0.91875 0.9426666666666667 0.0115 0.01911111111111111
0 0.929 0.9426666666666667 0.01125 0.017777777777777778
0 0.94 0.9208888888888889 0.01675 0.013777777777777778
0 0.927 0.9804444444444445 0.01325 0.02311111111111111
0 0.9565 0.98 0.0155 0.015111111111111112
0 0.96075 0.9928888888888889 0.008 0.014222222222222223
0 0.978 0.9613333333333334 0.0085 0.030666666666666665
0 0.9965 0.9404444444444444 0.007 0.02666666666666667
0 0.976 0.8826666666666667 0.01425 0.013333333333333334
0 0.96825 0.8635555555555555 0.0105 0.020444444444444446
0 0.9765 0.8662222222222222 0.007 0.016
0 0.974 0.8426666666666667 0.012 0.023555555555555555
0 0.99625 0.8893333333333333 0.0075 0.014666666666666666
0 0.89 0.8942222222222223 0.0095 0.024
0 0.8975 0.8942222222222223 0.00925 0.024
0 0.9085 0.8786666666666667 0.013 0.029333333333333333
0 0.9095 0.8435555555555555 0.012 0.032
0 0.92825 0.8022222222222222 0.01275 0.016444444444444446
0 0.93875 0.8124444444444444 0.01 0.013777777777777778
0 0.9465 0.8017777777777778 0.013 0.015111111111111112
0 0.95725 0.8022222222222222 0.016 0.02
0 0.891 0.8808888888888889 0.0085 0.02311111111111111
0 0.89075 0.8537777777777777 0.0095 0.028
0 0.87725 0.8795555555555555 0.01025 0.030222222222222223
0 0.85425 0.8604444444444445 0.00625 0.011555555555555555
0 0.867 0.8608888888888889 0.00775 0.011111111111111112
0 0.861 0.8493333333333334 0.01275 0.016
0 0.849 0.8471111111111111 0.012 0.01911111111111111
0 0.769 0.07777777777777778 0.01075 0.017777777777777778
0 0.77425 0.09866666666666667 0.0125 0.021333333333333333
0 0.765 0.09333333333333334 0.01475 0.009333333333333334
0 0.725 0.08044444444444444 0.0125 0.017777777777777778
0 0.721 0.096 0.01225 0.017777777777777778
0 0.73325 0.07155555555555555 0.01125 0.014666666666666666
0 0.7385 0.11377777777777778 0.006 0.028
0 0.74225 0.09333333333333334 0.016 0.008
0 0.743 0.08177777777777778 0.01775 0.009333333333333334
0 0.743 0.11555555555555555 0.0075 0.030222222222222223
0 0.732 0.128 0.0115 0.009777777777777778
0 0.7485 0.116 0.00775 0.026222222222222223
0 0.754 0.11866666666666667 0.0065 0.019555555555555555
0 0.765 0.124 0.0145 0.013777777777777778
0 0.75475 0.15066666666666667 0.009 0.013777777777777778
0 0.7705 0.1448888888888889 0.00925 0.008888888888888889
0 0.784 0.13955555555555554 0.01225 0.010222222222222223
0 0.7735 0.1537777777777778 0.00675 0.014666666666666666
0 0.77925 0.1768888888888889 0.01125 0.020444444444444446
0 0.82375 0.168 0.00825 0.024
0 0.81975 0.128 0.01875 0.016
0 0.8 0.09288888888888888 0.014 0.016888888888888887
0 0.81825 0.06177777777777778 0.0095 0.022222222222222223
0 0.8455 0.011111111111111112 0.013 0.009333333333333334
0 0.8545 0.009333333333333334 0.00825 0.017777777777777778
0 0.859 0.042222222222222223 0.009 0.023555555555555555
0 0.8445 0.044444444444444446 0.0065 0.01911111111111111
0 0.8495 0.042666666666666665 0.0105 0.014666666666666666
0 0.88 0.05466666666666667 0.01 0.026222222222222223
0 0.89025 0.04533333333333334 0.013 0.012888888888888889
0 0.90675 0.08355555555555555 0.01025 0.02
0 0.9155 0.07955555555555556 0.00775 0.024
0 0.90325 0.10488888888888889 0.01025 0.020888888888888887
0 0.9055 0.14044444444444446 0.01125 0.025777777777777778
0 0.86225 0.0035555555555555557 0.0095 0.0071111111111111115
0 0.90825 0.06222222222222222 0.00925 0.017333333333333333
0 0.921 0.05422222222222222 0.00725 0.011555555555555555
0 0.93075 0.08222222222222222 0.006 0.024
0 0.93525 0.0951111111111111 0.01125 0.015111111111111112
0 0.94925 0.11022222222222222 0.01475 0.016444444444444446
0 0.92125 0.1368888888888889 0.014 0.013777777777777778
0 0.91225 0.17644444444444443 0.01175 0.029333333333333333
0 0.86025 0.1537777777777778 0.00875 0.02266666666666667
0 0.8525 0.14444444444444443 0.01375 0.009777777777777778
0 0.83925 0.13555555555555557 0.00825 0.02666666666666667
0 0.84675 0.11733333333333333 0.014 0.015555555555555555
0 0.848 0.12711111111111112 0.00575 0.017777777777777778
0 0.84825 0.092 0.01575 0.018222222222222223
0 0.87325 0.19733333333333333 0.01325 0.017333333333333333
0 0.8595 0.21733333333333332 0.0115 0.024444444444444446
0 0.854 0.23466666666666666 0.0165 0.012888888888888889
0 0.845 0.21466666666666667 0.01 0.013333333333333334
0 0.82175 0.22666666666666666 0.01575 0.020444444444444446
0 0.8445 0.2702222222222222 0.008 0.032
0 0.836 0.2831111111111111 0.008 0.02711111111111111
0 0.856 0.2848888888888889 0.01375 0.015555555555555555
0 0.8815 0.27155555555555555 0.0135 0.015555555555555555
0 0.89125 0.27244444444444443 0.00675 0.022222222222222223
0 0.879 0.28755555555555556 0.0155 0.008888888888888889
0 0.8725 0.32222222222222224 0.01325 0.025777777777777778
0 0.877 0.3231111111111111 0.011 0.015111111111111112
0 0.869 0.3448888888888889 0.01575 0.016444444444444446
0 0.8605 0.3373333333333333 0.0165 0.014666666666666666
0 0.84925 0.3373333333333333 0.0095 0.024444444444444446
0 0.84275 0.3257777777777778 0.01275 0.014222222222222223
0 0.7985 0.35288888888888886 0.00875 0.018666666666666668
0 0.78675 0.3244444444444444 0.0065 0.02711111111111111
0 0.9285 0.20222222222222222 0.0135 0.014222222222222223
0 0.938 0.20266666666666666 0.01125 0.016444444444444446
0 0.95125 0.18888888888888888 0.01 0.02711111111111111
0 0.98025 0.20533333333333334 0.018 0.013777777777777778
0 0.969 0.13866666666666666 0.00925 0.030666666666666665
0 0.988 0.15066666666666667 0.0135 0.02
0 0.9875 0.12577777777777777 0.008 0.025777777777777778
0 0.99475 0.128 0.01025 0.016888888888888887
0 0.9915 0.112 0.014 0.011555555555555555
0 0.977 0.10444444444444445 0.01425 0.012888888888888889
0 0.96175 0.06 0.01075 0.011111111111111112
0 0.97725 0.04044444444444444 0.008 0.024888888888888887
0 0.98875 0.042666666666666665 0.00875 0.02666666666666667
0 0.9875 0.07111111111111111 0.007 0.020888888888888887
0 0.98675 0.088 0.015 0.015555555555555555
0 0.94775 0.017777777777777778 0.0055 0.022222222222222223
0 0.93975 0.014666666666666666 0.01 0.017333333333333333
0 0.95175 0.006222222222222222 0.00625 0.012444444444444444
0 0.97075 0.02666666666666667 0.00925 0.02311111111111111
0 0.9705 0.007555555555555556 0.012 0.015111111111111112
0 0.9665 0.0035555555555555557 0.01 0.0071111111111111115
0 0.9185 0.24133333333333334 0.0145 0.022222222222222223
0 0.91525 0.27466666666666667 0.0125 0.020888888888888887
0 0.93375 0.27555555555555555 0.011 0.012
0 0.92575 0.2853333333333333 0.00675 0.028888888888888888
0 0.952 0.30933333333333335 0.0095 0.024444444444444446
0 0.953 0.292 0.01625 0.016444444444444446
0 0.9765 0.2942222222222222 0.00975 0.029333333333333333
0 0.97175 0.31955555555555554 0.01175 0.019555555555555555
0 0.9945 0.3128888888888889 0.01075 0.015555555555555555
0 0.94875 0.36444444444444446 0.011 0.026222222222222223
0 0.97425 0.38666666666666666 0.00625 0.02266666666666667
0 0.95575 0.3933333333333333 0.017 0.013777777777777778
0 0.94025 0.41333333333333333 0.01375 0.016888888888888887
0 0.93775 0.3973333333333333 0.00625 0.019555555555555555
0 0.92725 0.39111111111111113 0.0155 0.018666666666666668
0 0.89925 0.3982222222222222 0.01075 0.02266666666666667
0 0.9045 0.3893333333333333 0.00525 0.020888888888888887
0 0.911 0.3191111111111111 0.0115 0.015111111111111112
0 0.92175 0.3217777777777778 0.01275 0.017777777777777778
0 0.9345 0.3204444444444444 0.014 0.024888888888888887
0 0.958 0.43333333333333335 0.00725 0.023555555555555555
0 0.94925 0.44266666666666665 0.00625 0.024
0 0.95425 0.45955555555555555 0.01125 0.020444444444444446
0 0.9405 0.4493333333333333 0.009 0.015555555555555555
0 0.91025 0.4955555555555556 0.018 0.016444444444444446
0 0.968 0.48977777777777776 0.011 0.018222222222222223
0 0.97675 0.5 0.009 0.01911111111111111
0 0.983 0.492 0.00575 0.020444444444444446
0 0.9965 0.5022222222222222 0.007 0.020888888888888887
0 0.974 0.5244444444444445 0.0135 0.012888888888888889
0 0.98175 0.5271111111111111 0.0125 0.011555555555555555
0 0.98175 0.5457777777777778 0.0125 0.012888888888888889
0 0.98525 0.5626666666666666 0.00825 0.02311111111111111
0 0.96975 0.5671111111111111 0.01475 0.015555555555555555
0 0.9655 0.56 0.00975 0.014666666666666666
0 0.964 0.58 0.0105 0.017333333333333333
0 0.99025 0.5808888888888889 0.00775 0.025777777777777778
0 0.989 0.6017777777777777 0.0115 0.021777777777777778
0 0.99075 0.6222222222222222 0.01375 0.012
0 0.981 0.616 0.01 0.017333333333333333
0 0.975 0.6302222222222222 0.0135 0.013777777777777778
0 0.96525 0.6044444444444445 0.0055 0.02266666666666667
0 0.95325 0.6288888888888889 0.01625 0.016888888888888887
0 0.95625 0.6137777777777778 0.01575 0.015111111111111112
0 0.9395 0.6231111111111111 0.00725 0.017777777777777778
0 0.93075 0.6111111111111112 0.00725 0.02311111111111111
0 0.94625 0.5911111111111111 0.01225 0.015555555555555555
0 0.9445 0.58 0.00875 0.020444444444444446
0 0.8925 0.44622222222222224 0.00725 0.022222222222222223
0 0.881 0.45644444444444443 0.01325 0.015111111111111112
0 0.8735 0.43777777777777777 0.007 0.02711111111111111
0 0.8685 0.39866666666666667 0.01175 0.01911111111111111
0 0.8595 0.43377777777777776 0.01525 0.016444444444444446
0 0.84825 0.45155555555555554 0.01225 0.013333333333333334
0 0.841 0.4577777777777778 0.011 0.020888888888888887
0 0.825 0.4777777777777778 0.01625 0.015555555555555555
0 0.829 0.4671111111111111 0.01175 0.012
0 0.813 0.43733333333333335 0.0095 0.028888888888888888
0 0.831 0.3982222222222222 0.01325 0.017777777777777778
0 0.8135 0.4071111111111111 0.01075 0.02
0 0.80275 0.4191111111111111 0.007 0.026222222222222223
0 0.751 0.42 0.00675 0.028
0 0.77025 0.3893333333333333 0.012 0.019555555555555555
0 0.77775 0.37955555555555553 0.01525 0.016
0 0.795 0.384 0.01825 0.012444444444444444
0 0.7905 0.4191111111111111 0.0105 0.027555555555555555
0 0.79825 0.46266666666666667 0.0145 0.017777777777777778
0 0.776 0.448 0.0105 0.024888888888888887
0 0.76075 0.47644444444444445 0.0075 0.026222222222222223
0 0.7735 0.4866666666666667 0.01725 0.012444444444444444
0 0.7755 0.5155555555555555 0.01325 0.02
0 0.77225 0.508 0.01375 0.018666666666666668
0 0.85375 0.4991111111111111 0.01325 0.018222222222222223
0 0.85025 0.49066666666666664 0.0075 0.02
0 0.8685 0.4742222222222222 0.0085 0.018222222222222223
0 0.88275 0.5 0.01225 0.01911111111111111
0 0.882 0.4862222222222222 0.01575 0.011555555555555555
0 0.8885 0.4915555555555556 0.007 0.017777777777777778
0 0.866 0.5191111111111111 0.01525 0.017333333333333333
0 0.864 0.5071111111111111 0.01125 0.024444444444444446
0 0.852 0.516 0.007 0.020888888888888887
0 0.834 0.5315555555555556 0.0095 0.020444444444444446
0 0.7865 0.572 0.011 0.017333333333333333
0 0.7915 0.5973333333333334 0.00625 0.024888888888888887
0 0.823 0.5702222222222222 0.015 0.013777777777777778
0 0.832 0.5826666666666667 0.015 0.019555555555555555
0 0.81175 0.6124444444444445 0.00875 0.02666666666666667
0 0.85775 0.5613333333333334 0.0065 0.024888888888888887
0 0.86275 0.5484444444444444 0.011 0.020444444444444446
0 0.85 0.5484444444444444 0.0105 0.02
0 0.85725 0.5871111111111111 0.008 0.028888888888888888
0 0.8415 0.584 0.00775 0.018666666666666668
0 0.85025 0.604 0.01875 0.014666666666666666
0 0.8495 0.5951111111111111 0.012 0.009777777777777778
0 0.84125 0.6302222222222222 0.01275 0.01911111111111111
0 0.838 0.6182222222222222 0.01325 0.014666666666666666
0 0.8985 0.6137777777777778 0.01775 0.014666666666666666
0 0.7585 0.6853333333333333 0.00825 0.02311111111111111
0 0.776 0.6617777777777778 0.01525 0.018666666666666668
0 0.788 0.6582222222222223 0.011 0.021333333333333333
0 0.85875 0.6631111111111111 0.01275 0.013333333333333334
0 0.8815 0.6497777777777778 0.01425 0.016
0 0.8925 0.6577777777777778 0.0125 0.017777777777777778
0 0.90425 0.6813333333333333 0.01325 0.019555555555555555
0 0.885 0.6911111111111111 0.00975 0.021777777777777778
0 0.86375 0.6782222222222222 0.0105 0.018666666666666668
0 0.8025 0.6977777777777778 0.00775 0.02311111111111111
0 0.81 0.7062222222222222 0.012 0.020888888888888887
0 0.834 0.7217777777777777 0.01775 0.017777777777777778
0 0.78825 0.7284444444444444 0.01025 0.021333333333333333
0 0.77675 0.732 0.015 0.021333333333333333
0 0.87975 0.7453333333333333 0.01425 0.018666666666666668
0 0.8575 0.7835555555555556 0.01475 0.025777777777777778
0 0.83325 0.776 0.015 0.025333333333333333
0 0.823 0.7937777777777778 0.01075 0.016
0 0.81775 0.7928888888888889 0.012 0.015111111111111112
0 0.77525 0.7844444444444445 0.0145 0.016
0 0.8745 0.7875555555555556 0.00875 0.02711111111111111
0 0.83775 0.8062222222222222 0.01025 0.020888888888888887
0 0.84325 0.8088888888888889 0.01075 0.012888888888888889
0 0.881 0.808 0.00675 0.028888888888888888
0 0.88725 0.8084444444444444 0.00975 0.015111111111111112
0 0.8955 0.816 0.01125 0.030666666666666665
0 0.937 0.7262222222222222 0.012 0.02266666666666667
0 0.94925 0.7777777777777778 0.00825 0.027555555555555555
0 0.985 0.7488888888888889 0.0165 0.014666666666666666
0 0.98125 0.7324444444444445 0.0085 0.013777777777777778
0 0.9745 0.7711111111111111 0.01025 0.023555555555555555
0 0.94325 0.6977777777777778 0.00775 0.02311111111111111
0 0.93 0.6951111111111111 0.0085 0.021777777777777778
0 0.918 0.6884444444444444 0.00825 0.025777777777777778
0 0.92475 0.6693333333333333 0.0185 0.014666666666666666
0 0.95025 0.6755555555555556 0.01025 0.018666666666666668
0 0.9575 0.6746666666666666 0.0105 0.035111111111111114
0 0.96825 0.6688888888888889 0.01125 0.01911111111111111
0 0.9545 0.72 0.00675 0.008888888888888889
0 0.85675 0.9764444444444444 0.00825 0.013777777777777778