0 0.93687109375 0.5408320126782884 0.01476953125 0.01801901743264659
0 0.13601171875 0.957123613312203 0.011652343749999999 0.01692551505546751
0 0.82657421875 0.07066561014263074 0.011609375 0.01757527733755943
0 0.11376171875 0.7690887480190175 0.0173125 0.012773375594294771
0 0.08702734375 0.9666957210776546 0.01539453125 0.016735340729001586
0 0.60348828125 0.28743264659271 0.0135859375 0.01637083993660856
0 0.04259375 0.4693502377179081 0.0116953125 0.017614896988906496
0 0.9423125000000001 0.6395404120443741 0.013347656250000001 0.021576862123613313
0 0.7768984375 0.8672187004754359 0.01473046875 0.01732963549920761
0 0.04139453125 0.04606973058637084 0.013976562500000001 0.01664025356576862
0 0.5755312499999999 0.734770206022187 0.018015625 0.016973058637083996
0 0.35880078125 0.14548335974643423 0.01131640625 0.016671949286846274
0 0.2891953125 0.5568541996830428 0.0131796875 0.018177496038034865
0 0.98372265625 0.3108003169572108 0.01581640625 0.015412044374009509
0 0.11608984375 0.12262282091917591 0.0139140625 0.016782884310618067
0 0.268015625 0.021172741679873215 0.015109375 0.01600633914421553
0 0.32021484375 0.13024564183835183 0.015437500000000002 0.01788431061806656
0 0.07388671875 0.6310459587955626 0.01515625 0.018795562599049128
0 0.7342500000000001 0.04717115689381934 0.01050390625 0.021973058637083993
0 0.4006796875 0.05802694136291601 0.0176796875 0.015475435816164819
0 0.06463671875 0.7786450079239302 0.01488671875 0.01934231378763867
0 0.54284765625 0.5922266244057052 0.01613671875 0.019120443740095087
0 0.5446875 0.4681854199683043 0.0108515625 0.02154516640253566
0 0.20188671875000003 0.25632329635499207 0.012757812499999998 0.019793977812995245
0 0.575796875 0.04255150554675119 0.014320312499999998 0.01958003169572108
0 0.07066015625 0.21446117274167986 0.01148046875 0.021188589540412042
0 0.0647109375 0.5666402535657686 0.01041015625 0.02119651347068146
0 0.9246601562500001 0.687242472266244 0.0155078125 0.018042789223454835
0 0.35232421875000003 0.48627575277337554 0.015421874999999998 0.013740095087163232
0 0.7748125 0.46446117274167986 0.00907421875 0.017805071315372425
0 0.49058203125000005 0.07335182250396197 0.011050781249999999 0.02211568938193344
0 0.15119921875 0.25240095087163233 0.00846875 0.021949286846275753
0 0.20451953125000003 0.6615610142630745 0.013328125 0.018668779714738508
0 0.6159453125 0.4213074484944533 0.009582031250000001 0.019445324881141045
0 0.7126406249999999 0.7432329635499207 0.010609375 0.021299524564183835
0 0.474578125 0.16513470681458003 0.013605468749999999 0.015950871632329635
0 0.23762890625000002 0.16145007923930269 0.01661328125 0.013502377179080824
0 0.80819140625 0.006141045958795562 0.015359375 0.012282091917591125
0 0.279390625 0.5395800316957211 0.0128203125 0.0158716323296355
0 0.742140625 0.98540412044374 0.01832421875 0.017282091917591124
0 0.12451953125 0.18343898573692552 0.0120625 0.014793977812995247
0 0.75608984375 0.6853011093502377 0.016625 0.016774960380348654
0 0.6311171875 0.539175911251981 0.01098046875 0.021632329635499208
0 0.6436367187500001 0.7614817749603804 0.010417968750000001 0.02011093502377179
0 0.679578125 0.2640649762282092 0.00858984375 0.02073692551505547
0 0.5450078125 0.8856022187004755 0.01451171875 0.020618066561014264
0 0.103296875 0.703122028526149 0.01143359375 0.015451664025356577
0 0.29643359375 0.049310618066561014 0.013257812499999999 0.01816957210776545
0 0.6293984375 0.20496830427892235 0.0167734375 0.01594294770206022
0 0.87023828125 0.16111727416798732 0.014578125 0.020602218700475437
0 0.042257812500000005 0.40954833597464346 0.0088671875 0.018740095087163233
0 0.21751171875000003 0.483811410459588 0.01552734375 0.01338351822503962
0 0.81001171875 0.4234627575277337 0.014234374999999999 0.016362916006339143
0 0.52870703125 0.6732012678288432 0.01403515625 0.021394611727416798
0 0.16446484374999998 0.811608557844691 0.013820312500000001 0.014635499207606973
0 0.98128515625 0.0501743264659271 0.0094453125 0.02211568938193344
0 0.48865234375 0.8561410459587956 0.01801953125 0.02072107765451664
0 0.7766015625 0.9465055467511886 0.014234374999999999 0.02013470681458003
0 0.7046640625 0.848621236133122 0.01094140625 0.022194928684627576
0 0.6561250000000001 0.05649762282091917 0.013976562500000001 0.01667987321711569
0 0.35589453125000003 0.6313232963549921 0.0084140625 0.017503961965134707
0 0.5622109375 0.11225039619651347 0.01257421875 0.0236053882725832
0 0.21662499999999998 0.8179080824088748 0.01046875 0.022107765451664024
0 0.55119921875 0.4069492868462758 0.0126015625 0.019659270998415215
0 0.2798359375 0.43728209191759115 0.013500000000000002 0.01981774960380349
0 0.6189609375 0.09821711568938193 0.01290625 0.015427892234548334
0 0.46119140625000005 0.4065768621236133 0.012515624999999999 0.015190174326465928
0 0.36646875 0.9921236133122028 0.015046875000000001 0.015744849445324883
0 0.25051953125000004 0.14824088748019018 0.01499609375 0.014936608557844693
0 0.742484375 0.39573692551505546 0.0174921875 0.017852614896988906
0 0.95121875 0.03763074484944533 0.01058984375 0.027939778129952453
0 0.45017968750000004 0.4407606973058637 0.01116796875 0.01980190174326466
0 0.46471484375000005 0.8105388272583202 0.01609765625 0.015103011093502376
0 0.29927734375 0.4691996830427892 0.0093515625 0.019706814580031696
0 0.015746093750000002 0.7379477020602219 0.011898437500000001 0.01561014263074485
0 0.7653867187500001 0.32432646592709985 0.01649609375 0.01788431061806656
0 0.0844609375 0.07363708399366087 0.0086953125 0.020483359746434233
0 0.64641796875 0.6022266244057052 0.01187109375 0.022979397781299524
0 0.70948046875 0.2674484944532488 0.017265625 0.019564183835182252
0 0.6769296875 0.7157369255150554 0.009875 0.021743264659271
0 0.0429921875 0.1072107765451664 0.01083203125 0.023248811410459588
0 0.51392578125 0.43658478605388273 0.013171875 0.0166877971473851
0 0.31463671875 0.9627654516640254 0.01145703125 0.027757527733755945
0 0.70215234375 0.8086370839936609 0.01630078125 0.01567353407290016
0 0.2469609375 0.5789381933438986 0.01533203125 0.022733755942947704
0 0.32079296875 0.7489857369255151 0.0096171875 0.025602218700475438
0 0.25890625 0.3637004754358162 0.00948828125 0.02423930269413629
0 0.8494609375 0.08487321711568938 0.01036328125 0.018557844690966722
0 0.619765625 0.8248098256735341 0.0110703125 0.022171156893819335
0 0.22550390625 0.9523534072900157 0.01401953125 0.016949286846275752
0 0.069734375 0.31305071315372424 0.00975 0.022717908082408877
0 0.11833203125 0.578391442155309 0.0081484375 0.02063391442155309
0 0.40131640625 0.221283676703645 0.01165625 0.020126782884310617
0 0.94828125 0.1608161648177496 0.01708984375 0.01818541996830428
0 0.81068359375 0.9568225039619651 0.01295703125 0.020729001584786053
0 0.0721796875 0.6011331220285261 0.01861328125 0.015031695721077654
0 0.42374609375 0.5242630744849446 0.00831640625 0.02103011093502377
0 0.13501171875 0.90513470681458 0.01115234375 0.019833597464342316
0 0.7071132812500001 0.010443740095087164 0.009394531250000001 0.020887480190174328
0 0.19777734375 0.7233122028526149 0.00892578125 0.022662440570522982
0 0.6980859374999999 0.9804358161648177 0.01678515625 0.02231378763866878
0 0.15166796875 0.11907290015847861 0.00966015625 0.023288431061806655
0 0.57301953125 0.958581616481775 0.00989453125 0.01958795562599049
0 0.5121484374999999 0.11706022187004754 0.010781250000000001 0.013074484944532488
0 0.40988671875 0.5782250396196513 0.0139140625 0.014889064976228208
0 0.09828125 0.9002297939778129 0.01051953125 0.022480190174326467
0 0.07903125 0.38316164817749604 0.009398437499999999 0.020847860538827256
0 0.38847265625 0.7309984152139462 0.01456640625 0.021410459587955625
0 0.45631640625000003 0.3597147385103011 0.00906640625 0.023066561014263073
0 0.42015234375 0.6438034865293185 0.0090078125 0.0279080824088748
0 0.366875 0.8158795562599049 0.00821875 0.028708399366085578
0 0.190265625 0.1758003169572108 0.00826953125 0.019635499207606974
0 0.80774609375 0.8923851030110935 0.017640625 0.015729001584786056
0 0.96730078125 0.846553090332805 0.014593749999999999 0.017290015847860538
0 0.86030078125 0.7284310618066561 0.0081484375 0.028042789223454833
0 0.4141875 0.9400554675118858 0.01220703125 0.01844690966719493
0 0.82559765625 0.2699445324881141 0.01853125 0.016664025356576864
0 0.9355039062499999 0.250919175911252 0.01244140625 0.016148969889064977
0 0.61590234375 0.13455625990491285 0.0098984375 0.017258320126782887
0 0.79109375 0.2805071315372425 0.0124296875 0.020380348652931854
0 0.917796875 0.018042789223454835 0.0126796875 0.023549920760697306
0 0.7101875 0.060126782884310614 0.008183593749999999 0.02763866877971474
0 0.7957890625 0.5841204437400951 0.01391796875 0.023256735340729
0 0.9556250000000001 0.027432646592709983 0.01108984375 0.023486529318541997
0 0.63592578125 0.6832171156893819 0.01192578125 0.02244849445324881
0 0.36517187500000003 0.05927892234548336 0.01208203125 0.016148969889064977
0 0.8603398437499999 0.12303486529318543 0.01769140625 0.016608557844690966
0 0.65034375 0.2843819334389857 0.009601562499999999 0.025142630744849445
0 0.8852421874999999 0.44927099841521395 0.011046875000000001 0.0227892234548336
0 0.54372265625 0.37045166402535656 0.01280859375 0.01384310618066561
0 0.05576171875 0.7609429477020602 0.009394531250000001 0.0223851030110935
0 0.41526562499999997 0.1306497622820919 0.011203125 0.022321711568938196
0 0.74512890625 0.6171156893819334 0.014953125000000001 0.02214738510301109
0 0.8961406249999999 0.20041996830427894 0.010007812500000001 0.025538827258320126
0 0.4975078125 0.6136133122028526 0.013664062499999999 0.013438985736925516
0 0.7645859374999999 0.2941600633914422 0.009078125 0.02215530903328051
0 0.68669140625 0.36463549920760696 0.011671875 0.02251188589540412
0 0.2173828125 0.7349366085578447 0.00990234375 0.024207606973058637
0 0.807828125 0.020293185419968305 0.014308593750000001 0.017543581616481774
0 0.0926484375 0.8992472266244056 0.010953125 0.02823296354992076
0 0.79204296875 0.8202456418383519 0.017109375 0.016545166402535658
0 0.4941484375 0.4525752773375594 0.00940234375 0.021521394611727418
0 0.30711328125000004 0.8363153724247228 0.014449218750000001 0.02338351822503962
0 0.33434765624999996 0.583026941362916 0.01368359375 0.015562599049128368
0 0.5854804687499999 0.005039619651347069 0.01654296875 0.010079239302694137
0 0.9582265624999999 0.3472187004754358 0.013078125 0.014389857369255151
0 0.8771835937500001 0.19119651347068145 0.01153125 0.02187797147385103
0 0.29570703125 0.9106418383518226 0.016730468749999998 0.016473851030110936
0 0.9730859374999999 0.24251188589540412 0.014347656249999998 0.018137876386687797
0 0.52448828125 0.8134865293185419 0.010007812500000001 0.027995245641838352
0 0.35488671875 0.5806418383518225 0.00891796875 0.028304278922345483
0 0.49933984374999996 0.20366877971473848 0.013265625 0.023042789223454832
0 0.22078906250000002 0.5118541996830428 0.0088359375 0.020332805071315373
0 0.95191015625 0.8166481774960379 0.012449218750000001 0.017361331220285263
0 0.6281796875000001 0.4974405705229794 0.00952734375 0.022559429477020602
0 0.8066328125 0.7236529318541997 0.0086328125 0.031394611727416796
0 0.93980078125 0.8815372424722663 0.009222656249999999 0.01770206022187005
0 0.11469140625 0.5300792393026942 0.00901953125 0.022741679873217114
0 0.327890625 0.18177496038034865 0.01240234375 0.012591125198098256
0 0.24997656250000003 0.1933122028526149 0.00987109375 0.0233122028526149
0 0.24037890625 0.3164263074484944 0.009859375 0.021949286846275753
0 0.9373906249999999 0.25857369255150553 0.01330859375 0.020863708399366084
0 0.5821757812499999 0.24809825673534075 0.00965625 0.025863708399366084
0 0.21625 0.49821711568938193 0.014070312500000001 0.013961965134706815
0 0.8055195312500001 0.9097464342313787 0.01573046875 0.01538827258320127
0 0.5015234375000001 0.12171156893819333 0.0112421875 0.023106180665610144
0 0.780328125 0.7750633914421553 0.01834375 0.0175594294770206
0 0.7561171875 0.353256735340729 0.00862890625 0.02091917591125198
0 0.09881640625 0.697797147385103 0.013207031250000001 0.028446909667194927
0 0.6558515625 0.11761489698890651 0.012386718750000001 0.02368462757527734
0 0.46404296875 0.12740095087163233 0.0073124999999999996 0.02351822503961965
0 0.5900898437500001 0.517931854199683 0.016375 0.01606973058637084
0 0.96783984375 0.34874009508716325 0.0128359375 0.014960380348652932
0 0.45949609375 0.14405705229793977 0.01637109375 0.020103011093502376
0 0.67585546875 0.8350871632329636 0.01244140625 0.0203486529318542
0 0.23221093750000002 0.5393977812995245 0.010421875 0.02763866877971474
0 0.20983984375000003 0.5130586370839937 0.0096953125 0.018827258320126786
0 0.15916796875 0.23921553090332803 0.0110390625 0.011798732171156893
0 0.22590625000000003 0.23511885895404122 0.009671875 0.02477812995245642
0 0.2464765625 0.4183280507131537 0.009921875 0.026608557844690964
0 0.9641992187499999 0.6008716323296355 0.0089921875 0.02236133122028526
0 0.4134609375 0.9506814580031696 0.00937109375 0.02076862123613312
0 0.72051171875 0.016426307448494454 0.0099375 0.021767036450079238
0 0.44093359374999996 0.6937004754358163 0.012890625 0.019968304278922346
0 0.13159375 0.060348652931854194 0.014515624999999999 0.017210776545166402
0 0.641796875 0.6600554675118859 0.00991015625 0.026045958795562596
0 0.69766796875 0.9617908082408875 0.010089843749999999 0.02194136291600634
0 0.12117968750000001 0.985633914421553 0.010453125 0.02332012678288431
0 0.5506562500000001 0.3870919175911252 0.00727734375 0.018906497622820918
0 0.0205546875 0.1651267828843106 0.010453125 0.01661648177496038
0 0.021863281249999998 0.19800316957210776 0.009265625 0.02456418383518225
0 0.1477421875 0.2477416798732171 0.008339843750000001 0.0219175911251981
0 0.21637890624999997 0.20884310618066562 0.00930078125 0.028898573692551506
0 0.17659765624999998 0.14043581616481773 0.010484375 0.02408082408874802
0 0.18461328125 0.2854358161648178 0.006566406249999999 0.028898573692551506
0 0.2986171875 0.03709984152139461 0.00943359375 0.019746434231378764
0 0.32711718749999996 0.06492076069730587 0.008015625 0.026251980982567355
0 0.33358984375 0.06925515055467513 0.00706640625 0.020475435816164816
0 0.31999218749999997 0.18740887480190174 0.008015625 0.022638668779714738
0 0.32284375 0.2101664025356577 0.008015625 0.0219175911251981
0 0.33353125 0.19427099841521395 0.009441406250000001 0.019025356576862124
0 0.34564453125 0.12056259904912837 0.00659375 0.024809825673534073
0 0.34997656250000003 0.094310618066561 0.00576171875 0.028177496038034867
0 0.38898828124999996 0.1061093502377179 0.0125390625 0.024809825673534073
0 0.39373828125 0.12273375594294769 0.00731640625 0.026251980982567355
0 0.4147578125 0.10189381933438986 0.00803125 0.028906497622820916
0 0.372421875 0.16066561014263073 0.00648046875 0.02408082408874802
0 0.40893750000000006 0.1480190174326466 0.01254296875 0.013248811410459587
0 0.41457812499999996 0.15741679873217115 0.008 0.025776545166402536
0 0.42081640625 0.28183042789223456 0.01159375 0.030348652931854198
0 0.4926015625 0.2912202852614897 0.008402343750000001 0.028898573692551506
0 0.49194921875000003 0.31675118858954043 0.00899609375 0.018304278922345485
0 0.35009765625 0.2423217115689382 0.00694921875 0.01685419968304279
0 0.18271484375 0.34095879556259906 0.01036328125 0.017583201267828846
0 0.23039453124999998 0.37528526148969893 0.008355468750000001 0.028423137876386687
0 0.33175 0.37648969889064976 0.013003906249999999 0.01733755942947702
0 0.2431015625 0.4627258320126783 0.0114453125 0.02408082408874802
0 0.269046875 0.48271790808240894 0.00871875 0.02456418383518225
0 0.21228515625000002 0.5748494453248811 0.008234374999999999 0.026735340729001588
0 0.1780234375 0.504635499207607 0.0076328125 0.02408082408874802
0 0.03771484375 0.5217353407290015 0.00677734375 0.027456418383518224
0 0.08225 0.551244057052298 0.011773437500000001 0.02480190174326466
0 0.08990625 0.6044770206022188 0.007140625 0.03106973058637084
0 0.0205546875 0.6477099841521394 0.007605468749999999 0.026973058637083994
0 0.40733593749999997 0.4269572107765452 0.009335937499999999 0.019025356576862124
0 0.48660546875 0.628446909667195 0.01018359375 0.026973058637083994
0 0.5066171875000001 0.5678684627575277 0.01220703125 0.025293185419968306
0 0.31061328125 0.67216323296355 0.011578125 0.03347860538827258
0 0.35057421875 0.6975752773375594 0.00790234375 0.030348652931854198
0 0.39558203125 0.7350316957210776 0.0076757812499999994 0.02335974643423138
0 0.42948437500000003 0.8372820919175912 0.01041015625 0.025530903328050712
0 0.3911875 0.6946830427892235 0.009335937499999999 0.018787638668779715
0 0.39777734374999996 0.6891442155309033 0.01254296875 0.015412044374009509
0 0.450265625 0.6921553090332805 0.00875390625 0.028177496038034867
0 0.33169140625 0.776339144215531 0.00861328125 0.02312202852614897
0 0.24577343749999997 0.8181299524564184 0.00871484375 0.030586370839936608
0 0.2490390625 0.8549841521394612 0.00859765625 0.03492076069730586
0 0.2953515625 0.8478763866877971 0.01573046875 0.021671949286846275
0 0.19821093750000002 0.8616085578446909 0.0090625 0.02600633914421553
0 0.051789062500000003 0.7440649762282092 0.014027343749999999 0.012519809825673535
0 0.026375 0.7087717908082409 0.0064218750000000005 0.026735340729001588
0 0.00553125 0.883161648177496 0.01105859375 0.0219175911251981
0 0.003390625 0.9121870047543582 0.00678125 0.028906497622820916
0 0.00838671875 0.9229080824088748 0.00605078125 0.02866877971473851
0 0.018183593749999998 0.9136370839936608 0.01283203125 0.011553090332805072
0 0.06022265624999999 0.9958399366085579 0.01283984375 0.00832012678288431
0 0.17541015625 0.917606973058637 0.00763671875 0.022393026941362918
0 0.1849140625 0.9161648177496038 0.007160156249999999 0.025285261489698892
0 0.21555078125 0.9519334389857369 0.0057421875 0.021671949286846275
0 0.27944140625 0.985055467511886 0.00765234375 0.01757527733755943
0 0.24191406249999997 0.9324247226624406 0.0114453125 0.011553090332805072
0 0.38726953124999997 0.9595245641838352 0.00719921875 0.028177496038034867
0 0.4617265625 0.9514500792393027 0.00934765625 0.028415213946117273
0 0.493078125 0.953621236133122 0.01077734375 0.021188589540412042
0 0.9961718749999999 0.7627258320126783 0.007656250000000001 0.020950871632329636
0 0.9013085937499999 0.8084944532488114 0.01219140625 0.027694136291600637
0 0.92802734375 0.8064500792393027 0.0086328125 0.02456418383518225
0 0.9325976562499999 0.8216244057052299 0.01405078125 0.017345483359746436
0 0.94423828125 0.8518541996830428 0.009703125 0.0219175911251981
0 0.95166015625 0.8645007923930269 0.010125 0.018304278922345485
0 0.91395703125 0.9018304278922344 0.01041015625 0.030340729001584785
0 0.8385468749999999 0.949770206022187 0.008734374999999999 0.026973058637083994
0 0.8264921875000001 0.880879556259905 0.00790234375 0.028898573692551506
0 0.80654296875 0.9880665610142632 0.0078984375 0.022638668779714738
0 0.74004296875 0.9566323296354992 0.0140625 0.014683042789223456
0 0.7124296875 0.966148969889065 0.0087109375 0.023114104595879557
0 0.783859375 0.9526545166402536 0.013718749999999998 0.01349445324881141
0 0.808265625 0.7945245641838352 0.009441406250000001 0.02384310618066561
0 0.7884921874999999 0.7600792393026942 0.00837109375 0.02335974643423138
0 0.74021875 0.7441838351822504 0.010140625 0.02914421553090333
0 0.5576953125 0.8772662440570522 0.01034765625 0.027456418383518224
0 0.54766015625 0.7392472266244057 0.008328125 0.028898573692551506
0 0.67704296875 0.6369968304278922 0.00965625 0.02384310618066561
0 0.70673046875 0.6263946117274168 0.010136718749999999 0.027694136291600637
0 0.72561328125 0.5703961965134707 0.00800390625 0.03131537242472267
0 0.78160546875 0.6506022187004754 0.00789453125 0.026973058637083994
0 0.8055937500000001 0.5582329635499208 0.00694921875 0.028177496038034867
0 0.9450703125000001 0.6061648177496038 0.00804296875 0.027702060221870047
0 0.9711367187500001 0.6048415213946117 0.006503906249999999 0.03179080824088748
0 0.9968867187500001 0.6174801901743264 0.00623046875 0.025293185419968306
0 0.9536796875 0.539445324881141 0.00863671875 0.025293185419968306
0 0.8345078125000001 0.45995245641838356 0.00968359375 0.03106973058637084
0 0.65418359375 0.5859270998415215 0.010484375 0.030586370839936608
0 0.66457421875 0.5422107765451664 0.00894140625 0.026973058637083994
0 0.668671875 0.5177654516640253 0.012859375000000001 0.01661648177496038
0 0.68802734375 0.49283676703645013 0.015476562499999999 0.013003169572107766
0 0.72294140625 0.5051188589540412 0.008359374999999999 0.03179080824088748
0 0.69147265625 0.5118621236133122 0.0071640625 0.02408874801901743
0 0.5804375 0.5307686212361331 0.0097578125 0.028177496038034867
0 0.57746875 0.571838351822504 0.00714453125 0.03131537242472267
0 0.52272265625 0.5163153724247227 0.00832421875 0.019508716323296357
0 0.54778125 0.3564976228209192 0.01046484375 0.019746434231378764
0 0.5618515625 0.3760063391442155 0.0158125 0.018304278922345485
0 0.5592382812500001 0.33446117274167986 0.0082109375 0.030586370839936608
0 0.5875625 0.3591442155309033 0.007859375 0.02312202852614897
0 0.62223828125 0.3432488114104596 0.008339843750000001 0.034683042789223455
0 0.73481640625 0.366014263074485 0.00551171875 0.025285261489698892
0 0.7615937500000001 0.36456418383518224 0.00600390625 0.02095879556259905
0 0.82216015625 0.41828050713153725 0.00968359375 0.030586370839936608
0 0.85665625 0.39961172741679873 0.01693359375 0.011561014263074485
0 0.85897265625 0.4114183835182251 0.012636718750000001 0.017828843106180665
0 0.9552226562499999 0.3876941362916006 0.00792578125 0.03106973058637084
0 0.96798828125 0.37167194928684627 0.00733203125 0.026973058637083994
0 0.97036328125 0.40816164817749606 0.00828515625 0.024809825673534073
0 0.9974804687500001 0.401418383518225 0.00504296875 0.026735340729001588
0 0.91478515625 0.29555467511885897 0.0068476562500000004 0.028898573692551506
0 0.8910351562500001 0.3244611727416799 0.01159375 0.014453248811410458
0 0.9783203125 0.24931061806656102 0.006203125 0.020237717908082407
0 0.9614570312499999 0.3298811410459588 0.00899609375 0.025285261489698892
0 0.5235546875 0.15922345483359746 0.007609375 0.026973058637083994
0 0.5977148437500001 0.15898573692551504 0.00821875 0.027456418383518224
0 0.6040703125 0.12959587955625992 0.00905078125 0.011077654516640254
0 0.60869921875 0.12020602218700474 0.0140390625 0.009635499207606974
0 0.88658203125 0.1733122028526149 0.0126640625 0.020475435816164816
0 0.91080859375 0.18861331220285263 0.008390625 0.026014263074484942
0 0.9753515625 0.10189381933438986 0.010187499999999999 0.02312202852614897
0 0.8731640625000001 0.07045958795562599 0.00719921875 0.02384310618066561
0 0.69218359375 0.051315372424722665 0.00645703125 0.033240887480190176
0 0.5327578125 0.02493660855784469 0.00749609375 0.025293185419968306