0 0.435 0.04088888888888889 0.01225 0.016888888888888887
0 0.478 0.04755555555555555 0.01175 0.025333333333333333
0 0.441 0.08044444444444444 0.00975 0.02666666666666667
0 0.38625 0.08577777777777777 0.009 0.027555555555555555
0 0.4155 0.10222222222222223 0.009 0.018666666666666668
0 0.39975 0.12533333333333332 0.01525 0.017777777777777778
0 0.47575 0.11688888888888889 0.0135 0.020888888888888887
0 0.394 0.15022222222222223 0.01325 0.02
0 0.44275 0.15555555555555556 0.011 0.018666666666666668
0 0.431 0.17466666666666666 0.00925 0.016888888888888887
0 0.43875 0.168 0.00925 0.013777777777777778
0 0.44775 0.17955555555555555 0.006 0.02666666666666667
0 0.441 0.18044444444444444 0.00975 0.016444444444444446
0 0.45025 0.19555555555555557 0.00875 0.02
0 0.451 0.216 0.01025 0.025333333333333333
0 0.43675 0.23866666666666667 0.01125 0.01911111111111111
0 0.34075 0.20755555555555555 0.00925 0.025777777777777778
0 0.3755 0.21822222222222223 0.007 0.024888888888888887
0 0.495 0.16977777777777778 0.008 0.022222222222222223
0 0.3385 0.2457777777777778 0.00975 0.013333333333333334
0 0.34275 0.2528888888888889 0.009 0.012444444444444444
0 0.34875 0.2551111111111111 0.01075 0.017777777777777778
0 0.3645 0.2511111111111111 0.01275 0.012
0 0.3605 0.28755555555555556 0.0125 0.018222222222222223
0 0.3485 0.28888888888888886 0.0125 0.013333333333333334
0 0.33875 0.30266666666666664 0.01025 0.016
0 0.35025 0.30622222222222223 0.0065 0.02266666666666667
0 0.3555 0.32222222222222224 0.007 0.025777777777777778
0 0.37175 0.3217777777777778 0.01275 0.011555555555555555
0 0.43175 0.3 0.0085 0.025333333333333333
0 0.459 0.316 0.0165 0.015111111111111112
0 0.4855 0.31155555555555553 0.00975 0.016
0 0.505 0.2906666666666667 0.01225 0.016444444444444446
0 0.31575 0.21066666666666667 0.0095 0.017777777777777778
0 0.244 0.256 0.00975 0.024
0 0.22525 0.2813333333333333 0.01 0.02266666666666667
0 0.17375 0.29777777777777775 0.0085 0.018222222222222223
0 0.1445 0.31777777777777777 0.0095 0.023555555555555555
0 0.3035 0.3217777777777778 0.00775 0.016888888888888887
0 0.3025 0.35288888888888886 0.01075 0.02
0 0.342 0.3457777777777778 0.0105 0.02266666666666667
0 0.34225 0.36444444444444446 0.01225 0.015555555555555555
0 0.30475 0.18933333333333333 0.013 0.014666666666666666
0 0.25225 0.2862222222222222 0.00775 0.024888888888888887
0 0.25125 0.356 0.0145 0.013777777777777778
0 0.264 0.37333333333333335 0.01225 0.018666666666666668
0 0.2135 0.33511111111111114 0.00875 0.021777777777777778
0 0.221 0.3462222222222222 0.01225 0.013777777777777778
0 0.215 0.35288888888888886 0.009 0.02
0 0.1475 0.35333333333333333 0.00825 0.027555555555555555
0 0.0935 0.36133333333333334 0.00775 0.016888888888888887
0 0.097 0.3937777777777778 0.0075 0.027555555555555555
0 0.13375 0.37733333333333335 0.00525 0.016888888888888887
0 0.12875 0.38711111111111113 0.01475 0.016888888888888887
0 0.132 0.43422222222222223 0.014 0.016444444444444446
0 0.123 0.44622222222222224 0.0055 0.021333333333333333
0 0.112 0.46755555555555556 0.00925 0.028888888888888888
0 0.20775 0.4048888888888889 0.01175 0.019555555555555555
0 0.2265 0.43422222222222223 0.01625 0.014222222222222223
0 0.2695 0.42444444444444446 0.01325 0.019555555555555555
0 0.3085 0.42177777777777775 0.01325 0.016888888888888887
0 0.2665 0.4746666666666667 0.0085 0.023555555555555555
0 0.2275 0.47688888888888886 0.01225 0.015555555555555555
0 0.22175 0.49244444444444446 0.007 0.024444444444444446
0 0.2135 0.4471111111111111 0.01375 0.015555555555555555
0 0.1925 0.4622222222222222 0.01175 0.013333333333333334
0 0.186 0.4728888888888889 0.01325 0.017777777777777778
0 0.17075 0.4871111111111111 0.0135 0.020888888888888887
0 0.15575 0.4791111111111111 0.01125 0.017333333333333333
0 0.16075 0.49333333333333335 0.01175 0.020888888888888887
0 0.1545 0.5008888888888889 0.00775 0.021333333333333333
0 0.14375 0.4875555555555556 0.00925 0.02
0 0.13575 0.48444444444444446 0.00925 0.020444444444444446
0 0.12975 0.5048888888888889 0.01175 0.014666666666666666
0 0.12575 0.5226666666666666 0.006 0.025333333333333333
0 0.12775 0.5466666666666666 0.009 0.028888888888888888
0 0.1235 0.5808888888888889 0.0125 0.017777777777777778
0 0.121 0.6128888888888889 0.0115 0.012888888888888889
0 0.06875 0.47555555555555556 0.0145 0.02266666666666667
0 0.0405 0.484 0.01425 0.017333333333333333
0 0.012 0.5057777777777778 0.008 0.023555555555555555
0 0.00525 0.5453333333333333 0.0105 0.01911111111111111
0 0.025 0.5466666666666666 0.01225 0.018666666666666668
0 0.03425 0.544 0.0075 0.020444444444444446
0 0.06625 0.564 0.0165 0.013777777777777778
0 0.06225 0.6044444444444445 0.01375 0.018222222222222223
0 0.09975 0.6471111111111111 0.013 0.019555555555555555
0 0.11775 0.6324444444444445 0.011 0.019555555555555555
0 0.13175 0.6422222222222222 0.01225 0.019555555555555555
0 0.0045 0.5977777777777777 0.009 0.020444444444444446
0 0.01925 0.6071111111111112 0.01525 0.016444444444444446
0 0.023 0.6431111111111111 0.01325 0.021333333333333333
0 0.15925 0.6217777777777778 0.01225 0.015555555555555555
0 0.1605 0.5404444444444444 0.00975 0.01911111111111111
0 0.1815 0.5377777777777778 0.01275 0.013333333333333334
0 0.1985 0.5217777777777778 0.009 0.020888888888888887
0 0.20375 0.5333333333333333 0.00875 0.017333333333333333
0 0.195 0.552 0.00925 0.022222222222222223
0 0.208 0.5408888888888889 0.0085 0.024444444444444446
0 0.22025 0.5524444444444444 0.00725 0.025333333333333333
0 0.224 0.5551111111111111 0.00525 0.023555555555555555
0 0.23125 0.5417777777777778 0.00875 0.02666666666666667
0 0.24075 0.552 0.007 0.024444444444444446
0 0.2585 0.5533333333333333 0.0085 0.024888888888888887
0 0.28375 0.5351111111111111 0.01375 0.012444444444444444
0 0.31575 0.5302222222222223 0.0115 0.016
0 0.323 0.4048888888888889 0.01125 0.02266666666666667
0 0.2445 0.5888888888888889 0.00725 0.023555555555555555
0 0.175 0.5546666666666666 0.01075 0.014666666666666666
0 0.177 0.568 0.01375 0.014222222222222223
0 0.1725 0.5973333333333334 0.01425 0.026222222222222223
0 0.31175 0.6346666666666667 0.0075 0.021333333333333333
0 0.3495 0.41733333333333333 0.0085 0.029777777777777778
0 0.34325 0.4537777777777778 0.007 0.028444444444444446
0 0.36125 0.44177777777777777 0.01025 0.016888888888888887
0 0.3735 0.43733333333333335 0.015 0.017777777777777778
0 0.37075 0.4528888888888889 0.0125 0.014222222222222223
0 0.3665 0.4657777777777778 0.013 0.012888888888888889
0 0.36075 0.4786666666666667 0.0135 0.012444444444444444
0 0.38175 0.4688888888888889 0.01275 0.013333333333333334
0 0.398 0.49377777777777776 0.00975 0.028444444444444446
0 0.408 0.5057777777777778 0.01125 0.020444444444444446
0 0.43625 0.5124444444444445 0.00775 0.02666666666666667
0 0.46475 0.46844444444444444 0.006 0.02711111111111111
0 0.47825 0.4968888888888889 0.008 0.029333333333333333
0 0.3905 0.5315555555555556 0.01525 0.013777777777777778
0 0.425 0.5493333333333333 0.00525 0.027555555555555555
0 0.419 0.564 0.011 0.017777777777777778
0 0.4295 0.5693333333333334 0.00925 0.017333333333333333
0 0.38375 0.5488888888888889 0.0135 0.013777777777777778
0 0.3725 0.5857777777777777 0.0125 0.013777777777777778
0 0.3925 0.5835555555555556 0.00975 0.022222222222222223
0 0.4195 0.6488888888888888 0.0135 0.011555555555555555
0 0.4105 0.6644444444444444 0.00725 0.02266666666666667
0 0.34825 0.6555555555555556 0.00675 0.028888888888888888
0 0.0955 0.6822222222222222 0.0165 0.017333333333333333
0 0.144 0.6946666666666667 0.009 0.020444444444444446
0 0.008 0.7208888888888889 0.0115 0.022222222222222223
0 0.0355 0.7377777777777778 0.00925 0.028444444444444446
0 0.064 0.764 0.0095 0.028888888888888888
0 0.11225 0.7577777777777778 0.008 0.03111111111111111
0 0.12875 0.756 0.01225 0.016444444444444446
0 0.13525 0.7724444444444445 0.00925 0.02
0 0.0385 0.7857777777777778 0.01375 0.019555555555555555
0 0.00625 0.8368888888888889 0.01175 0.015111111111111112
0 0.0495 0.8573333333333333 0.009 0.020444444444444446
0 0.06025 0.872 0.016 0.014666666666666666
0 0.07975 0.8368888888888889 0.014 0.013777777777777778
0 0.125 0.8248888888888889 0.00675 0.029333333333333333
0 0.1355 0.832 0.01275 0.018666666666666668
0 0.14375 0.8062222222222222 0.00775 0.024444444444444446
0 0.15325 0.8506666666666667 0.0095 0.02311111111111111
0 0.09975 0.8875555555555555 0.0115 0.015111111111111112
0 0.023 0.8946666666666667 0.0095 0.015111111111111112
0 0.03025 0.9048888888888889 0.0105 0.012
0 0.121 0.9631111111111111 0.01275 0.016
0 0.1365 0.94 0.01325 0.013333333333333334
0 0.138 0.9604444444444444 0.0145 0.014222222222222223
0 0.15 0.9844444444444445 0.0075 0.024888888888888887
0 0.1695 0.9302222222222222 0.01125 0.013777777777777778
0 0.1735 0.9026666666666666 0.01 0.015111111111111112
0 0.185 0.9008888888888889 0.0065 0.029333333333333333
0 0.18725 0.956 0.0135 0.015111111111111112
0 0.181 0.8502222222222222 0.01175 0.016444444444444446
0 0.19425 0.8408888888888889 0.01325 0.016
0 0.2105 0.8053333333333333 0.0065 0.024444444444444446
0 0.21625 0.7915555555555556 0.011 0.022222222222222223
0 0.205 0.7604444444444445 0.006 0.021777777777777778
0 0.18575 0.7075555555555556 0.00875 0.024
0 0.207 0.6942222222222222 0.0085 0.021333333333333333
0 0.246 0.7337777777777778 0.01 0.02266666666666667
0 0.2795 0.7093333333333334 0.01275 0.012888888888888889
0 0.292 0.6933333333333334 0.009 0.015555555555555555
0 0.278 0.7431111111111111 0.0085 0.02311111111111111
0 0.25375 0.7684444444444445 0.0075 0.024888888888888887
0 0.243 0.7773333333333333 0.0075 0.03333333333333333
0 0.246 0.7982222222222223 0.0175 0.014222222222222223
0 0.245 0.8111111111111111 0.0115 0.017777777777777778
0 0.3135 0.7951111111111111 0.0165 0.016444444444444446
0 0.2315 0.8915555555555555 0.012 0.016
0 0.24 0.8862222222222222 0.01025 0.012444444444444444
0 0.25325 0.8626666666666667 0.00925 0.03111111111111111
0 0.3105 0.8951111111111111 0.008 0.02711111111111111
0 0.22425 0.9404444444444444 0.01075 0.020444444444444446
0 0.236 0.9653333333333334 0.015 0.018666666666666668
0 0.26575 0.9471111111111111 0.0135 0.014666666666666666
0 0.2735 0.9364444444444444 0.011 0.019555555555555555
0 0.2785 0.9711111111111111 0.00625 0.025333333333333333
0 0.305 0.9884444444444445 0.007 0.02311111111111111
0 0.35025 0.7008888888888889 0.00775 0.021333333333333333
0 0.34375 0.7453333333333333 0.00725 0.03155555555555556
0 0.36625 0.7515555555555555 0.0115 0.019555555555555555
0 0.41325 0.7013333333333334 0.01375 0.015555555555555555
0 0.4455 0.7217777777777777 0.0085 0.025333333333333333
0 0.468 0.7582222222222222 0.00775 0.029333333333333333
0 0.47325 0.7848888888888889 0.0105 0.021333333333333333
0 0.465 0.7995555555555556 0.00575 0.020444444444444446
0 0.38225 0.7911111111111111 0.0105 0.012444444444444444
0 0.40825 0.7982222222222223 0.0095 0.012444444444444444
0 0.48775 0.8106666666666666 0.01375 0.015555555555555555
0 0.48225 0.8297777777777777 0.01425 0.016
0 0.4395 0.8297777777777777 0.011 0.013777777777777778
0 0.4475 0.8346666666666667 0.0065 0.02666666666666667
0 0.359 0.832 0.00675 0.025333333333333333
0 0.3805 0.8351111111111111 0.00975 0.027555555555555555
0 0.387 0.8675555555555555 0.01425 0.020444444444444446
0 0.47025 0.8911111111111111 0.01 0.016888888888888887
0 0.485 0.8711111111111111 0.01275 0.014666666666666666
0 0.495 0.8697777777777778 0.0085 0.026222222222222223
0 0.48525 0.9417777777777778 0.01025 0.017333333333333333
0 0.43925 0.9777777777777777 0.00775 0.025777777777777778
0 0.4325 0.9915555555555555 0.0145 0.013777777777777778
0 0.475 0.9711111111111111 0.007 0.028888888888888888
0 0.4815 0.9942222222222222 0.01425 0.011555555555555555
0 0.3425 0.9782222222222222 0.0085 0.016
0 0.3355 0.9751111111111112 0.00725 0.024
0 0.53775 0.029777777777777778 0.0125 0.013333333333333334
0 0.5975 0.04488888888888889 0.00675 0.02711111111111111
0 0.51475 0.08755555555555555 0.0145 0.014222222222222223
0 0.55525 0.11422222222222222 0.00975 0.014222222222222223
0 0.61475 0.07555555555555556 0.0055 0.02666666666666667
0 0.6215 0.0768888888888889 0.0075 0.014222222222222223
0 0.64075 0.0951111111111111 0.01075 0.02
0 0.651 0.07644444444444444 0.0085 0.02666666666666667
0 0.6495 0.05644444444444444 0.00675 0.017333333333333333
0 0.63725 0.12711111111111112 0.0075 0.021777777777777778
0 0.569 0.11822222222222223 0.0075 0.022222222222222223
0 0.55325 0.1497777777777778 0.00825 0.025777777777777778
0 0.50825 0.156 0.0075 0.019555555555555555
0 0.5175 0.17066666666666666 0.0125 0.014666666666666666
0 0.53 0.19111111111111112 0.00875 0.025777777777777778
0 0.6005 0.17377777777777778 0.011 0.020444444444444446
0 0.6045 0.19066666666666668 0.01375 0.017333333333333333
0 0.604 0.20577777777777778 0.00925 0.01911111111111111
0 0.644 0.2262222222222222 0.0065 0.029777777777777778
0 0.654 0.2391111111111111 0.01225 0.012444444444444444
0 0.64975 0.24755555555555556 0.0125 0.016444444444444446
0 0.65275 0.2617777777777778 0.01325 0.013777777777777778
0 0.55625 0.2391111111111111 0.0075 0.02711111111111111
0 0.576 0.25066666666666665 0.01 0.02266666666666667
0 0.6195 0.2653333333333333 0.014 0.018666666666666668
0 0.62925 0.2866666666666667 0.0075 0.025333333333333333
0 0.514 0.21777777777777776 0.0085 0.027555555555555555
0 0.52 0.26 0.00675 0.01911111111111111
0 0.52225 0.28044444444444444 0.00875 0.021777777777777778
0 0.53275 0.2871111111111111 0.0065 0.02266666666666667
0 0.553 0.26311111111111113 0.007 0.024
0 0.58675 0.30533333333333335 0.008 0.020444444444444446
0 0.60425 0.2982222222222222 0.01125 0.012444444444444444
0 0.60925 0.31244444444444447 0.00625 0.020444444444444446
0 0.586 0.31777777777777777 0.01225 0.014222222222222223
0 0.6755 0.044 0.00675 0.023555555555555555
0 0.7085 0.02311111111111111 0.0065 0.025777777777777778
0 0.7315 0.023555555555555555 0.0075 0.021333333333333333
0 0.63575 0.07644444444444444 0.00625 0.020888888888888887
0 0.66575 0.11377777777777778 0.01325 0.016888888888888887
0 0.6575 0.13866666666666666 0.00825 0.028888888888888888
0 0.666 0.1408888888888889 0.00875 0.027555555555555555
0 0.676 0.15288888888888888 0.0085 0.012888888888888889
0 0.68575 0.15644444444444444 0.01075 0.014666666666666666
0 0.67225 0.1351111111111111 0.009 0.017777777777777778
0 0.66925 0.15955555555555556 0.008 0.017777777777777778
0 0.67775 0.16666666666666666 0.00925 0.013333333333333334
0 0.665 0.17733333333333334 0.00775 0.018222222222222223
0 0.691 0.1711111111111111 0.01125 0.012888888888888889
0 0.6845 0.17155555555555554 0.00625 0.021777777777777778
0 0.74 0.052 0.01025 0.014222222222222223
0 0.77625 0.03244444444444444 0.008 0.02266666666666667
0 0.784 0.020444444444444446 0.0075 0.020444444444444446
0 0.801 0.008444444444444444 0.00825 0.016888888888888887
0 0.78375 0.04 0.00725 0.020888888888888887
0 0.79175 0.034666666666666665 0.01 0.015555555555555555
0 0.79175 0.05511111111111111 0.0085 0.016888888888888887
0 0.782 0.07733333333333334 0.01225 0.013333333333333334
0 0.75075 0.1711111111111111 0.01125 0.012888888888888889
0 0.77825 0.1448888888888889 0.00875 0.017333333333333333
0 0.7885 0.1471111111111111 0.01 0.012444444444444444
0 0.78375 0.15955555555555556 0.015 0.013777777777777778
0 0.7915 0.18222222222222223 0.009 0.013777777777777778
0 0.7245 0.20755555555555555 0.01425 0.016888888888888887
0 0.75675 0.21511111111111111 0.0105 0.017777777777777778
0 0.815 0.24444444444444444 0.008 0.029777777777777778
0 0.70125 0.23333333333333334 0.01225 0.013777777777777778
0 0.7105 0.23377777777777778 0.006 0.027555555555555555
0 0.6895 0.23777777777777778 0.012 0.018222222222222223
0 0.68525 0.2853333333333333 0.00775 0.02666666666666667
0 0.709 0.3204444444444444 0.014 0.014666666666666666
0 0.76025 0.3075555555555556 0.00775 0.024888888888888887
0 0.79875 0.2951111111111111 0.01325 0.014666666666666666
0 0.80375 0.31733333333333336 0.01175 0.019555555555555555
0 0.6675 0.2995555555555556 0.012 0.016
0 0.704 0.34355555555555556 0.00675 0.027555555555555555
0 0.8395 0.29555555555555557 0.007 0.02266666666666667
0 0.83775 0.18222222222222223 0.00575 0.029777777777777778
0 0.83575 0.016 0.00625 0.029777777777777778
0 0.84275 0.11155555555555556 0.008 0.02711111111111111
0 0.84875 0.14222222222222222 0.0135 0.015111111111111112
0 0.87225 0.14266666666666666 0.00575 0.027555555555555555
0 0.87075 0.17377777777777778 0.01 0.020444444444444446
0 0.87725 0.036 0.00775 0.021777777777777778
0 0.888 0.06444444444444444 0.01375 0.015555555555555555
0 0.882 0.08311111111111111 0.0125 0.016444444444444446
0 0.904 0.11644444444444445 0.01 0.025777777777777778
0 0.96775 0.042666666666666665 0.00925 0.024444444444444446
0 0.98925 0.05511111111111111 0.01025 0.02
0 0.96025 0.13555555555555557 0.007 0.03155555555555556
0 0.89275 0.18888888888888888 0.0135 0.015555555555555555
0 0.92225 0.1968888888888889 0.00775 0.029777777777777778
0 0.941 0.21333333333333335 0.0145 0.015555555555555555
0 0.8795 0.22977777777777778 0.01025 0.02266666666666667
0 0.92025 0.2351111111111111 0.012 0.011555555555555555
0 0.92625 0.256 0.00575 0.028
0 0.9825 0.208 0.014 0.012
0 0.98325 0.2222222222222222 0.0075 0.020444444444444446
0 0.97825 0.23333333333333334 0.009 0.02266666666666667
0 0.99075 0.25466666666666665 0.00775 0.021777777777777778
0 0.5145 0.30177777777777776 0.00675 0.026222222222222223
0 0.60175 0.3453333333333333 0.0155 0.018222222222222223
0 0.6465 0.3751111111111111 0.015 0.013777777777777778
0 0.6215 0.37777777777777777 0.01375 0.012444444444444444
0 0.64175 0.396 0.013 0.017333333333333333
0 0.57525 0.37466666666666665 0.0155 0.014666666666666666
0 0.5155 0.36533333333333334 0.01425 0.018222222222222223
0 0.50825 0.40844444444444444 0.0075 0.029777777777777778
0 0.54825 0.404 0.01375 0.013777777777777778
0 0.5655 0.42844444444444446 0.0095 0.01911111111111111
0 0.60825 0.44 0.00975 0.025333333333333333
0 0.5505 0.46044444444444443 0.01475 0.013333333333333334
0 0.53475 0.42 0.0095 0.021777777777777778
0 0.529 0.4391111111111111 0.00775 0.02311111111111111
0 0.49775 0.47155555555555556 0.0135 0.01911111111111111
0 0.59025 0.5115555555555555 0.0115 0.016888888888888887
0 0.6355 0.5484444444444444 0.01125 0.021333333333333333
0 0.57175 0.5542222222222222 0.01125 0.021777777777777778
0 0.585 0.5591111111111111 0.01075 0.018222222222222223
0 0.59075 0.5671111111111111 0.01025 0.015111111111111112
0 0.61 0.5835555555555556 0.01125 0.020444444444444446
0 0.6375 0.5906666666666667 0.0095 0.021777777777777778
0 0.537 0.5613333333333334 0.0055 0.023555555555555555
0 0.5415 0.5622222222222222 0.0065 0.02666666666666667
0 0.545 0.5773333333333334 0.01175 0.011111111111111112
0 0.53675 0.5835555555555556 0.01025 0.016888888888888887
0 0.51925 0.624 0.0155 0.020888888888888887
0 0.67525 0.6013333333333334 0.00675 0.024444444444444446
0 0.68 0.5862222222222222 0.01175 0.013333333333333334
0 0.6775 0.6306666666666667 0.01025 0.016444444444444446
0 0.69475 0.5653333333333334 0.0135 0.014666666666666666
0 0.70425 0.5271111111111111 0.008 0.016444444444444446
0 0.73225 0.5208888888888888 0.0145 0.017333333333333333
0 0.73825 0.5026666666666667 0.012 0.021333333333333333
0 0.7495 0.49644444444444447 0.0115 0.016
0 0.73425 0.552 0.0105 0.02311111111111111
0 0.74025 0.5902222222222222 0.00825 0.030222222222222223
0 0.81925 0.6106666666666667 0.012 0.016
0 0.7565 0.432 0.01075 0.02
0 0.75175 0.39866666666666667 0.01325 0.020888888888888887
0 0.71775 0.3537777777777778 0.016 0.013777777777777778
0 0.718 0.36577777777777776 0.0125 0.016
0 0.774 0.37155555555555553 0.0065 0.023555555555555555
0 0.78425 0.37244444444444447 0.0125 0.016
0 0.78325 0.40844444444444444 0.012 0.016888888888888887
0 0.79 0.412 0.01275 0.012444444444444444
0 0.8035 0.4017777777777778 0.013 0.011111111111111112
0 0.8005 0.4137777777777778 0.01125 0.02
0 0.8025 0.4231111111111111 0.00925 0.018666666666666668
0 0.8185 0.5057777777777778 0.01325 0.012444444444444444
0 0.8575 0.38222222222222224 0.00675 0.025777777777777778
0 0.88275 0.4151111111111111 0.0125 0.017333333333333333
0 0.91325 0.37822222222222224 0.0135 0.012888888888888889
0 0.927 0.38622222222222224 0.01325 0.014222222222222223
0 0.9705 0.43333333333333335 0.0155 0.013333333333333334
0 0.996 0.4057777777777778 0.00775 0.018222222222222223
0 0.95075 0.4497777777777778 0.012 0.027555555555555555
0 0.93025 0.444 0.00875 0.025777777777777778
0 0.965 0.476 0.009 0.02266666666666667
0 0.98775 0.512 0.01475 0.018222222222222223
0 0.95825 0.49733333333333335 0.012 0.012888888888888889
0 0.96 0.5097777777777778 0.01325 0.011111111111111112
0 0.91725 0.5097777777777778 0.01325 0.014222222222222223
0 0.8895 0.5422222222222223 0.01525 0.016888888888888887
0 0.9185 0.568 0.00875 0.023555555555555555
0 0.928 0.5653333333333334 0.00875 0.027555555555555555
0 0.94825 0.5573333333333333 0.012 0.016444444444444446
0 0.959 0.5333333333333333 0.015 0.013333333333333334
0 0.98 0.5951111111111111 0.00725 0.020888888888888887
0 0.91925 0.6248888888888889 0.0065 0.024888888888888887
0 0.9105 0.5884444444444444 0.01275 0.013777777777777778
0 0.856 0.6497777777777778 0.01175 0.020444444444444446
0 0.8915 0.6671111111111111 0.01 0.021777777777777778
0 0.95275 0.6644444444444444 0.008 0.023555555555555555
0 0.892 0.6911111111111111 0.0075 0.028888888888888888
0 0.94925 0.6822222222222222 0.013 0.016
0 0.85425 0.7022222222222222 0.0095 0.020444444444444446
0 0.862 0.7133333333333334 0.00625 0.025333333333333333
0 0.8695 0.7177777777777777 0.006 0.029333333333333333
0 0.899 0.7124444444444444 0.01325 0.01911111111111111
0 0.676 0.6768888888888889 0.01475 0.019555555555555555
0 0.50275 0.696 0.011 0.021777777777777778
0 0.506 0.732 0.01175 0.02
0 0.505 0.7502222222222222 0.01275 0.018222222222222223
0 0.54125 0.7453333333333333 0.007 0.023555555555555555
0 0.571 0.7111111111111111 0.0125 0.014222222222222223
0 0.5945 0.7106666666666667 0.00775 0.028
0 0.621 0.7137777777777777 0.01125 0.021777777777777778
0 0.5925 0.7275555555555555 0.00875 0.020888888888888887
0 0.599 0.7524444444444445 0.00825 0.028
0 0.57275 0.7702222222222223 0.00775 0.03244444444444444
0 0.6345 0.7875555555555556 0.014 0.01911111111111111
0 0.60475 0.8057777777777778 0.0085 0.03422222222222222
0 0.5325 0.7653333333333333 0.01325 0.02
0 0.522 0.8075555555555556 0.0155 0.01911111111111111
0 0.57725 0.824 0.01325 0.013333333333333334
0 0.5835 0.8337777777777777 0.0155 0.024
0 0.623 0.8382222222222222 0.013 0.011111111111111112
0 0.51275 0.8528888888888889 0.017 0.012
0 0.5115 0.8826666666666667 0.01425 0.012
0 0.5665 0.9297777777777778 0.01175 0.020444444444444446
0 0.61625 0.9391111111111111 0.01125 0.015111111111111112
0 0.68225 0.7 0.007 0.02266666666666667
0 0.6985 0.7155555555555555 0.008 0.02266666666666667
0 0.70725 0.7257777777777777 0.00925 0.024444444444444446
0 0.715 0.7386666666666667 0.00925 0.021777777777777778
0 0.71875 0.7013333333333334 0.013 0.016
0 0.689 0.7266666666666667 0.01375 0.01911111111111111
0 0.68925 0.7471111111111111 0.008 0.021777777777777778
0 0.68225 0.7644444444444445 0.007 0.025333333333333333
0 0.75 0.72 0.0065 0.024888888888888887
0 0.76125 0.7226666666666667 0.0125 0.013777777777777778
0 0.68875 0.8111111111111111 0.0155 0.016
0 0.69025 0.8364444444444444 0.0125 0.016888888888888887
0 0.72425 0.7857777777777778 0.0065 0.024888888888888887
0 0.73 0.7888888888888889 0.00625 0.02
0 0.7325 0.8124444444444444 0.00575 0.026222222222222223
0 0.7605 0.8035555555555556 0.012 0.02
0 0.78575 0.7555555555555555 0.01 0.024444444444444446
0 0.798 0.8244444444444444 0.0075 0.025777777777777778
0 0.5195 0.96 0.00825 0.023555555555555555
0 0.54675 0.9857777777777778 0.00625 0.024888888888888887
0 0.564 0.9751111111111112 0.00675 0.027555555555555555
0 0.595 0.9715555555555555 0.00975 0.020888888888888887
0 0.60575 0.9924444444444445 0.00675 0.014666666666666666
0 0.64825 0.9244444444444444 0.014 0.014222222222222223
0 0.642 0.9328888888888889 0.01025 0.010222222222222223
0 0.648 0.9537777777777777 0.0115 0.018222222222222223
0 0.67775 0.9137777777777778 0.01125 0.021777777777777778
0 0.69475 0.8631111111111112 0.01325 0.015111111111111112
0 0.69475 0.8768888888888889 0.01 0.021777777777777778
0 0.72725 0.8902222222222222 0.01175 0.017777777777777778
0 0.74325 0.8964444444444445 0.01075 0.018222222222222223
0 0.75075 0.9217777777777778 0.01 0.021333333333333333
0 0.77675 0.9297777777777778 0.01175 0.018222222222222223
0 0.79575 0.9391111111111111 0.011 0.017333333333333333
0 0.7495 0.964 0.01025 0.022222222222222223
0 0.69075 0.9831111111111112 0.0135 0.017333333333333333
0 0.72425 0.9844444444444445 0.01225 0.012444444444444444
0 0.8255 0.8755555555555555 0.0165 0.016888888888888887
0 0.814 0.9497777777777778 0.0075 0.02666666666666667
0 0.8415 0.9635555555555556 0.00775 0.016
0 0.83825 0.784 0.00775 0.028444444444444446
0 0.853 0.788 0.01175 0.015111111111111112
0 0.849 0.7955555555555556 0.01175 0.018222222222222223
0 0.9 0.7644444444444445 0.014 0.013777777777777778
0 0.93 0.7648888888888888 0.0095 0.021333333333333333
0 0.9745 0.7475555555555555 0.00775 0.02711111111111111
0 0.9925 0.7737777777777778 0.015 0.016
0 0.98975 0.7928888888888889 0.007 0.025333333333333333
0 0.9435 0.8173333333333334 0.0075 0.024444444444444446
0 0.90275 0.8222222222222222 0.01225 0.016888888888888887
0 0.9125 0.7866666666666666 0.01225 0.012888888888888889
0 0.9115 0.7986666666666666 0.01925 0.015555555555555555