0 0.35725 0.16533333333333333 0.01475 0.02
0 0.38575 0.17822222222222223 0.01325 0.024444444444444446
0 0.362 0.2791111111111111 0.011 0.015111111111111112
0 0.37 0.26355555555555554 0.0085 0.01911111111111111
0 0.38 0.24755555555555556 0.01075 0.023555555555555555
0 0.40225 0.21644444444444444 0.01425 0.016888888888888887
0 0.386 0.328 0.01175 0.018666666666666668
0 0.3845 0.2982222222222222 0.0075 0.022222222222222223
0 0.3905 0.30533333333333335 0.0115 0.013777777777777778
0 0.39725 0.29644444444444445 0.0095 0.025333333333333333
0 0.41425 0.2808888888888889 0.016 0.01911111111111111
0 0.428 0.3071111111111111 0.01 0.02
0 0.35825 0.3253333333333333 0.01275 0.029333333333333333
0 0.31975 0.3031111111111111 0.01125 0.032
0 0.33925 0.2808888888888889 0.009 0.029333333333333333
0 0.2455 0.015111111111111112 0.0135 0.015555555555555555
0 0.253 0.028 0.01225 0.02311111111111111
0 0.27875 0.036444444444444446 0.00975 0.025333333333333333
0 0.2985 0.012888888888888889 0.0055 0.025777777777777778
0 0.34725 0.004 0.01025 0.007555555555555556
0 0.356 0.0071111111111111115 0.01375 0.013777777777777778
0 0.35175 0.056 0.00575 0.024
0 0.36425 0.04 0.0085 0.022222222222222223
0 0.36675 0.02 0.0125 0.011111111111111112
0 0.37125 0.023555555555555555 0.01025 0.018666666666666668
0 0.333 0.05555555555555555 0.01 0.03244444444444444
0 0.29725 0.05688888888888889 0.01125 0.024888888888888887
0 0.1975 0.11244444444444444 0.01525 0.02
0 0.22175 0.09288888888888888 0.0095 0.025777777777777778
0 0.23025 0.08622222222222223 0.01125 0.025777777777777778
0 0.23825 0.11066666666666666 0.0125 0.025777777777777778
0 0.26075 0.09555555555555556 0.013 0.013777777777777778
0 0.25725 0.12533333333333332 0.01325 0.014222222222222223
0 0.22075 0.1622222222222222 0.0155 0.021333333333333333
0 0.19225 0.16266666666666665 0.0115 0.029333333333333333
0 0.17725 0.15022222222222223 0.009 0.023555555555555555
0 0.166 0.18 0.01525 0.011111111111111112
0 0.17625 0.22444444444444445 0.00925 0.025333333333333333
0 0.19 0.26622222222222225 0.01075 0.021333333333333333
0 0.208 0.28888888888888886 0.0155 0.03111111111111111
0 0.296 0.08533333333333333 0.0125 0.015111111111111112
0 0.27375 0.12133333333333333 0.00875 0.028888888888888888
0 0.257 0.15022222222222223 0.013 0.016888888888888887
0 0.31 0.11022222222222222 0.007 0.022222222222222223
0 0.3195 0.09955555555555555 0.01025 0.021777777777777778
0 0.298 0.15466666666666667 0.01275 0.013777777777777778
0 0.29575 0.13466666666666666 0.0075 0.024444444444444446
0 0.29425 0.12755555555555556 0.01125 0.021333333333333333
0 0.30175 0.1328888888888889 0.00675 0.024
0 0.3075 0.1351111111111111 0.00775 0.021333333333333333
0 0.31325 0.13555555555555557 0.009 0.019555555555555555
0 0.31475 0.12355555555555556 0.0105 0.012444444444444444
0 0.31975 0.13111111111111112 0.00775 0.020888888888888887
0 0.35675 0.1511111111111111 0.0105 0.016444444444444446
0 0.3635 0.11688888888888889 0.0115 0.022222222222222223
0 0.3785 0.059111111111111114 0.00475 0.024444444444444446
0 0.38425 0.06533333333333333 0.01075 0.012444444444444444
0 0.1155 0.236 0.0085 0.024444444444444446
0 0.14425 0.24355555555555555 0.00825 0.025333333333333333
0 0.11275 0.32133333333333336 0.013 0.018666666666666668
0 0.12875 0.31955555555555554 0.00625 0.01911111111111111
0 0.13825 0.3208888888888889 0.0135 0.011111111111111112
0 0.135 0.30977777777777776 0.015 0.012444444444444444
0 0.13625 0.3035555555555556 0.01425 0.013333333333333334
0 0.1395 0.28 0.0075 0.016444444444444446
0 0.1765 0.3297777777777778 0.00825 0.021777777777777778
0 0.17725 0.3168888888888889 0.01125 0.013777777777777778
0 0.14 0.36044444444444446 0.00925 0.024444444444444446
0 0.14325 0.3328888888888889 0.00975 0.015111111111111112
0 0.18975 0.3391111111111111 0.00775 0.021333333333333333
0 0.189 0.32711111111111113 0.00975 0.014666666666666666
0 0.22225 0.24622222222222223 0.0105 0.012444444444444444
0 0.2305 0.2577777777777778 0.00825 0.025333333333333333
0 0.2425 0.2431111111111111 0.012 0.02
0 0.2475 0.20266666666666666 0.00775 0.018666666666666668
0 0.26125 0.18755555555555556 0.00625 0.013333333333333334
0 0.26775 0.1991111111111111 0.00675 0.021333333333333333
0 0.2695 0.18844444444444444 0.00975 0.01911111111111111
0 0.27425 0.1942222222222222 0.0055 0.017777777777777778
0 0.27875 0.19866666666666666 0.007 0.02266666666666667
0 0.28925 0.2288888888888889 0.01 0.02711111111111111
0 0.259 0.23422222222222222 0.01075 0.021777777777777778
0 0.26575 0.27066666666666667 0.0145 0.013777777777777778
0 0.26375 0.2613333333333333 0.009 0.011111111111111112
0 0.27675 0.2737777777777778 0.00975 0.01911111111111111
0 0.284 0.27555555555555555 0.01 0.018666666666666668
0 0.29925 0.2 0.01075 0.013333333333333334
0 0.30625 0.2031111111111111 0.00775 0.018666666666666668
0 0.2165 0.348 0.01075 0.020444444444444446
0 0.22775 0.34 0.008 0.024444444444444446
0 0.23175 0.3208888888888889 0.014 0.016888888888888887
0 0.2415 0.2991111111111111 0.00725 0.025333333333333333
0 0.20475 0.4102222222222222 0.0085 0.025333333333333333
0 0.2095 0.3888888888888889 0.007 0.024888888888888887
0 0.22225 0.3671111111111111 0.01375 0.017777777777777778
0 0.21475 0.4062222222222222 0.01075 0.022222222222222223
0 0.1865 0.40755555555555556 0.007 0.025333333333333333
0 0.1725 0.3884444444444444 0.0115 0.018222222222222223
0 0.184 0.37955555555555553 0.0105 0.022222222222222223
0 0.15575 0.35733333333333334 0.015 0.016
0 0.1275 0.35333333333333333 0.01225 0.017777777777777778
0 0.132 0.40755555555555556 0.01375 0.017777777777777778
0 0.117 0.41644444444444445 0.01 0.02666666666666667
0 0.13175 0.39244444444444443 0.0065 0.022222222222222223
0 0.13975 0.39866666666666667 0.00825 0.022222222222222223
0 0.1505 0.39511111111111114 0.01175 0.021777777777777778
0 0.1675 0.42933333333333334 0.01275 0.02266666666666667
0 0.25375 0.40844444444444444 0.01 0.012888888888888889
0 0.266 0.3831111111111111 0.00825 0.025333333333333333
0 0.274 0.32355555555555554 0.006 0.02311111111111111
0 0.27875 0.31955555555555554 0.008 0.017777777777777778
0 0.28625 0.3408888888888889 0.01025 0.016
0 0.28525 0.31866666666666665 0.00925 0.018222222222222223
0 0.2985 0.33244444444444443 0.009 0.030222222222222223
0 0.3235 0.24 0.01175 0.017777777777777778
0 0.335 0.248 0.0085 0.020888888888888887
0 0.34275 0.2568888888888889 0.0105 0.017333333333333333
0 0.35925 0.26266666666666666 0.0085 0.01911111111111111
0 0.3785 0.2937777777777778 0.0045 0.013333333333333334
0 0.42 0.25866666666666666 0.01175 0.012444444444444444
0 0.42925 0.26 0.009 0.02266666666666667
0 0.4305 0.23466666666666666 0.01275 0.025333333333333333
0 0.444 0.2657777777777778 0.01275 0.021333333333333333
0 0.4365 0.3257777777777778 0.0095 0.022222222222222223
0 0.43425 0.30977777777777776 0.0115 0.016888888888888887
0 0.446 0.2862222222222222 0.008 0.020888888888888887
0 0.45325 0.296 0.0125 0.018666666666666668
0 0.468 0.3008888888888889 0.00975 0.021333333333333333
0 0.4645 0.2697777777777778 0.0095 0.02266666666666667
0 0.45175 0.21155555555555555 0.006 0.02711111111111111
0 0.45025 0.188 0.009 0.026222222222222223
0 0.44825 0.17244444444444446 0.006 0.018666666666666668
0 0.4545 0.15644444444444444 0.00675 0.02711111111111111
0 0.46475 0.15466666666666667 0.0145 0.019555555555555555
0 0.42725 0.15555555555555556 0.0145 0.018666666666666668
0 0.41275 0.12311111111111112 0.01075 0.03111111111111111
0 0.422 0.13733333333333334 0.0135 0.012444444444444444
0 0.4055 0.108 0.0175 0.021333333333333333
0 0.434 0.08177777777777778 0.01525 0.016888888888888887
0 0.44975 0.057777777777777775 0.01075 0.019555555555555555
0 0.46525 0.064 0.0135 0.020444444444444446
0 0.4525 0.1111111111111111 0.0135 0.018666666666666668
0 0.4845 0.07822222222222222 0.01525 0.016888888888888887
0 0.49925 0.07866666666666666 0.0115 0.02266666666666667
0 0.4805 0.10755555555555556 0.00675 0.017777777777777778
0 0.48175 0.10222222222222223 0.00925 0.015555555555555555
0 0.48325 0.0951111111111111 0.01125 0.011555555555555555
0 0.508 0.056 0.0075 0.018222222222222223
0 0.49775 0.03822222222222222 0.01025 0.017333333333333333
0 0.4845 0.036 0.00675 0.017777777777777778
0 0.484 0.005333333333333333 0.016 0.010666666666666666
0 0.4995 0.012 0.008 0.024
0 0.51025 0.021333333333333333 0.009 0.025333333333333333
0 0.52525 0.022222222222222223 0.00825 0.025777777777777778
0 0.5315 0.007555555555555556 0.006 0.015111111111111112
0 0.547 0.007555555555555556 0.013 0.015111111111111112
0 0.562 0.017777777777777778 0.01225 0.013777777777777778
0 0.57325 0.015111111111111112 0.01075 0.017333333333333333
0 0.566 0.03288888888888889 0.008 0.021777777777777778
0 0.55075 0.05466666666666667 0.0125 0.013333333333333334
0 0.526 0.09822222222222222 0.01225 0.017333333333333333
0 0.49525 0.116 0.01075 0.019555555555555555
0 0.51375 0.12711111111111112 0.01275 0.012444444444444444
0 0.496 0.15022222222222223 0.00925 0.022222222222222223
0 0.48525 0.15288888888888888 0.0105 0.01911111111111111
0 0.5045 0.1648888888888889 0.0085 0.024444444444444446
0 0.5125 0.17955555555555555 0.01225 0.018222222222222223
0 0.53 0.15911111111111112 0.008 0.022222222222222223
0 0.53775 0.15555555555555556 0.00925 0.020888888888888887
0 0.52775 0.13155555555555556 0.011 0.020888888888888887
0 0.52925 0.12 0.01425 0.011555555555555555
0 0.53475 0.12577777777777777 0.007 0.022222222222222223
0 0.5435 0.13733333333333334 0.01075 0.014222222222222223
0 0.54275 0.13111111111111112 0.01225 0.017777777777777778
0 0.55075 0.14133333333333334 0.0105 0.018666666666666668
0 0.55825 0.11822222222222223 0.01075 0.016444444444444446
0 0.5645 0.11688888888888889 0.007 0.018666666666666668
0 0.57425 0.12222222222222222 0.00775 0.020444444444444446
0 0.5545 0.08177777777777778 0.01025 0.012444444444444444
0 0.56225 0.08488888888888889 0.01175 0.013333333333333334
0 0.5695 0.08844444444444445 0.0085 0.013333333333333334
0 0.5885 0.09955555555555555 0.01125 0.016444444444444446
0 0.597 0.09155555555555556 0.01125 0.009777777777777778
0 0.60625 0.15333333333333332 0.00825 0.025333333333333333
0 0.6075 0.13866666666666666 0.013 0.011111111111111112
0 0.60575 0.12666666666666668 0.01025 0.017333333333333333
0 0.6025 0.17066666666666666 0.00925 0.024444444444444446
0 0.585 0.16444444444444445 0.01225 0.020888888888888887
0 0.57425 0.18711111111111112 0.00625 0.02
0 0.59025 0.18977777777777777 0.01225 0.017333333333333333
0 0.60275 0.19733333333333333 0.00975 0.01911111111111111
0 0.58075 0.20444444444444446 0.01075 0.013333333333333334
0 0.55425 0.20622222222222222 0.00675 0.017333333333333333
0 0.5585 0.19466666666666665 0.013 0.011555555555555555
0 0.5675 0.21022222222222223 0.0085 0.017777777777777778
0 0.56 0.22266666666666668 0.0135 0.009777777777777778
0 0.57525 0.23244444444444445 0.01225 0.013777777777777778
0 0.57375 0.25244444444444447 0.0175 0.013777777777777778
0 0.5685 0.272 0.01275 0.017333333333333333
0 0.55875 0.26666666666666666 0.00625 0.016888888888888887
0 0.5505 0.2604444444444444 0.0075 0.024
0 0.5415 0.21777777777777776 0.0065 0.020888888888888887
0 0.526 0.23466666666666666 0.01125 0.013777777777777778
0 0.52 0.21555555555555556 0.01025 0.01911111111111111
0 0.53775 0.20266666666666666 0.007 0.012888888888888889
0 0.496 0.224 0.00875 0.010666666666666666
0 0.49375 0.21422222222222223 0.00925 0.008888888888888889
0 0.49675 0.2048888888888889 0.00875 0.012444444444444444
0 0.51025 0.2222222222222222 0.00875 0.012444444444444444
0 0.5 0.23244444444444445 0.00925 0.016888888888888887
0 0.517 0.2608888888888889 0.0065 0.021777777777777778
0 0.50875 0.25955555555555554 0.01175 0.012888888888888889
0 0.50325 0.26755555555555555 0.008 0.013777777777777778
0 0.49475 0.28 0.00875 0.01911111111111111
0 0.49575 0.2644444444444444 0.01125 0.013777777777777778
0 0.4805 0.2688888888888889 0.00775 0.018666666666666668
0 0.489 0.288 0.011 0.017777777777777778
0 0.48925 0.3204444444444444 0.00775 0.02
0 0.514 0.3257777777777778 0.01175 0.015111111111111112
0 0.548 0.29733333333333334 0.01475 0.013333333333333334
0 0.5485 0.284 0.013 0.011555555555555555
0 0.54375 0.29155555555555557 0.0115 0.013777777777777778
0 0.54375 0.30977777777777776 0.01225 0.013777777777777778
0 0.5585 0.3204444444444444 0.01575 0.014666666666666666
0 0.582 0.31022222222222223 0.01225 0.017333333333333333
0 0.58725 0.31777777777777777 0.01225 0.008888888888888889
0 0.583 0.32755555555555554 0.00975 0.015555555555555555
0 0.5735 0.32755555555555554 0.01025 0.010222222222222223
0 0.564 0.3413333333333333 0.00825 0.021777777777777778
0 0.576 0.35333333333333333 0.01475 0.013777777777777778
0 0.6045 0.2937777777777778 0.00875 0.021777777777777778
0 0.60825 0.2813333333333333 0.014 0.013333333333333334
0 0.61225 0.31866666666666665 0.0075 0.024444444444444446
0 0.6135 0.08755555555555555 0.00925 0.024444444444444446
0 0.091 0.3591111111111111 0.0085 0.02
0 0.07575 0.3648888888888889 0.008 0.016444444444444446
0 0.08475 0.37733333333333335 0.008 0.024444444444444446
0 0.08225 0.40444444444444444 0.01525 0.017333333333333333
0 0.096 0.4524444444444444 0.0085 0.025777777777777778
0 0.08475 0.4613333333333333 0.01275 0.014222222222222223
0 0.1315 0.5022222222222222 0.00825 0.013777777777777778
0 0.1245 0.5093333333333333 0.00925 0.017333333333333333
0 0.117 0.5226666666666666 0.013 0.024888888888888887
0 0.1495 0.5115555555555555 0.00925 0.01911111111111111
0 0.12025 0.5511111111111111 0.0135 0.012
0 0.122 0.5435555555555556 0.01225 0.012444444444444444
0 0.15675 0.5577777777777778 0.014 0.011555555555555555
0 0.16425 0.5586666666666666 0.01125 0.015111111111111112
0 0.0995 0.5537777777777778 0.0095 0.02
0 0.07575 0.5311111111111111 0.0065 0.025777777777777778
0 0.07525 0.49866666666666665 0.01375 0.012444444444444444
0 0.07775 0.492 0.007 0.015111111111111112
0 0.0325 0.4408888888888889 0.0085 0.016888888888888887
0 0.0145 0.48355555555555557 0.006 0.020888888888888887
0 0.02475 0.49644444444444447 0.01125 0.018222222222222223
0 0.01175 0.5142222222222222 0.0055 0.02266666666666667
0 0.04925 0.45022222222222225 0.00975 0.020888888888888887
0 0.05375 0.45866666666666667 0.0095 0.016444444444444446
0 0.03975 0.48444444444444446 0.01275 0.017777777777777778
0 0.05 0.48933333333333334 0.01025 0.017333333333333333
0 0.0535 0.5275555555555556 0.01275 0.013333333333333334
0 0.05575 0.5484444444444444 0.00875 0.024888888888888887
0 0.138 0.5777777777777777 0.009 0.027555555555555555
0 0.15175 0.5906666666666667 0.0075 0.020888888888888887
0 0.12475 0.5835555555555556 0.01025 0.013777777777777778
0 0.15225 0.6093333333333333 0.01275 0.015555555555555555
0 0.15825 0.6155555555555555 0.008 0.02711111111111111
0 0.08075 0.62 0.01575 0.016444444444444446
0 0.056 0.6262222222222222 0.00775 0.012444444444444444
0 0.017 0.5804444444444444 0.015 0.018666666666666668
0 0.02075 0.6222222222222222 0.00875 0.008444444444444444
0 0.01625 0.64 0.012 0.024
0 0.0395 0.6573333333333333 0.01475 0.021333333333333333
0 0.044 0.6817777777777778 0.01625 0.017333333333333333
0 0.0815 0.6644444444444444 0.0085 0.022222222222222223
0 0.09175 0.6875555555555556 0.00775 0.02311111111111111
0 0.11325 0.6755555555555556 0.01225 0.016444444444444446
0 0.114 0.6648888888888889 0.014 0.013777777777777778
0 0.11725 0.68 0.0135 0.012444444444444444
0 0.1295 0.6706666666666666 0.01475 0.011555555555555555
0 0.12925 0.6897777777777778 0.0135 0.018666666666666668
0 0.14825 0.708 0.01475 0.012888888888888889
0 0.12275 0.7177777777777777 0.0105 0.015555555555555555
0 0.09025 0.7306666666666667 0.0115 0.015555555555555555
0 0.11175 0.7537777777777778 0.01275 0.018666666666666668
0 0.077 0.7364444444444445 0.01275 0.015555555555555555
0 0.064 0.7391111111111112 0.01075 0.013777777777777778
0 0.042 0.7502222222222222 0.017 0.013777777777777778
0 0.15475 0.7595555555555555 0.014 0.018222222222222223
0 0.1595 0.788 0.01375 0.013777777777777778
0 0.15625 0.8017777777777778 0.0135 0.015555555555555555
0 0.119 0.8142222222222222 0.0125 0.012888888888888889
0 0.15825 0.8328888888888889 0.0145 0.020888888888888887
0 0.13975 0.8613333333333333 0.01225 0.019555555555555555
0 0.14675 0.8617777777777778 0.00975 0.010666666666666666
0 0.114 0.8586666666666667 0.00575 0.022222222222222223
0 0.10925 0.8506666666666667 0.01025 0.014666666666666666
0 0.09975 0.8533333333333334 0.00725 0.024888888888888887
0 0.0915 0.8497777777777777 0.0075 0.01911111111111111
0 0.09075 0.7826666666666666 0.016 0.013777777777777778
0 0.04375 0.8124444444444444 0.00975 0.028
0 0.108 0.8168888888888889 0.0065 0.014666666666666666
0 0.02175 0.8084444444444444 0.01275 0.016
0 0.022 0.7733333333333333 0.013 0.016444444444444446
0 0.0025 0.7533333333333333 0.005 0.021777777777777778
0 0.026 0.8515555555555555 0.0115 0.011111111111111112
0 0.0365 0.8631111111111112 0.01075 0.010222222222222223
0 0.0285 0.8791111111111111 0.0075 0.017333333333333333
0 0.033 0.8817777777777778 0.009 0.013777777777777778
0 0.01325 0.9017777777777778 0.01175 0.020888888888888887
0 0.00175 0.8884444444444445 0.0035 0.022222222222222223
0 0.06975 0.904 0.00725 0.021777777777777778
0 0.06475 0.9142222222222223 0.01375 0.012444444444444444
0 0.11575 0.8813333333333333 0.01425 0.012
0 0.1205 0.8928888888888888 0.00975 0.017333333333333333
0 0.13925 0.9008888888888889 0.01425 0.011555555555555555
0 0.15125 0.9106666666666666 0.0095 0.015111111111111112
0 0.003 0.9373333333333334 0.006 0.015555555555555555
0 0.00975 0.9413333333333334 0.01225 0.012444444444444444
0 0.007 0.9306666666666666 0.0055 0.017777777777777778
0 0.00225 0.9937777777777778 0.00425 0.012444444444444444
0 0.025 0.9835555555555555 0.01125 0.02
0 0.048 0.9977777777777778 0.009 0.004
0 0.03375 0.9297777777777778 0.01175 0.009777777777777778
0 0.04 0.9377777777777778 0.0115 0.012444444444444444
0 0.05025 0.9404444444444444 0.0105 0.012444444444444444
0 0.0575 0.9448888888888889 0.0065 0.015555555555555555
0 0.1 0.9582222222222222 0.0105 0.016444444444444446
0 0.1125 0.9795555555555555 0.00775 0.024888888888888887
0 0.13175 0.9413333333333334 0.00925 0.024
0 0.16825 0.9533333333333334 0.01325 0.017777777777777778
0 0.1515 0.9968888888888889 0.015 0.006222222222222222
0 0.17575 0.4608888888888889 0.0125 0.01911111111111111
0 0.21425 0.43777777777777777 0.011 0.017333333333333333
0 0.25425 0.4235555555555556 0.01225 0.014666666666666666
0 0.24525 0.4391111111111111 0.01125 0.016444444444444446
0 0.23975 0.456 0.00875 0.013333333333333334
0 0.2455 0.48088888888888887 0.0175 0.014222222222222223
0 0.3005 0.3897777777777778 0.01 0.025777777777777778
0 0.291 0.42977777777777776 0.01 0.017777777777777778
0 0.31025 0.4444444444444444 0.01375 0.013777777777777778
0 0.29075 0.4662222222222222 0.013 0.020444444444444446
0 0.205 0.5226666666666666 0.00775 0.024888888888888887
0 0.223 0.5457777777777778 0.0115 0.02311111111111111
0 0.2395 0.5817777777777777 0.0085 0.020888888888888887
0 0.2395 0.5644444444444444 0.00925 0.013333333333333334
0 0.25475 0.5537777777777778 0.0075 0.02711111111111111
0 0.27 0.5457777777777778 0.005 0.02666666666666667
0 0.278 0.5382222222222223 0.013 0.013333333333333334
0 0.30925 0.5533333333333333 0.00775 0.022222222222222223
0 0.2855 0.5755555555555556 0.008 0.017777777777777778
0 0.30525 0.5893333333333334 0.00775 0.020888888888888887
0 0.29075 0.592 0.009 0.023555555555555555
0 0.21475 0.5777777777777777 0.00925 0.015555555555555555
0 0.21975 0.5902222222222222 0.0065 0.022222222222222223
0 0.23175 0.5951111111111111 0.0125 0.011111111111111112
0 0.26425 0.6066666666666667 0.0115 0.016888888888888887
0 0.20825 0.6271111111111111 0.0125 0.014666666666666666
0 0.209 0.6128888888888889 0.0105 0.013777777777777778
0 0.309 0.6142222222222222 0.01375 0.012444444444444444
0 0.3005 0.6306666666666667 0.01475 0.013333333333333334
0 0.2815 0.652 0.011 0.010222222222222223
0 0.2855 0.6448888888888888 0.007 0.020888888888888887
0 0.2875 0.6342222222222222 0.0125 0.016
0 0.2715 0.656 0.01375 0.020444444444444446
0 0.24325 0.6391111111111111 0.00925 0.021333333333333333
0 0.20575 0.6564444444444445 0.0145 0.012444444444444444
0 0.19275 0.6688888888888889 0.01175 0.016888888888888887
0 0.20875 0.6933333333333334 0.01225 0.012888888888888889
0 0.22725 0.6822222222222222 0.015 0.011555555555555555
0 0.22025 0.7017777777777777 0.007 0.020888888888888887
0 0.22525 0.7217777777777777 0.01075 0.018222222222222223
0 0.205 0.7097777777777777 0.013 0.010666666666666666
0 0.1785 0.7075555555555556 0.01125 0.011555555555555555
0 0.17175 0.7231111111111111 0.007 0.018222222222222223
0 0.176 0.7413333333333333 0.01375 0.018666666666666668
0 0.1915 0.7551111111111111 0.01575 0.011555555555555555
0 0.174 0.768 0.008 0.021333333333333333
0 0.21775 0.7568888888888889 0.0135 0.016
0 0.2255 0.7773333333333333 0.01725 0.013333333333333334
0 0.238 0.7213333333333334 0.00925 0.013777777777777778
0 0.1945 0.7124444444444444 0.01125 0.016444444444444446
0 0.261 0.7262222222222222 0.0155 0.015111111111111112
0 0.27175 0.7048888888888889 0.014 0.013333333333333334
0 0.2895 0.6942222222222222 0.0105 0.018666666666666668
0 0.29875 0.7071111111111111 0.009 0.02711111111111111
0 0.31275 0.7057777777777777 0.01275 0.01911111111111111
0 0.31525 0.716 0.00775 0.021777777777777778
0 0.284 0.7155555555555555 0.01075 0.012444444444444444
0 0.3215 0.736 0.01225 0.012444444444444444
0 0.324 0.7573333333333333 0.0075 0.02711111111111111
0 0.318 0.7671111111111111 0.01 0.018666666666666668
0 0.32625 0.7835555555555556 0.01025 0.016888888888888887
0 0.32775 0.8008888888888889 0.01325 0.018222222222222223
0 0.29925 0.7675555555555555 0.015 0.012888888888888889
0 0.2085 0.8328888888888889 0.013 0.011555555555555555
0 0.2075 0.8222222222222222 0.01325 0.013333333333333334
0 0.19025 0.8533333333333334 0.0105 0.01911111111111111
0 0.195 0.8626666666666667 0.00525 0.021333333333333333
0 0.201 0.856 0.00775 0.016888888888888887
0 0.20925 0.8666666666666667 0.006 0.018222222222222223
0 0.2395 0.8617777777777778 0.00725 0.02
0 0.2675 0.8382222222222222 0.01325 0.015111111111111112
0 0.2745 0.8631111111111112 0.0085 0.021777777777777778
0 0.26325 0.8831111111111111 0.01575 0.013333333333333334
0 0.25875 0.8768888888888889 0.0135 0.011111111111111112
0 0.25975 0.8968888888888888 0.00975 0.012888888888888889
0 0.316 0.844 0.01125 0.012444444444444444
0 0.3265 0.868 0.008 0.020888888888888887
0 0.201 0.8813333333333333 0.00725 0.020444444444444446
0 0.2075 0.8875555555555555 0.01025 0.02
0 0.1905 0.8955555555555555 0.01175 0.013333333333333334
0 0.21 0.92 0.00825 0.020888888888888887
0 0.18325 0.9306666666666666 0.00875 0.020888888888888887
0 0.1965 0.9488888888888889 0.01475 0.011555555555555555
0 0.1925 0.9391111111111111 0.013 0.012444444444444444
0 0.2325 0.9248888888888889 0.00775 0.024888888888888887
0 0.24 0.924 0.009 0.02266666666666667
0 0.24725 0.9568888888888889 0.01175 0.017777777777777778
0 0.2565 0.9533333333333334 0.01175 0.013333333333333334
0 0.22825 0.9862222222222222 0.01325 0.014666666666666666
0 0.236 0.9937777777777778 0.007 0.012444444444444444
0 0.25875 0.984 0.015 0.012444444444444444
0 0.2795 0.9111111111111111 0.013 0.014222222222222223
0 0.24425 0.9057777777777778 0.01175 0.016444444444444446
0 0.23725 0.9022222222222223 0.01 0.015555555555555555
0 0.3005 0.9008888888888889 0.013 0.017333333333333333
0 0.2955 0.924 0.00875 0.025333333333333333
0 0.308 0.9617777777777777 0.0075 0.026222222222222223
0 0.337 0.908 0.01175 0.014222222222222223
0 0.33125 0.9653333333333334 0.0075 0.02666666666666667
0 0.329 0.9382222222222222 0.009 0.016444444444444446
0 0.359 0.9573333333333334 0.00925 0.020888888888888887
0 0.36325 0.9693333333333334 0.01575 0.014666666666666666
0 0.36175 0.9848888888888889 0.01375 0.017333333333333333
0 0.39075 0.9937777777777778 0.01425 0.012444444444444444
0 0.3815 0.9191111111111111 0.00875 0.017333333333333333
0 0.38825 0.9186666666666666 0.00925 0.024
0 0.3935 0.9013333333333333 0.0055 0.01911111111111111
0 0.399 0.9168888888888889 0.011 0.018666666666666668
0 0.4 0.9048888888888889 0.00975 0.024444444444444446
0 0.41175 0.8973333333333333 0.01275 0.014666666666666666
0 0.42525 0.9004444444444445 0.013 0.014222222222222223
0 0.43875 0.9031111111111111 0.0125 0.014666666666666666
0 0.45875 0.8942222222222223 0.01075 0.010222222222222223
0 0.4535 0.936 0.01175 0.016888888888888887
0 0.43775 0.9426666666666667 0.01 0.018666666666666668
0 0.444 0.9622222222222222 0.0145 0.013333333333333334
0 0.45275 0.9626666666666667 0.0075 0.021777777777777778
0 0.453 0.9937777777777778 0.013 0.012444444444444444
0 0.46925 0.9884444444444445 0.015 0.014666666666666666
0 0.34325 0.8666666666666667 0.00625 0.021777777777777778
0 0.34675 0.8497777777777777 0.014 0.012444444444444444
0 0.33 0.7248888888888889 0.011 0.010222222222222223
0 0.3445 0.8075555555555556 0.01075 0.012888888888888889
0 0.3475 0.8182222222222222 0.0055 0.021333333333333333
0 0.37225 0.8271111111111111 0.01325 0.012888888888888889
0 0.37725 0.8186666666666667 0.0135 0.008888888888888889
0 0.39025 0.8404444444444444 0.014 0.013777777777777778
0 0.4045 0.8488888888888889 0.007 0.022222222222222223
0 0.363 0.7857777777777778 0.00675 0.019555555555555555
0 0.373 0.744 0.01425 0.012888888888888889
0 0.3935 0.7582222222222222 0.012 0.015111111111111112
0 0.37475 0.6911111111111111 0.01325 0.015555555555555555
0 0.34575 0.6777777777777778 0.0135 0.013777777777777778
0 0.327 0.6808888888888889 0.006 0.019555555555555555
0 0.33975 0.6608888888888889 0.006 0.02266666666666667
0 0.32875 0.6395555555555555 0.00625 0.012888888888888889
0 0.32425 0.6306666666666667 0.00625 0.022222222222222223
0 0.337 0.5951111111111111 0.00875 0.021777777777777778
0 0.32175 0.5733333333333334 0.0065 0.023555555555555555
0 0.36875 0.6186666666666667 0.014 0.013777777777777778
0 0.37375 0.636 0.01425 0.013333333333333334
0 0.37725 0.6631111111111111 0.00875 0.018222222222222223
0 0.4025 0.6773333333333333 0.008 0.020444444444444446
0 0.422 0.6453333333333333 0.01425 0.014666666666666666
0 0.43325 0.6382222222222222 0.0145 0.011111111111111112
0 0.43925 0.6248888888888889 0.0055 0.021333333333333333
0 0.43525 0.6471111111111111 0.00775 0.014666666666666666
0 0.4345 0.6644444444444444 0.0075 0.01911111111111111
0 0.4465 0.6684444444444444 0.0065 0.022222222222222223
0 0.45725 0.6711111111111111 0.013 0.016444444444444446
0 0.45425 0.6791111111111111 0.0115 0.012
0 0.46875 0.6706666666666666 0.01175 0.017333333333333333
0 0.4635 0.6266666666666667 0.01175 0.013777777777777778
0 0.41475 0.6057777777777777 0.01075 0.010222222222222223
0 0.4185 0.6008888888888889 0.011 0.01911111111111111
0 0.40225 0.6022222222222222 0.01175 0.015555555555555555
0 0.4195 0.5857777777777777 0.00675 0.017333333333333333
0 0.39575 0.5782222222222222 0.017 0.013777777777777778
0 0.38725 0.5711111111111111 0.013 0.016444444444444446
0 0.34275 0.5631111111111111 0.0125 0.011555555555555555
0 0.348 0.5604444444444444 0.00875 0.02266666666666667
0 0.35975 0.524 0.01075 0.020888888888888887
0 0.333 0.496 0.01175 0.020888888888888887
0 0.353 0.4875555555555556 0.009 0.025333333333333333
0 0.37975 0.5151111111111111 0.015 0.014666666666666666
0 0.3915 0.5022222222222222 0.00925 0.014666666666666666
0 0.39925 0.5426666666666666 0.0135 0.013777777777777778
0 0.42475 0.5102222222222222 0.01025 0.014222222222222223
0 0.431 0.5155555555555555 0.0145 0.010222222222222223
0 0.4405 0.5093333333333333 0.00725 0.02311111111111111
0 0.44025 0.544 0.00875 0.025777777777777778
0 0.464 0.5164444444444445 0.0115 0.017777777777777778
0 0.4515 0.4915555555555556 0.00875 0.021777777777777778
0 0.43225 0.5048888888888889 0.01075 0.013777777777777778
0 0.434 0.49733333333333335 0.0125 0.011111111111111112
0 0.4575 0.5875555555555556 0.0115 0.020888888888888887
0 0.339 0.45022222222222225 0.0085 0.015111111111111112
0 0.344 0.4662222222222222 0.00625 0.017333333333333333
0 0.3515 0.4484444444444444 0.01225 0.018666666666666668
0 0.3605 0.45111111111111113 0.013 0.015555555555555555
0 0.36675 0.44222222222222224 0.0115 0.020888888888888887
0 0.39075 0.45422222222222225 0.015 0.013333333333333334
0 0.383 0.4702222222222222 0.01225 0.011555555555555555
0 0.3795 0.4782222222222222 0.01125 0.016888888888888887
0 0.324 0.4048888888888889 0.011 0.012888888888888889
0 0.3505 0.40844444444444444 0.01275 0.013333333333333334
0 0.33325 0.37822222222222224 0.01125 0.012444444444444444
0 0.40675 0.40044444444444444 0.012 0.010222222222222223
0 0.3985 0.41244444444444445 0.007 0.020888888888888887
0 0.4325 0.3884444444444444 0.00625 0.03333333333333333
0 0.4355 0.36444444444444446 0.01375 0.015555555555555555
0 0.44125 0.41333333333333333 0.01075 0.014666666666666666
0 0.44075 0.43866666666666665 0.01025 0.012444444444444444
0 0.4385 0.43333333333333335 0.0105 0.014222222222222223
0 0.4495 0.44355555555555554 0.01225 0.014222222222222223
0 0.45225 0.4622222222222222 0.01 0.02
0 0.4585 0.4631111111111111 0.00775 0.02266666666666667
0 0.45825 0.48044444444444445 0.011 0.016444444444444446
0 0.455 0.5297777777777778 0.005 0.01911111111111111
0 0.4595 0.5324444444444445 0.00825 0.008888888888888889
0 0.47975 0.464 0.009 0.014222222222222223
0 0.45175 0.35777777777777775 0.00725 0.028
0 0.4575 0.35333333333333333 0.008 0.022222222222222223
0 0.459 0.6977777777777778 0.00875 0.02311111111111111
0 0.46575 0.6995555555555556 0.0115 0.012444444444444444
0 0.459 0.7275555555555555 0.00875 0.022222222222222223
0 0.465 0.7373333333333333 0.00975 0.012888888888888889
0 0.43775 0.7284444444444444 0.01475 0.010666666666666666
0 0.429 0.7435555555555555 0.0065 0.024888888888888887
0 0.43875 0.7506666666666667 0.00825 0.020888888888888887
0 0.45375 0.7777777777777778 0.014 0.017777777777777778
0 0.46 0.8066666666666666 0.01175 0.02
0 0.459 0.8302222222222222 0.0115 0.01911111111111111
0 0.4475 0.832 0.0115 0.012444444444444444
0 0.4395 0.8346666666666667 0.01275 0.012444444444444444
0 0.47775 0.8688888888888889 0.014 0.010222222222222223
0 0.479 0.856 0.00825 0.02
0 0.48575 0.8524444444444444 0.01025 0.009333333333333334
0 0.491 0.8426666666666667 0.01225 0.013333333333333334
0 0.48775 0.8253333333333334 0.0085 0.022222222222222223
0 0.47975 0.8844444444444445 0.0075 0.019555555555555555
0 0.48525 0.8955555555555555 0.01075 0.013777777777777778
0 0.49625 0.9102222222222223 0.0145 0.012444444444444444
0 0.496 0.8973333333333333 0.01225 0.014222222222222223
0 0.5 0.9382222222222222 0.00975 0.010222222222222223
0 0.527 0.9173333333333333 0.0155 0.012888888888888889
0 0.53875 0.8915555555555555 0.01625 0.016444444444444446
0 0.50875 0.9711111111111111 0.0135 0.016444444444444446
0 0.52025 0.9657777777777777 0.01075 0.01911111111111111
0 0.53075 0.9577777777777777 0.00925 0.021777777777777778
0 0.53525 0.9471111111111111 0.0115 0.013777777777777778
0 0.546 0.9888888888888889 0.007 0.022222222222222223
0 0.54925 0.9755555555555555 0.00725 0.01911111111111111
0 0.5535 0.992 0.01375 0.013333333333333334
0 0.48475 0.7937777777777778 0.011 0.013333333333333334
0 0.49025 0.7591111111111111 0.01125 0.018666666666666668
0 0.48325 0.7568888888888889 0.00625 0.018666666666666668
0 0.477 0.7333333333333333 0.01025 0.018222222222222223
0 0.48575 0.7 0.013 0.011111111111111112
0 0.4975 0.7231111111111111 0.01325 0.018222222222222223
0 0.49625 0.7097777777777777 0.00625 0.020888888888888887
0 0.51175 0.7102222222222222 0.0065 0.020888888888888887
0 0.51525 0.7235555555555555 0.0095 0.020888888888888887
0 0.51125 0.7391111111111112 0.00875 0.02
0 0.48325 0.6835555555555556 0.01125 0.013777777777777778
0 0.5055 0.6773333333333333 0.01275 0.013777777777777778
0 0.49575 0.6151111111111112 0.014 0.012
0 0.48325 0.6053333333333333 0.01225 0.014222222222222223
0 0.49325 0.5813333333333334 0.015 0.011111111111111112
0 0.491 0.5488888888888889 0.0145 0.01911111111111111
0 0.492 0.5248888888888888 0.0125 0.014666666666666666
0 0.5365 0.5533333333333333 0.00925 0.024888888888888887
0 0.50575 0.5893333333333334 0.0075 0.020444444444444446
0 0.52225 0.6093333333333333 0.01425 0.01911111111111111
0 0.54975 0.6133333333333333 0.00675 0.014222222222222223
0 0.55375 0.6271111111111111 0.0095 0.018222222222222223
0 0.541 0.696 0.00775 0.019555555555555555
0 0.5495 0.7066666666666667 0.011 0.014666666666666666
0 0.5475 0.6977777777777778 0.00875 0.014666666666666666
0 0.5385 0.7751111111111111 0.01275 0.02311111111111111
0 0.5485 0.7986666666666666 0.01675 0.012888888888888889
0 0.5425 0.8213333333333334 0.0125 0.014666666666666666
0 0.587 0.8084444444444444 0.012 0.014222222222222223
0 0.60125 0.8177777777777778 0.01475 0.015555555555555555
0 0.5715 0.8328888888888889 0.0145 0.013777777777777778
0 0.577 0.8404444444444444 0.012 0.015555555555555555
0 0.5975 0.8573333333333333 0.0065 0.024888888888888887
0 0.5685 0.8751111111111111 0.01425 0.021333333333333333
0 0.5645 0.8613333333333333 0.01175 0.015111111111111112
0 0.55575 0.8542222222222222 0.01425 0.011555555555555555
0 0.60825 0.8751111111111111 0.011 0.018222222222222223
0 0.61825 0.8715555555555555 0.01075 0.011555555555555555
0 0.62625 0.8755555555555555 0.0155 0.010666666666666666
0 0.57825 0.9177777777777778 0.0135 0.013333333333333334
0 0.60125 0.9222222222222223 0.013 0.016444444444444446
0 0.6315 0.9355555555555556 0.01175 0.013777777777777778
0 0.6225 0.9466666666666667 0.012 0.017333333333333333
0 0.61825 0.9724444444444444 0.01225 0.021777777777777778
0 0.586 0.9791111111111112 0.00875 0.01911111111111111
0 0.588 0.9635555555555556 0.01425 0.012
0 0.57425 0.9866666666666667 0.01375 0.012888888888888889
0 0.596 0.992 0.01 0.016
0 0.64925 0.9395555555555556 0.01475 0.013333333333333334
0 0.64475 0.952 0.014 0.018666666666666668
0 0.655 0.9573333333333334 0.0075 0.028888888888888888
0 0.66675 0.9768888888888889 0.00675 0.025333333333333333
0 0.67175 0.992 0.0065 0.016
0 0.6775 0.9835555555555555 0.0045 0.016888888888888887
0 0.68475 0.9564444444444444 0.0075 0.021777777777777778
0 0.64775 0.9022222222222223 0.01075 0.022222222222222223
0 0.64075 0.8528888888888889 0.0065 0.021777777777777778
0 0.64975 0.8715555555555555 0.00525 0.022222222222222223
0 0.65425 0.8706666666666667 0.0055 0.020888888888888887
0 0.66525 0.8524444444444444 0.0095 0.020888888888888887
0 0.66925 0.84 0.007 0.019555555555555555
0 0.688 0.8248888888888889 0.00825 0.024
0 0.66125 0.8093333333333333 0.00925 0.017777777777777778
0 0.64225 0.8093333333333333 0.0095 0.021777777777777778
0 0.63975 0.7946666666666666 0.011 0.017777777777777778
0 0.654 0.7973333333333333 0.015 0.014666666666666666
0 0.649 0.78 0.0075 0.02
0 0.67275 0.788 0.01075 0.01911111111111111
0 0.6575 0.7382222222222222 0.015 0.015555555555555555
0 0.615 0.7724444444444445 0.01075 0.021777777777777778
0 0.574 0.7693333333333333 0.00975 0.017333333333333333
0 0.5535 0.7511111111111111 0.012 0.015555555555555555
0 0.58825 0.7631111111111111 0.0155 0.010222222222222223
0 0.57575 0.7266666666666667 0.01125 0.017333333333333333
0 0.5715 0.72 0.01125 0.018222222222222223
0 0.5595 0.7217777777777777 0.01025 0.010666666666666666
0 0.55925 0.6982222222222222 0.007 0.02
0 0.59225 0.6835555555555556 0.0105 0.021777777777777778
0 0.6085 0.6911111111111111 0.0145 0.015555555555555555
0 0.619 0.6813333333333333 0.01025 0.013777777777777778
0 0.62875 0.68 0.0085 0.021777777777777778
0 0.63475 0.6777777777777778 0.00975 0.012
0 0.56675 0.6568888888888889 0.011 0.021777777777777778
0 0.5735 0.6671111111111111 0.009 0.019555555555555555
0 0.59625 0.6524444444444445 0.00975 0.022222222222222223
0 0.61125 0.6551111111111111 0.01 0.024888888888888887
0 0.61375 0.6737777777777778 0.0135 0.010666666666666666
0 0.6285 0.6524444444444445 0.0145 0.012444444444444444
0 0.59975 0.6311111111111111 0.014 0.016
0 0.5835 0.608 0.0075 0.015555555555555555
0 0.622 0.5991111111111111 0.01225 0.014222222222222223
0 0.56975 0.5768888888888889 0.00975 0.018666666666666668
0 0.57625 0.58 0.0065 0.024888888888888887
0 0.5855 0.5657777777777778 0.0145 0.013333333333333334
0 0.60675 0.5631111111111111 0.013 0.015555555555555555
0 0.6325 0.5702222222222222 0.00875 0.024
0 0.63175 0.5968888888888889 0.0075 0.021777777777777778
0 0.655 0.5835555555555556 0.01225 0.018222222222222223
0 0.65625 0.5688888888888889 0.0125 0.015555555555555555
0 0.65325 0.656 0.0075 0.012888888888888889
0 0.646 0.6737777777777778 0.014 0.014666666666666666
0 0.65875 0.6568888888888889 0.00975 0.024
0 0.65625 0.6991111111111111 0.00875 0.024
0 0.67575 0.6715555555555556 0.0125 0.012
0 0.68525 0.6951111111111111 0.01325 0.013777777777777778
0 0.48875 0.3462222222222222 0.0115 0.016
0 0.49825 0.35244444444444445 0.0135 0.014666666666666666
0 0.5 0.3413333333333333 0.015 0.011555555555555555
0 0.49525 0.3671111111111111 0.0155 0.017333333333333333
0 0.4775 0.39955555555555555 0.0125 0.014666666666666666
0 0.48825 0.3982222222222222 0.006 0.013777777777777778
0 0.50625 0.37644444444444447 0.012 0.014666666666666666
0 0.522 0.3648888888888889 0.014 0.009777777777777778
0 0.5065 0.41555555555555557 0.00775 0.02311111111111111
0 0.52525 0.4017777777777778 0.013 0.02
0 0.529 0.4026666666666667 0.013 0.0071111111111111115
0 0.54875 0.4106666666666667 0.00875 0.027555555555555555
0 0.55875 0.4186666666666667 0.01625 0.01911111111111111
0 0.57175 0.4235555555555556 0.0155 0.013777777777777778
0 0.569 0.38622222222222224 0.015 0.015555555555555555
0 0.59725 0.3537777777777778 0.0165 0.012
0 0.596 0.3488888888888889 0.01175 0.011555555555555555
0 0.6045 0.36088888888888887 0.015 0.015555555555555555
0 0.60275 0.37377777777777776 0.014 0.009333333333333334
0 0.606 0.3893333333333333 0.0155 0.010666666666666666
0 0.60825 0.3804444444444444 0.00975 0.016444444444444446
0 0.60175 0.404 0.0145 0.012
0 0.60175 0.4191111111111111 0.0125 0.013777777777777778
0 0.595 0.4408888888888889 0.0105 0.022222222222222223
0 0.60975 0.45066666666666666 0.01025 0.028444444444444446
0 0.51775 0.44666666666666666 0.01075 0.018666666666666668
0 0.50025 0.47733333333333333 0.0145 0.012
0 0.501 0.46844444444444444 0.013 0.013777777777777778
0 0.485 0.48488888888888887 0.016 0.010666666666666666
0 0.5215 0.48 0.00925 0.02
0 0.5295 0.49244444444444446 0.015 0.012
0 0.53925 0.48488888888888887 0.01175 0.008
0 0.5365 0.44266666666666665 0.00775 0.020444444444444446
0 0.5295 0.44755555555555554 0.00775 0.028444444444444446
0 0.5545 0.4577777777777778 0.01025 0.017777777777777778
0 0.56725 0.4697777777777778 0.00875 0.018222222222222223
0 0.592 0.5008888888888889 0.00875 0.016444444444444446
0 0.6005 0.5093333333333333 0.01075 0.013777777777777778
0 0.61075 0.5075555555555555 0.009 0.03422222222222222
0 0.6175 0.5328888888888889 0.0125 0.011555555555555555
0 0.54625 0.5302222222222223 0.0165 0.016
0 0.6275 0.48844444444444446 0.015 0.016444444444444446
0 0.64225 0.5022222222222222 0.00875 0.024888888888888887
0 0.3895 0.05422222222222222 0.0095 0.020444444444444446
0 0.38825 0.041777777777777775 0.009 0.016888888888888887
0 0.65075 0.0022222222222222222 0.01025 0.004
0 0.62325 0.04755555555555555 0.01175 0.016
0 0.626 0.030666666666666665 0.012 0.02266666666666667
0 0.64125 0.05422222222222222 0.01225 0.024
0 0.64 0.07555555555555556 0.01375 0.012444444444444444
0 0.626 0.08088888888888889 0.0135 0.018666666666666668
0 0.628 0.11733333333333333 0.009 0.02266666666666667
0 0.6495 0.09244444444444444 0.0095 0.01911111111111111
0 0.68325 0.037333333333333336 0.01525 0.015111111111111112
0 0.69725 0.007555555555555556 0.0175 0.015111111111111112
0 0.712 0.007555555555555556 0.017 0.015111111111111112
0 0.73175 0.020444444444444446 0.0085 0.017777777777777778
0 0.746 0.032 0.01325 0.017777777777777778
0 0.6995 0.04755555555555555 0.0055 0.025333333333333333
0 0.70125 0.04133333333333333 0.0125 0.01911111111111111
0 0.6945 0.10755555555555556 0.01375 0.014666666666666666
0 0.69425 0.09644444444444444 0.0135 0.011111111111111112
0 0.69775 0.084 0.0085 0.01911111111111111
0 0.706 0.08666666666666667 0.01375 0.018222222222222223
0 0.67125 0.11911111111111111 0.012 0.012888888888888889
0 0.66775 0.10444444444444445 0.00925 0.017333333333333333
0 0.70875 0.13555555555555557 0.0145 0.015555555555555555
0 0.667 0.15777777777777777 0.019 0.012888888888888889
0 0.62475 0.22177777777777777 0.0075 0.02711111111111111
0 0.6335 0.1991111111111111 0.01325 0.021333333333333333
0 0.65875 0.18622222222222223 0.01275 0.018222222222222223
0 0.69175 0.18888888888888888 0.017 0.016444444444444446
0 0.688 0.1728888888888889 0.0115 0.016444444444444446
0 0.68525 0.21644444444444444 0.01025 0.020444444444444446
0 0.66325 0.21911111111111112 0.01625 0.017777777777777778
0 0.67 0.2328888888888889 0.013 0.012444444444444444
0 0.6325 0.2728888888888889 0.00825 0.02266666666666667
0 0.656 0.2831111111111111 0.01 0.028888888888888888
0 0.6585 0.2608888888888889 0.0125 0.016
0 0.651 0.30933333333333335 0.0115 0.016888888888888887
0 0.6675 0.28844444444444445 0.014 0.024444444444444446
0 0.68925 0.30666666666666664 0.01 0.018666666666666668
0 0.68725 0.28933333333333333 0.0105 0.02666666666666667
0 0.70875 0.23644444444444446 0.009 0.015111111111111112
0 0.718 0.23377777777777778 0.01325 0.011555555555555555
0 0.702 0.2831111111111111 0.01325 0.014666666666666666
0 0.7 0.27555555555555555 0.014 0.0071111111111111115
0 0.70075 0.26711111111111113 0.0125 0.010222222222222223
0 0.71125 0.26711111111111113 0.0105 0.012888888888888889
0 0.729 0.2826666666666667 0.00825 0.024444444444444446
0 0.74725 0.24844444444444444 0.012 0.01911111111111111
0 0.7545 0.2702222222222222 0.0125 0.017333333333333333
0 0.72675 0.3031111111111111 0.015 0.012
0 0.738 0.35644444444444445 0.012 0.021333333333333333
0 0.742 0.33244444444444443 0.00975 0.016888888888888887
0 0.7495 0.31244444444444447 0.01025 0.015555555555555555
0 0.674 0.3168888888888889 0.01 0.02
0 0.7 0.31866666666666665 0.01475 0.015111111111111112
0 0.71625 0.20355555555555555 0.0145 0.013333333333333334
0 0.71525 0.19244444444444445 0.01325 0.013333333333333334
0 0.73075 0.19866666666666666 0.0155 0.016
0 0.72 0.17022222222222222 0.0145 0.017777777777777778
0 0.718 0.14622222222222223 0.00875 0.025777777777777778
0 0.73325 0.14844444444444443 0.01475 0.016
0 0.733 0.08222222222222222 0.009 0.028888888888888888
0 0.7325 0.049777777777777775 0.0105 0.011111111111111112
0 0.76475 0.017333333333333333 0.0155 0.013333333333333334
0 0.778 0.0035555555555555557 0.01425 0.0071111111111111115
0 0.779 0.02711111111111111 0.0075 0.02266666666666667
0 0.78375 0.007555555555555556 0.0115 0.015111111111111112
0 0.80775 0.024444444444444446 0.014 0.02266666666666667
0 0.82925 0.009777777777777778 0.01075 0.015555555555555555
0 0.83825 0.009777777777777778 0.00975 0.019555555555555555
0 0.85 0.018222222222222223 0.01125 0.02266666666666667
0 0.7455 0.1991111111111111 0.0125 0.028888888888888888
0 0.7425 0.18 0.012 0.016444444444444446
0 0.7495 0.16977777777777778 0.00875 0.02666666666666667
0 0.758 0.15955555555555556 0.01525 0.012888888888888889
0 0.76125 0.1751111111111111 0.01025 0.026222222222222223
0 0.77075 0.19155555555555556 0.01475 0.011111111111111112
0 0.76975 0.18 0.00925 0.015555555555555555
0 0.778 0.18044444444444444 0.009 0.010666666666666666
0 0.776 0.21288888888888888 0.01225 0.014222222222222223
0 0.7545 0.20666666666666667 0.0165 0.014666666666666666
0 0.7925 0.22755555555555557 0.01025 0.013333333333333334
0 0.79675 0.2248888888888889 0.00375 0.022222222222222223
0 0.80125 0.21066666666666667 0.0175 0.011111111111111112
0 0.802 0.192 0.015 0.012
0 0.81175 0.22844444444444445 0.01475 0.014666666666666666
0 0.77575 0.2728888888888889 0.0145 0.013333333333333334
0 0.772 0.2604444444444444 0.01325 0.012888888888888889
0 0.79125 0.2751111111111111 0.015 0.02
0 0.80525 0.2777777777777778 0.01125 0.011111111111111112
0 0.801 0.268 0.00725 0.024444444444444446
0 0.81775 0.28355555555555556 0.01025 0.021777777777777778
0 0.82725 0.2791111111111111 0.01525 0.016444444444444446
0 0.828 0.25244444444444447 0.01 0.022222222222222223
0 0.7805 0.31555555555555553 0.007 0.029333333333333333
0 0.7845 0.3022222222222222 0.00525 0.02666666666666667
0 0.7655 0.2857777777777778 0.01125 0.02
0 0.75075 0.3368888888888889 0.00625 0.02266666666666667
0 0.758 0.3431111111111111 0.0095 0.014222222222222223
0 0.76925 0.34355555555555556 0.013 0.010222222222222223
0 0.77275 0.35288888888888886 0.012 0.012888888888888889
0 0.7135 0.3466666666666667 0.01475 0.018222222222222223
0 0.695 0.34844444444444445 0.0125 0.020888888888888887
0 0.67925 0.34844444444444445 0.0105 0.021333333333333333
0 0.65725 0.36044444444444446 0.01 0.016444444444444446
0 0.63675 0.3848888888888889 0.0125 0.02666666666666667
0 0.6445 0.384 0.01025 0.015555555555555555
0 0.65675 0.39022222222222225 0.0105 0.010666666666666666
0 0.65825 0.38222222222222224 0.0095 0.014222222222222223
0 0.66525 0.37955555555555553 0.00625 0.02311111111111111
0 0.66675 0.39866666666666667 0.012 0.009777777777777778
0 0.6565 0.4328888888888889 0.01325 0.010222222222222223
0 0.6545 0.41733333333333333 0.0155 0.016444444444444446
0 0.63025 0.4288888888888889 0.00825 0.024
0 0.637 0.4191111111111111 0.0095 0.020444444444444446
0 0.6435 0.4702222222222222 0.01275 0.010222222222222223
0 0.63825 0.46 0.00725 0.009777777777777778
0 0.63725 0.4471111111111111 0.01225 0.010222222222222223
0 0.66875 0.4328888888888889 0.01225 0.012444444444444444
0 0.68675 0.44222222222222224 0.01325 0.014222222222222223
0 0.68425 0.3897777777777778 0.00625 0.021777777777777778
0 0.6895 0.39022222222222225 0.007 0.021777777777777778
0 0.69625 0.38666666666666666 0.0085 0.012444444444444444
0 0.70975 0.37644444444444447 0.009 0.016888888888888887
0 0.701 0.4 0.01125 0.017333333333333333
0 0.71375 0.3968888888888889 0.013 0.012888888888888889
0 0.7165 0.38533333333333336 0.01225 0.010666666666666666
0 0.72625 0.3831111111111111 0.014 0.011555555555555555
0 0.74875 0.3857777777777778 0.00875 0.025777777777777778
0 0.74425 0.4275555555555556 0.0135 0.018222222222222223
0 0.73825 0.45111111111111113 0.01075 0.018666666666666668
0 0.6995 0.4786666666666667 0.007 0.018666666666666668
0 0.6975 0.45911111111111114 0.00675 0.018222222222222223
0 0.6555 0.47688888888888886 0.01025 0.016444444444444446
0 0.6635 0.4817777777777778 0.01075 0.017333333333333333
0 0.667 0.47555555555555556 0.01075 0.012444444444444444
0 0.67325 0.4737777777777778 0.00975 0.014666666666666666
0 0.683 0.47688888888888886 0.0105 0.015111111111111112
0 0.66575 0.5026666666666667 0.015 0.013333333333333334
0 0.668 0.5271111111111111 0.015 0.017777777777777778
0 0.69125 0.49955555555555553 0.01375 0.02
0 0.722 0.4915555555555556 0.0165 0.011111111111111112
0 0.74675 0.4831111111111111 0.019 0.011555555555555555
0 0.74675 0.47333333333333333 0.012 0.015111111111111112
0 0.76775 0.44533333333333336 0.01025 0.023555555555555555
0 0.77275 0.496 0.01025 0.021333333333333333
0 0.73875 0.5053333333333333 0.00925 0.016
0 0.71275 0.5262222222222223 0.00675 0.028
0 0.72125 0.5257777777777778 0.008 0.020444444444444446
0 0.698 0.544 0.0105 0.02266666666666667
0 0.6805 0.5817777777777777 0.0085 0.026222222222222223
0 0.68325 0.5684444444444444 0.012 0.012444444444444444
0 0.68525 0.5537777777777778 0.01475 0.017777777777777778
0 0.69 0.5777777777777777 0.01375 0.012444444444444444
0 0.70675 0.5986666666666667 0.01325 0.02666666666666667
0 0.70975 0.5751111111111111 0.00675 0.024444444444444446
0 0.7165 0.5617777777777778 0.01025 0.014666666666666666
0 0.72925 0.5848888888888889 0.0165 0.02266666666666667
0 0.73425 0.5711111111111111 0.0145 0.015555555555555555
0 0.74175 0.5568888888888889 0.01 0.016888888888888887
0 0.7435 0.5862222222222222 0.0095 0.028
0 0.753 0.5786666666666667 0.01075 0.020888888888888887
0 0.762 0.5342222222222223 0.0085 0.028888888888888888
0 0.75025 0.5222222222222223 0.01225 0.016444444444444446
0 0.7695 0.5546666666666666 0.0135 0.012888888888888889
0 0.78025 0.5471111111111111 0.00925 0.02
0 0.78825 0.5173333333333333 0.015 0.016444444444444446
0 0.7985 0.5502222222222222 0.0105 0.01911111111111111
0 0.7195 0.6315555555555555 0.01375 0.016444444444444446
0 0.7125 0.6568888888888889 0.016 0.018222222222222223
0 0.72 0.6911111111111111 0.01225 0.021777777777777778
0 0.75875 0.7071111111111111 0.014 0.018222222222222223
0 0.7555 0.7448888888888889 0.01075 0.017333333333333333
0 0.707 0.7657777777777778 0.01325 0.015555555555555555
0 0.71275 0.756 0.00975 0.020888888888888887
0 0.71825 0.7351111111111112 0.0095 0.014222222222222223
0 0.69625 0.78 0.013 0.02
0 0.72425 0.7786666666666666 0.01375 0.02
0 0.71525 0.8457777777777777 0.0105 0.020888888888888887
0 0.72575 0.8248888888888889 0.007 0.026222222222222223
0 0.7295 0.8133333333333334 0.01225 0.012444444444444444
0 0.7285 0.804 0.02 0.009777777777777778
0 0.7325 0.84 0.0075 0.020444444444444446
0 0.7415 0.8448888888888889 0.01025 0.02666666666666667
0 0.73925 0.8262222222222222 0.0135 0.015111111111111112
0 0.76625 0.7826666666666666 0.00725 0.024444444444444446
0 0.7585 0.8466666666666667 0.008 0.02711111111111111
0 0.697 0.8786666666666667 0.0125 0.013333333333333334
0 0.7155 0.8697777777777778 0.008 0.021333333333333333
0 0.71675 0.8942222222222223 0.01575 0.013333333333333334
0 0.724 0.8817777777777778 0.01525 0.012444444444444444
0 0.7195 0.936 0.0165 0.02266666666666667
0 0.702 0.948 0.01275 0.013333333333333334
0 0.7475 0.9315555555555556 0.018 0.016
0 0.74875 0.9142222222222223 0.01025 0.02311111111111111
0 0.7535 0.8915555555555555 0.01525 0.012
0 0.74275 0.9017777777777778 0.012 0.011555555555555555
0 0.75325 0.9755555555555555 0.00725 0.03155555555555556
0 0.7525 0.9626666666666667 0.01175 0.020888888888888887
0 0.77325 0.9244444444444444 0.00975 0.030222222222222223
0 0.758 0.8737777777777778 0.0085 0.026222222222222223
0 0.765 0.8728888888888889 0.008 0.024444444444444446
0 0.77275 0.8786666666666667 0.0105 0.015111111111111112
0 0.7735 0.86 0.00875 0.020888888888888887
0 0.7935 0.9022222222222223 0.01375 0.02311111111111111
0 0.767 0.9942222222222222 0.0125 0.011111111111111112
0 0.803 0.9888888888888889 0.011 0.022222222222222223
0 0.804 0.9742222222222222 0.01125 0.02266666666666667
0 0.83575 0.9337777777777778 0.01325 0.015111111111111112
0 0.84075 0.9448888888888889 0.012 0.016444444444444446
0 0.83725 0.9884444444444445 0.014 0.016888888888888887
0 0.81025 0.8973333333333333 0.00725 0.024
0 0.81775 0.8595555555555555 0.00925 0.024444444444444446
0 0.7785 0.8502222222222222 0.01175 0.010666666666666666
0 0.7805 0.8231111111111111 0.019 0.014222222222222223
0 0.778 0.8102222222222222 0.0065 0.024444444444444446
0 0.78325 0.8097777777777778 0.0045 0.020444444444444446
0 0.7875 0.8097777777777778 0.0055 0.02266666666666667
0 0.7975 0.7826666666666666 0.01325 0.018222222222222223
0 0.78275 0.7595555555555555 0.0135 0.016444444444444446
0 0.80775 0.824 0.015 0.016
0 0.8435 0.8231111111111111 0.0155 0.017777777777777778
0 0.85275 0.8431111111111111 0.00575 0.02
0 0.8255 0.8746666666666667 0.00625 0.015111111111111112
0 0.835 0.872 0.0125 0.017777777777777778
0 0.86525 0.9551111111111111 0.0115 0.025777777777777778
0 0.8595 0.996 0.00775 0.007555555555555556
0 0.8735 0.9906666666666667 0.0095 0.018666666666666668
0 0.8785 0.9742222222222222 0.00925 0.014666666666666666
0 0.8865 0.9697777777777777 0.0115 0.03155555555555556
0 0.918 0.9595555555555556 0.01625 0.022222222222222223
0 0.86375 0.8773333333333333 0.01225 0.021333333333333333
0 0.92325 0.8906666666666667 0.009 0.025333333333333333
0 0.9365 0.8782222222222222 0.01075 0.017777777777777778
0 0.946 0.8782222222222222 0.0105 0.016888888888888887
0 0.9565 0.8573333333333333 0.01575 0.012888888888888889
0 0.94425 0.9137777777777778 0.0125 0.021777777777777778
0 0.972 0.9133333333333333 0.01475 0.014666666666666666
0 0.9765 0.9324444444444444 0.0075 0.026222222222222223
0 0.9925 0.896 0.00825 0.028888888888888888
0 0.95025 0.9968888888888889 0.0115 0.006222222222222222
0 0.9905 0.8213333333333334 0.0135 0.012444444444444444
0 0.98325 0.8031111111111111 0.01 0.01911111111111111
0 0.991 0.8057777777777778 0.0065 0.015111111111111112
0 0.98875 0.7831111111111111 0.0115 0.022222222222222223
0 0.90925 0.8324444444444444 0.009 0.02266666666666667
0 0.9165 0.8324444444444444 0.00875 0.02266666666666667
0 0.92675 0.8173333333333334 0.01225 0.027555555555555555
0 0.92775 0.7844444444444445 0.0115 0.030222222222222223
0 0.9455 0.7453333333333333 0.012 0.015555555555555555
0 0.95525 0.7551111111111111 0.0095 0.012888888888888889
0 0.96275 0.7448888888888889 0.01225 0.014666666666666666
0 0.973 0.7453333333333333 0.01525 0.018666666666666668
0 0.91025 0.8195555555555556 0.00825 0.021777777777777778
0 0.91 0.7942222222222223 0.009 0.02666666666666667
0 0.897 0.8182222222222222 0.00975 0.028444444444444446
0 0.87525 0.8004444444444444 0.006 0.011111111111111112
0 0.8875 0.8008888888888889 0.00725 0.010666666666666666
0 0.882 0.7897777777777778 0.012 0.015111111111111112
0 0.8705 0.788 0.0115 0.017777777777777778
0 0.79475 0.06 0.01025 0.016888888888888887
0 0.79975 0.08 0.01175 0.020444444444444446
0 0.79075 0.07511111111111111 0.01375 0.008888888888888889
0 0.753 0.06266666666666666 0.01175 0.016888888888888887
0 0.74925 0.07733333333333334 0.0115 0.016444444444444446
0 0.76075 0.05422222222222222 0.01075 0.013777777777777778
0 0.76575 0.09466666666666666 0.00575 0.026222222222222223
0 0.7695 0.07511111111111111 0.01525 0.007555555555555556
0 0.77 0.064 0.01675 0.008888888888888889
0 0.77 0.096 0.00725 0.028888888888888888
0 0.75975 0.108 0.011 0.009333333333333334
0 0.77525 0.09644444444444444 0.0075 0.024888888888888887
0 0.7805 0.09866666666666667 0.006 0.018666666666666668
0 0.79075 0.104 0.01375 0.012888888888888889
0 0.78125 0.12933333333333333 0.0085 0.013333333333333334
0 0.79625 0.12355555555555556 0.00875 0.008444444444444444
0 0.809 0.11866666666666667 0.01175 0.009777777777777778
0 0.799 0.132 0.0065 0.013777777777777778
0 0.80425 0.15422222222222223 0.0105 0.019555555555555555
0 0.8465 0.14533333333333334 0.00775 0.02266666666666667
0 0.84275 0.10755555555555556 0.01775 0.015111111111111112
0 0.82425 0.07422222222222222 0.01325 0.016
0 0.8415 0.04533333333333334 0.009 0.020888888888888887
0 0.8755 0.0017777777777777779 0.00775 0.0035555555555555557
0 0.87975 0.02666666666666667 0.0085 0.022222222222222223
0 0.866 0.028888888888888888 0.006 0.018222222222222223
0 0.87075 0.02711111111111111 0.01 0.013777777777777778
0 0.89975 0.03822222222222222 0.0095 0.024444444444444446
0 0.9095 0.029333333333333333 0.0125 0.012444444444444444
0 0.92525 0.06577777777777778 0.00975 0.01911111111111111
0 0.9335 0.06177777777777778 0.00725 0.02266666666666667
0 0.92175 0.08577777777777777 0.00975 0.02
0 0.924 0.11955555555555555 0.01075 0.024
0 0.9265 0.04533333333333334 0.00875 0.016444444444444446
0 0.93875 0.03777777777777778 0.007 0.011111111111111112
0 0.94775 0.06444444444444444 0.00575 0.02266666666666667
0 0.952 0.07644444444444444 0.0105 0.014222222222222223
0 0.96525 0.09111111111111111 0.014 0.015555555555555555
0 0.93875 0.11644444444444445 0.01325 0.012888888888888889
0 0.93025 0.15333333333333332 0.011 0.027555555555555555
0 0.881 0.132 0.0085 0.021333333333333333
0 0.87375 0.12311111111111112 0.013 0.009333333333333334
0 0.861 0.11466666666666667 0.00775 0.024888888888888887
0 0.86825 0.09777777777777778 0.01325 0.014666666666666666
0 0.8695 0.10711111111111112 0.0055 0.016444444444444446
0 0.86975 0.07377777777777778 0.015 0.017333333333333333
0 0.8935 0.17333333333333334 0.0125 0.016444444444444446
0 0.88025 0.192 0.01075 0.02311111111111111
0 0.875 0.2088888888888889 0.01575 0.012
0 0.86675 0.18933333333333333 0.0095 0.012888888888888889
0 0.84475 0.20133333333333334 0.015 0.01911111111111111
0 0.86625 0.24222222222222223 0.0075 0.030222222222222223
0 0.85825 0.25422222222222224 0.0075 0.025777777777777778
0 0.877 0.256 0.013 0.014666666666666666
0 0.90125 0.24355555555555555 0.01275 0.014666666666666666
0 0.91025 0.24444444444444444 0.0065 0.020888888888888887
0 0.89875 0.25866666666666666 0.01475 0.008444444444444444
0 0.89275 0.29155555555555557 0.0125 0.024
0 0.897 0.29244444444444445 0.01025 0.014222222222222223
0 0.8895 0.3128888888888889 0.015 0.015555555555555555
0 0.88125 0.30577777777777776 0.01575 0.013777777777777778
0 0.87075 0.30577777777777776 0.009 0.02311111111111111
0 0.8645 0.2946666666666667 0.012 0.013333333333333334
0 0.8225 0.3204444444444444 0.00825 0.017333333333333333
0 0.8115 0.2937777777777778 0.00625 0.025777777777777778
0 0.94575 0.17777777777777778 0.01275 0.013333333333333334
0 0.9545 0.17866666666666667 0.0105 0.015555555555555555
0 0.96725 0.16533333333333333 0.0095 0.025777777777777778
0 0.993 0.18 0.014 0.013333333333333334
0 0.984 0.11777777777777777 0.00875 0.029333333333333333
0 0.9975 0.12844444444444444 0.005 0.018666666666666668
0 0.99875 0.10488888888888889 0.00225 0.024444444444444446
0 0.99175 0.08533333333333333 0.0135 0.012444444444444444
0 0.97725 0.043555555555555556 0.01025 0.010666666666666666
0 0.99175 0.024888888888888887 0.0075 0.023555555555555555
0 0.999 0.05377777777777778 0.002 0.019555555555555555
0 0.9965 0.06888888888888889 0.007 0.015111111111111112
0 0.96375 0.0071111111111111115 0.005 0.013777777777777778
0 0.956 0.004 0.009 0.008
0 0.98575 0.012 0.00875 0.021777777777777778
0 0.93625 0.21466666666666667 0.01375 0.020888888888888887
0 0.93325 0.24666666666666667 0.012 0.019555555555555555
0 0.95075 0.24711111111111111 0.01025 0.011555555555555555
0 0.943 0.2568888888888889 0.0065 0.02711111111111111
0 0.96775 0.27955555555555556 0.009 0.02311111111111111
0 0.969 0.26311111111111113 0.0155 0.015555555555555555
0 0.991 0.2653333333333333 0.00925 0.027555555555555555
0 0.98675 0.28888888888888886 0.011 0.018222222222222223
0 0.965 0.33111111111111113 0.01025 0.024888888888888887
0 0.989 0.35244444444444445 0.00575 0.021777777777777778
0 0.9715 0.3586666666666667 0.01625 0.012888888888888889
0 0.95675 0.37777777777777777 0.013 0.016
0 0.9545 0.3626666666666667 0.006 0.018222222222222223
0 0.9445 0.35644444444444445 0.0145 0.017777777777777778
0 0.918 0.3631111111111111 0.01 0.021777777777777778
0 0.923 0.3551111111111111 0.005 0.019555555555555555
0 0.929 0.28844444444444445 0.011 0.014222222222222223
0 0.93925 0.2911111111111111 0.012 0.016888888888888887
0 0.95125 0.2897777777777778 0.01325 0.023555555555555555
0 0.97375 0.39644444444444443 0.00675 0.02266666666666667
0 0.96525 0.4053333333333333 0.006 0.02266666666666667
0 0.97 0.42133333333333334 0.0105 0.019555555555555555
0 0.957 0.41155555555555556 0.0085 0.014666666666666666
0 0.9285 0.45511111111111113 0.017 0.015555555555555555
0 0.98325 0.4497777777777778 0.0105 0.017333333333333333
0 0.99125 0.45955555555555555 0.0085 0.017777777777777778
0 0.99725 0.45155555555555554 0.0055 0.018666666666666668
0 0.98875 0.4826666666666667 0.01275 0.012
0 0.995 0.48444444444444446 0.00975 0.011111111111111112
0 0.99475 0.5017777777777778 0.0105 0.011555555555555555
0 0.9975 0.5177777777777778 0.005 0.022222222222222223
0 0.9845 0.5226666666666666 0.014 0.014666666666666666
0 0.98075 0.516 0.00925 0.013777777777777778
0 0.97925 0.5351111111111111 0.01 0.016444444444444446
0 0.9985 0.5551111111111111 0.003 0.020444444444444446
0 0.99525 0.5688888888888889 0.0095 0.016
0 0.98975 0.5826666666666667 0.01275 0.012888888888888889
0 0.9805 0.5582222222222222 0.00525 0.021777777777777778
0 0.96925 0.5813333333333334 0.0155 0.016
0 0.972 0.5671111111111111 0.015 0.014222222222222223
0 0.956 0.5755555555555556 0.007 0.016888888888888887
0 0.94775 0.5644444444444444 0.00675 0.021777777777777778
0 0.9625 0.5457777777777778 0.0115 0.014666666666666666
0 0.96075 0.5351111111111111 0.00825 0.01911111111111111
0 0.9115 0.4088888888888889 0.00675 0.020888888888888887
0 0.90075 0.4182222222222222 0.0125 0.014222222222222223
0 0.8935 0.40044444444444444 0.00675 0.025777777777777778
0 0.88875 0.364 0.011 0.018222222222222223
0 0.8805 0.3968888888888889 0.0145 0.015555555555555555
0 0.86975 0.4137777777777778 0.0115 0.012888888888888889
0 0.863 0.41955555555555557 0.01025 0.019555555555555555
0 0.8475 0.43822222222222224 0.0155 0.014666666666666666
0 0.8515 0.42844444444444446 0.01125 0.011555555555555555
0 0.83625 0.4 0.009 0.02711111111111111
0 0.8535 0.3631111111111111 0.01275 0.016888888888888887
0 0.83675 0.37155555555555553 0.01 0.018666666666666668
0 0.82675 0.38266666666666665 0.00675 0.024888888888888887
0 0.77775 0.384 0.0065 0.02666666666666667
0 0.79575 0.3551111111111111 0.01125 0.018666666666666668
0 0.803 0.3453333333333333 0.01425 0.015111111111111112
0 0.81925 0.3497777777777778 0.01725 0.012
0 0.81525 0.3831111111111111 0.00975 0.025777777777777778
0 0.82225 0.424 0.01375 0.016888888888888887
0 0.80125 0.4102222222222222 0.00975 0.023555555555555555
0 0.78675 0.43733333333333335 0.007 0.024888888888888887
0 0.799 0.4471111111111111 0.01625 0.012
0 0.80075 0.4742222222222222 0.0125 0.018666666666666668
0 0.79775 0.4671111111111111 0.013 0.017777777777777778
0 0.875 0.45866666666666667 0.01275 0.017333333333333333
0 0.8715 0.45066666666666666 0.007 0.018666666666666668
0 0.889 0.4351111111111111 0.008 0.017333333333333333
0 0.90225 0.45955555555555555 0.01175 0.017777777777777778
0 0.90175 0.44666666666666666 0.015 0.011111111111111112
0 0.908 0.45111111111111113 0.0065 0.016888888888888887
0 0.8865 0.47733333333333333 0.0145 0.016444444444444446
0 0.8845 0.4662222222222222 0.0105 0.02311111111111111
0 0.87325 0.4746666666666667 0.0065 0.019555555555555555
0 0.85625 0.48933333333333334 0.009 0.01911111111111111
0 0.81125 0.5275555555555556 0.01025 0.016444444444444446
0 0.816 0.5515555555555556 0.006 0.023555555555555555
0 0.84575 0.5257777777777778 0.014 0.012888888888888889
0 0.85425 0.5377777777777778 0.01425 0.018222222222222223
0 0.835 0.5657777777777778 0.00825 0.025333333333333333
0 0.8785 0.5173333333333333 0.00625 0.023555555555555555
0 0.88325 0.5053333333333333 0.01025 0.01911111111111111
0 0.87125 0.5053333333333333 0.01 0.018666666666666668
0 0.87825 0.5417777777777778 0.0075 0.02711111111111111
0 0.8635 0.5391111111111111 0.00725 0.017777777777777778
0 0.8715 0.5577777777777778 0.01775 0.013777777777777778
0 0.87075 0.5493333333333333 0.01125 0.009333333333333334
0 0.863 0.5826666666666667 0.012 0.018222222222222223
0 0.86 0.5715555555555556 0.01275 0.013777777777777778
0 0.91725 0.5671111111111111 0.01675 0.013777777777777778
0 0.78475 0.6351111111111111 0.008 0.022222222222222223
0 0.80125 0.6128888888888889 0.0145 0.017333333333333333
0 0.81275 0.6088888888888889 0.01025 0.02
0 0.87975 0.6137777777777778 0.012 0.012888888888888889
0 0.90125 0.6013333333333334 0.0135 0.015111111111111112
0 0.91175 0.6088888888888889 0.012 0.016888888888888887
0 0.92275 0.6311111111111111 0.01275 0.018666666666666668
0 0.9045 0.64 0.00925 0.020444444444444446
0 0.88425 0.628 0.01 0.017777777777777778
0 0.8265 0.6462222222222223 0.00725 0.021777777777777778
0 0.8335 0.6546666666666666 0.01125 0.019555555555555555
0 0.85625 0.6693333333333333 0.01675 0.016888888888888887
0 0.813 0.6755555555555556 0.00975 0.02
0 0.802 0.6791111111111111 0.01425 0.02
0 0.8995 0.6915555555555556 0.0135 0.017333333333333333
0 0.8785 0.728 0.014 0.024444444444444446
0 0.85575 0.7204444444444444 0.01425 0.024
0 0.84575 0.7373333333333333 0.01025 0.015111111111111112
0 0.841 0.7364444444444445 0.01125 0.014222222222222223
0 0.80075 0.7284444444444444 0.01375 0.015111111111111112
0 0.8945 0.7311111111111112 0.00825 0.025777777777777778
0 0.86 0.7493333333333333 0.00975 0.019555555555555555
0 0.865 0.7515555555555555 0.01 0.012
0 0.90075 0.7506666666666667 0.0065 0.02711111111111111
0 0.90675 0.7511111111111111 0.00925 0.014222222222222223
0 0.9145 0.7582222222222222 0.01075 0.028888888888888888
0 0.95375 0.6733333333333333 0.01125 0.021333333333333333
0 0.96525 0.7222222222222222 0.00775 0.026222222222222223
0 0.9955 0.6946666666666667 0.009 0.013333333333333334
0 0.9955 0.6791111111111111 0.008 0.013333333333333334
0 0.98925 0.716 0.00975 0.02266666666666667
0 0.95975 0.6466666666666666 0.00725 0.021777777777777778
0 0.94725 0.644 0.008 0.020444444444444446
0 0.93575 0.6377777777777778 0.00775 0.024444444444444446
0 0.942 0.6195555555555555 0.0175 0.013777777777777778
0 0.96625 0.6253333333333333 0.0095 0.017333333333333333
0 0.97325 0.6248888888888889 0.01 0.03333333333333333
0 0.9835 0.6191111111111111 0.0105 0.018222222222222223
0 0.97025 0.6675555555555556 0.00625 0.008444444444444444
0 0.87775 0.9097777777777778 0.00775 0.013333333333333334