0 0.8697265625 0.4589465530596437 0.011328125 0.016266460108443067
0 0.4439453125 0.4384198295894655 0.010546875 0.015491866769945779
0 0.4078125 0.8512780790085205 0.009375 0.015491866769945779
0 0.0111328125 0.5770720371804803 0.011328125 0.015491866769945779
0 0.3833984375 0.2428350116189001 0.012890625 0.016266460108443067
0 0.716015625 0.17699457784663053 0.01171875 0.016266460108443067
0 0.3634765625 0.35476374903175834 0.010546875 0.015491866769945779
0 0.0169921875 0.8745158791634392 0.008984375 0.015491866769945779
0 0.9494140625 0.5503485670023238 0.011328125 0.01471727343144849
0 0.410546875 0.9275755228505035 0.0109375 0.013168086754453912
0 0.9546875 0.2447714949651433 0.0125 0.017041053446940357
0 0.3548828125 0.2509682416731216 0.012890625 0.017041053446940357
0 0.8751953125 0.3570875290472502 0.009765625 0.017041053446940357
0 0.595703125 0.7106893880712626 0.01171875 0.017815646785437646
0 0.2201171875 0.6642137877614253 0.010546875 0.019364833462432222
0 0.503125 0.5596436870642912 0.01015625 0.01471727343144849
0 0.9701171875 0.26723470178156467 0.012890625 0.018590240123934933
0 0.2693359375 0.5859798605731991 0.008203125 0.016266460108443067
0 0.157421875 0.29047250193648333 0.00859375 0.015491866769945779
0 0.641015625 0.22501936483346244 0.01015625 0.01471727343144849
0 0.1494140625 0.17699457784663053 0.012109375 0.017815646785437646
0 0.519921875 0.44113090627420604 0.01015625 0.016266460108443067
0 0.2328125 0.4620449264136328 0.0140625 0.011618900077459334
0 0.4681640625 0.7974438419829589 0.016015625 0.011618900077459334
0 0.938671875 0.033307513555383424 0.01015625 0.017041053446940357
0 0.496484375 0.08907823392718822 0.0125 0.015491866769945779
0 0.5603515625 0.006971340046475601 0.008984375 0.013942680092951201
0 0.4404296875 0.36909372579395816 0.010546875 0.017815646785437646
0 0.51328125 0.33346243222308286 0.01328125 0.01471727343144849
0 0.6353515625 0.8721920991479474 0.008984375 0.017041053446940357
0 0.190234375 0.11812548412083657 0.01015625 0.01471727343144849
0 0.852734375 0.19287374128582493 0.01171875 0.015491866769945779
0 0.2583984375 0.08636715724244771 0.010546875 0.019364833462432222
0 0.6953125 0.6053446940356313 0.00859375 0.017815646785437646
0 0.8294921875 0.5538342370255616 0.008203125 0.018590240123934933
0 0.2822265625 0.9678543764523625 0.011328125 0.01471727343144849
0 0.883984375 0.4043377226955848 0.01015625 0.018590240123934933
0 0.8431640625 0.15917893106119288 0.011328125 0.01471727343144849
0 0.3224609375 0.8555383423702556 0.011328125 0.019364833462432222
0 0.4025390625 0.054996127033307515 0.012109375 0.015491866769945779
0 0.3736328125 0.7064291247095275 0.012890625 0.012393493415956624
0 0.487109375 0.7358636715724245 0.009375 0.018590240123934933
0 0.806640625 0.20487993803253293 0.01171875 0.016266460108443067
0 0.421484375 0.049573973663826494 0.009375 0.018590240123934933
0 0.1837890625 0.7831138652207591 0.009765625 0.018590240123934933
0 0.7564453125 0.16150271107668474 0.009765625 0.019364833462432222
0 0.6142578125 0.6382649109217661 0.008984375 0.017041053446940357
0 0.321875 0.6390395042602633 0.00859375 0.012393493415956624
0 0.240625 0.15027110766847404 0.009375 0.015491866769945779
0 0.0935546875 0.9093725793958172 0.009765625 0.017041053446940357
0 0.8896484375 0.7188226181254841 0.012890625 0.017041053446940357
0 0.7 0.435708752904725 0.009375 0.017815646785437646
0 0.241015625 0.6456235476374903 0.0109375 0.019364833462432222
0 0.7791015625 0.26723470178156467 0.013671875 0.015491866769945779
0 0.599328125 0.03670023237800155 0.0078359375 0.023841982958946555
0 0.6052734375 0.013555383423702556 0.012109375 0.017815646785437646
0 0.2345703125 0.395429899302866 0.013671875 0.013168086754453912
0 0.75390625 0.7958946553059644 0.009375 0.020914020139426802
0 0.7625 0.48528272656855154 0.01015625 0.013168086754453912
0 0.796484375 0.1386522075910147 0.01015625 0.017041053446940357
0 0.4525390625 0.5855925639039504 0.011328125 0.013942680092951201
0 0.780078125 0.6948102246320682 0.0109375 0.012393493415956624
0 0.4443359375 0.24206041828040278 0.009765625 0.019364833462432222
0 0.8724609375 0.8489542989930287 0.012109375 0.012393493415956624
0 0.037128906249999996 0.9218512780790085 0.01249609375 0.010790085205267235
0 0.0513671875 0.9275755228505035 0.016796875 0.010069713400464756
0 0.9 0.6572424477149497 0.01171875 0.013168086754453912
0 0.28828125 0.56855151045701 0.01015625 0.013942680092951201
0 0.4830078125 0.6859024012393493 0.011328125 0.017815646785437646
0 0.8521484375 0.7598760650658405 0.011328125 0.012393493415956624
0 0.9525390625 0.6053446940356313 0.012109375 0.017815646785437646
0 0.3431640625 0.40549961270333074 0.008984375 0.017815646785437646
0 0.372109375 0.85859798605732 0.00969140625 0.016189000774593336
0 0.2689453125 0.39852827265685514 0.010546875 0.017815646785437646
0 0.650390625 0.9575522850503486 0.00625 0.020449264136328426
0 0.2189453125 0.9415182029434547 0.012109375 0.016266460108443067
0 0.2341796875 0.4229279628195198 0.015234375 0.012393493415956624
0 0.4859375 0.8752904725019365 0.009375 0.018590240123934933
0 0.9697265625 0.203718048024787 0.010546875 0.020139426800929512
0 0.2154296875 0.41247095274980633 0.008203125 0.019364833462432222
0 0.7224609375 0.8458559256390396 0.006640625 0.017041053446940357
0 0.9517578125 0.011618900077459334 0.012109375 0.020139426800929512
0 0.432421875 0.14484895429899303 0.0078125 0.017041053446940357
0 0.990625 0.7219209914794733 0.0078125 0.018590240123934933
0 0.9234375 0.16731216111541442 0.015625 0.013942680092951201
0 0.95253515625 0.9324709527498063 0.0085390625 0.02692486444616576
0 0.9658203125 0.9310611928737413 0.009765625 0.015491866769945779
0 0.290234375 0.5855925639039504 0.00703125 0.015491866769945779
0 0.2283203125 0.24438419829589467 0.010546875 0.013168086754453912
0 0.5693359375 0.8574748257164988 0.008203125 0.017041053446940357
0 0.3390625 0.23973663826491093 0.00703125 0.017815646785437646
0 0.5189453125 0.47443841982958945 0.008984375 0.016266460108443067
0 0.193359375 0.042602633617350893 0.0078125 0.017041053446940357
0 0.7265625 0.9930286599535244 0.0109375 0.012393493415956624
0 0.3986328125 0.8869093725793958 0.011328125 0.013942680092951201
0 0.2095703125 0.5391169635941131 0.008203125 0.018590240123934933
0 0.3494140625 0.8109992254066615 0.006640625 0.018590240123934933
0 0.338671875 0.953137103020914 0.00625 0.011618900077459334
0 0.139453125 0.7331525948876839 0.00859375 0.01471727343144849
0 0.754296875 0.9078233927188226 0.0078125 0.018590240123934933
0 0.3773359375 0.1720836560805577 0.011734375 0.01729666924864446
0 0.37439453125 0.7654376452362509 0.0073828125 0.028164213787761426
0 0.3541015625 0.46901626646010847 0.007421875 0.017815646785437646
0 0.90703125 0.7877614252517429 0.009375 0.015491866769945779
0 0.416015625 0.5658404337722696 0.01015625 0.01471727343144849
0 0.67890625 0.5472501936483346 0.00859375 0.022463206816421378
0 0.15 0.44113090627420604 0.01171875 0.013168086754453912
0 0.540234375 0.8261037955073587 0.00625 0.016266460108443067
0 0.5560546875 0.48915569326103797 0.007421875 0.016266460108443067
0 0.4400390625 0.9318357862122386 0.008984375 0.017041053446940357
0 0.214453125 0.8396591789310612 0.0140625 0.010844306738962044
0 0.5328125 0.6901626646010844 0.00625 0.017041053446940357
0 0.5 0.8384972889233152 0.00703125 0.016266460108443067
0 0.39296875 0.7470952749806352 0.00625 0.017815646785437646
0 0.4873046875 0.21107668474051122 0.012109375 0.019364833462432222
0 0.553515625 0.9175058094500387 0.00625 0.017815646785437646
0 0.605859375 0.4748257164988381 0.01171875 0.017041053446940357
0 0.2947265625 0.18861347792408986 0.007421875 0.013168086754453912
0 0.5970703125 0.9275755228505035 0.011328125 0.017815646785437646
0 0.64164453125 0.38164988381099924 0.009375 0.020139426800929512
0 0.8326171875 0.2865995352439969 0.009765625 0.018590240123934933
0 0.4580078125 0.20458559256390396 0.006640625 0.023415956622773043
0 0.910546875 0.7649109217660728 0.0109375 0.019364833462432222
0 0.3306640625 0.5824941905499613 0.008203125 0.018590240123934933
0 0.582421875 0.7691711851278079 0.00703125 0.012393493415956624
0 0.253515625 0.44113090627420604 0.009375 0.020914020139426802
0 0.5552734375 0.12664601084430674 0.007421875 0.01471727343144849
0 0.1794921875 0.6436870642912471 0.007421875 0.017041053446940357
0 0.36015625 0.5367931835786213 0.009375 0.012393493415956624
0 0.348046875 0.037180480247869865 0.0078125 0.020139426800929512
0 0.15703125 0.9643687064291248 0.00703125 0.013942680092951201
0 0.612109375 0.8880712625871418 0.01171875 0.011618900077459334
0 0.3189453125 0.10534469403563129 0.007421875 0.018590240123934933
0 0.0708984375 0.3233927188226181 0.009765625 0.013168086754453912
0 0.9859375 0.6700232378001549 0.00859375 0.018590240123934933
0 0.9037109375 0.030983733539891558 0.006640625 0.018590240123934933
0 0.6947265625 0.7331525948876839 0.008984375 0.011618900077459334
0 0.3384765625 0.16498838109992253 0.008984375 0.013942680092951201
0 0.8408203125 0.39388071262587143 0.011328125 0.016266460108443067
0 0.1994140625 0.6591789310611929 0.009765625 0.015491866769945779
0 0.9748046875 0.48838109992254064 0.012109375 0.010069713400464756
0 0.190234375 0.570875290472502 0.00625 0.012393493415956624
0 0.3330078125 0.36560805577072036 0.008984375 0.021688613477924088
0 0.8611328125 0.6483346243222309 0.007421875 0.017041053446940357
0 0.3810546875 0.5790085205267235 0.012890625 0.013168086754453912
0 0.72109375 0.39852827265685514 0.0140625 0.013168086754453912
0 0.606640625 0.7618125484120837 0.009375 0.016266460108443067
0 0.86349609375 0.7268783888458559 0.0074609375000000006 0.03196746707978312
0 0.1865234375 0.7676219984508134 0.008984375 0.017041053446940357
0 0.2056640625 0.1812548412083656 0.008984375 0.020139426800929512
0 0.3224609375 0.34275755228505034 0.008203125 0.016266460108443067
0 0.959765625 0.9442292796281953 0.0125 0.010844306738962044
0 0.8171875 0.4336250968241673 0.009378906250000001 0.02603408210689388
0 0.0212890625 0.36444616576297445 0.008984375 0.016266460108443067
0 0.235546875 0.5213013168086754 0.0078125 0.017041053446940357
0 0.552734375 0.7656855151045701 0.0125 0.020914020139426802
0 0.9822265625 0.855151045701007 0.010546875 0.018590240123934933
0 0.035546875 0.3934934159566228 0.009375 0.012393493415956624
0 0.43984375 0.9124709527498064 0.009375 0.020139426800929512
0 0.1583984375 0.9794732765298219 0.010546875 0.013168086754453912
0 0.5908203125 0.2029434546862897 0.009765625 0.017041053446940357
0 0.5951171875 0.9643687064291248 0.006640625 0.017041053446940357
0 0.7435546875 0.9725019364833463 0.006640625 0.020914020139426802
0 0.521484375 0.1812548412083656 0.009375 0.017041053446940357
0 0.837890625 0.14252517428350117 0.009375 0.021688613477924088
0 0.55525390625 0.3484508133230054 0.0066015625 0.02764523625096824
0 0.133984375 0.7118512780790085 0.0125 0.018590240123934933
0 0.4044921875 0.5662277304415182 0.008984375 0.017041053446940357
0 0.98289453125 0.5815956622773044 0.0051953125 0.026096049573973663
0 0.758984375 0.9612083656080558 0.00703125 0.024670797831138652
0 0.437109375 0.8334624322230829 0.00625 0.017041053446940357
0 0.3884765625 0.7773044151820294 0.007421875 0.017815646785437646
0 0.4130859375 0.8896204492641363 0.008984375 0.016266460108443067
0 0.841015625 0.7292796281951975 0.009375 0.019364833462432222
0 0.678125 0.7602633617350891 0.0078125 0.016266460108443067
0 0.04230078125 0.4835553834237025 0.008367187500000001 0.023663826491092176
0 0.79453125 0.6219984508133231 0.009375 0.018590240123934933
0 0.0818359375 0.20836560805577073 0.007421875 0.017041053446940357
0 0.8029296875 0.7823392718822618 0.005859375 0.017041053446940357
0 0.398828125 0.6859024012393493 0.0125 0.013168086754453912
0 0.9639296875 0.2357397366382649 0.00703125 0.015491866769945779
0 0.9732421875 0.2281177381874516 0.007421875 0.020914020139426802
0 0.2841796875 0.7246320681642138 0.008203125 0.020914020139426802
0 0.916015625 0.8927188226181255 0.00703125 0.020914020139426802
0 0.8748046875 0.6719597211463981 0.008203125 0.017815646785437646
0 0.2611328125 0.9198295894655306 0.006640625 0.017815646785437646
0 0.33515625 0.29589465530596437 0.0078125 0.018590240123934933
0 0.0458984375 0.9829589465530596 0.009765625 0.021688613477924088
0 0.56611328125 0.1518590240123935 0.0107421875 0.02951200619674671
0 0.9606875 0.6672889233152595 0.00965234375 0.02861347792408985
0 0.046484375 0.7443841982958946 0.0078125 0.020139426800929512
0 0.515234375 0.7250193648334624 0.00703125 0.012393493415956624
0 0.013921875 0.17246320681642138 0.00808984375 0.02378001549186677
0 0.077734375 0.685127807900852 0.0078125 0.013168086754453912
0 0.3435 0.11276529821843533 0.00887109375 0.023896204492641366
0 0.6482421875 0.18009295120061966 0.006640625 0.017815646785437646
0 0.441796875 0.566274206041828 0.00625 0.024879938032532918
0 0.28898046875 0.22196746707978313 0.0087578125 0.022556158017041056
0 0.540625 0.9895429899302866 0.00859375 0.013168086754453912
0 0.7875 0.6250968241673122 0.0078125 0.024786986831913247
0 0.538671875 0.054221533694810226 0.0078125 0.021688613477924088
0 0.208203125 0.8276529821843532 0.00703125 0.017815646785437646
0 0.143359375 0.9384198295894656 0.01171875 0.01471727343144849
0 0.1310546875 0.993415956622773 0.008984375 0.011618900077459334
0 0.1994140625 0.7986057319907048 0.009765625 0.013942680092951201
0 0.516015625 0.20681642137877615 0.00859375 0.021688613477924088
0 0.3654296875 0.5565453137103021 0.008203125 0.020914020139426802
0 0.1064453125 0.5793958171959721 0.007421875 0.017041053446940357
0 0.55703125 0.9666924864446166 0.01015625 0.021688613477924088
0 0.99453125 0.08326878388845856 0.00859375 0.020914020139426802
0 0.442578125 0.7292796281951975 0.00703125 0.020914020139426802
0 0.109375 0.9616576297443842 0.00703125 0.020914020139426802
0 0.6640625 0.07474825716498838 0.0078125 0.019364833462432222
0 0.6896484375 0.8206816421378776 0.010546875 0.019364833462432222
0 0.617578125 0.6595662277304415 0.00625 0.017815646785437646
0 0.2142578125 0.8965917893106119 0.006640625 0.019364833462432222
0 0.29595703125 0.7823237800154919 0.009359375 0.011254841208365608
0 0.3107421875 0.7618125484120837 0.008203125 0.01471727343144849
0 0.987890625 0.0801704105344694 0.01328125 0.013168086754453912
0 0.5130312499999999 0.8051278079008521 0.00808984375 0.02699457784663052
0 0.4419921875 0.3338497288923315 0.008203125 0.017041053446940357
0 0.8890625 0.37064291247095277 0.0078125 0.019364833462432222
0 0.09250390625 0.4644771494965143 0.009222656249999999 0.01914020139426801
0 0.579296875 0.9740511231603408 0.009375 0.020914020139426802
0 0.6017578125 0.9206041828040279 0.007421875 0.022463206816421378
0 0.51640625 0.29821843532145625 0.009375 0.030983733539891558
0 0.440234375 0.1700232378001549 0.01015625 0.013168086754453912
0 0.30584375 0.8008133230054221 0.00571875 0.017304415182029433
0 0.309765625 0.7927962819519753 0.00625 0.01471727343144849
0 0.0052734375 0.3450813323005422 0.010546875 0.013168086754453912
0 0.792578125 0.6374903175832688 0.0078125 0.015491866769945779
0 0.7546445312500001 0.3725329202168861 0.0141484375 0.027792408985282728
0 0.0712890625 0.23392718822618125 0.007421875 0.020139426800929512
0 0.4119140625 0.10302091402013942 0.007421875 0.017041053446940357
0 0.1572265625 0.12935708752904726 0.006640625 0.017041053446940357
0 0.91796875 0.4907048799380325 0.0078125 0.017815646785437646
0 0.2408203125 0.9732765298218435 0.005859375 0.016266460108443067
0 0.9689453125 0.5383423702556158 0.006640625 0.018590240123934933
0 0.35653125 0.5293183578621224 0.010374999999999999 0.014484895429899303
0 0.45791015625 0.3592176607281177 0.00590234375 0.023625096824167312
0 0.81769921875 0.6665143299767622 0.00883203125 0.025515104570100696
0 0.93828125 0.8249419054996127 0.00703125 0.010844306738962044
0 0.3134765625 0.060418280402788536 0.008203125 0.021688613477924088
0 0.1943359375 0.8094500387296669 0.008203125 0.013942680092951201
0 0.80828125 0.6126258714175058 0.00640625 0.02772269558481797
0 0.90171875 0.9660960495739737 0.008203125 0.021688613477924088
0 0.57578125 0.8214562354763749 0.00625 0.017815646785437646
0 0.84453125 0.38187451587916343 0.01171875 0.013942680092951201
0 0.5736328125 0.5534469403563129 0.007421875 0.022463206816421378
0 0.6873046875 0.71998450813323 0.007421875 0.019364833462432222
0 0.13289062499999998 0.5875290472501936 0.0050859375 0.02541440743609605
0 0.1442578125 0.5695274980635167 0.00905078125 0.011750580945003872
0 0.2838671875 0.770588690937258 0.013511718750000002 0.010441518202943456
0 0.2732109375 0.5003872966692486 0.0064609375 0.022323780015491866
0 0.37230859375 0.43063516653756784 0.00721875 0.025724244771494965
0 0.5745703125 0.8071959721146398 0.004859375 0.02263361735089078
0 0.9547226562500001 0.9127265685515104 0.00959375 0.013044151820294345
0 0.8083476562499999 0.12478698683191324 0.0069804687500000006 0.018412083656080557
0 0.76951171875 0.07657629744384198 0.01066796875 0.029233152594887686
0 0.7765859374999999 0.0902013942680093 0.00876171875 0.01474825716498838
0 0.67073046875 0.932013942680093 0.0059921875 0.024337722695584818
0 0.5954570312499999 0.743725793958172 0.0076875 0.030255615801704105
0 0.26378124999999997 0.0644306738962045 0.008261718749999999 0.02383423702556158
0 0.2518359375 0.024879938032532918 0.01515234375 0.023121611154144076
0 0.3131953125 0.1680247869868319 0.0072578124999999995 0.03226955848179705
0 0.29960546875 0.2270565453137103 0.00791796875 0.023423702556158017
0 0.522203125 0.7850658404337723 0.015953125000000002 0.020627420604182805
0 0.898421875 0.951177381874516 0.007472656249999999 0.019721146398140977
0 0.0964296875 0.11192099147947328 0.0071953125 0.024570100697134004
0 0.153515625 0.16189000774593337 0.01171875 0.02943454686289698
0 0.240625 0.011618900077459334 0.0109375 0.023237800154918668
0 0.207421875 0.3687064291247095 0.00859375 0.018590240123934933
0 0.76953125 0.14175058094500387 0.00625 0.032532920216886134
0 0.923828125 0.4817970565453137 0.01015625 0.018590240123934933
0 0.97578125 0.4748257164988381 0.0078125 0.010844306738962044