0 0.5948203125 0.6358404337722695 0.0121796875 0.0207436096049574
0 0.5654375 0.8433462432223083 0.005156249999999999 0.02332300542215337
0 0.8329531250000001 0.4869326103795507 0.00603125 0.017676219984508135
0 0.82828515625 0.4727962819519752 0.0074453125 0.015189775367931835
0 0.56098046875 0.8307900852052672 0.011410156250000001 0.013137103020914021
0 0.5701484375 0.7953834237025561 0.0096171875 0.012889233152594888
0 0.6037265625 0.7923237800154919 0.0077304687499999995 0.021037955073586367
0 0.19834765625 0.4001471727343145 0.00803515625 0.023501161890007744
0 0.2215859375 0.38688613477924094 0.0067109375 0.020681642137877612
0 0.2197421875 0.3704182804027885 0.00608984375 0.021657629744384198
0 0.18875 0.39584817970565456 0.00971875 0.012246320681642138
0 0.22275781249999999 0.4300852052672347 0.00798046875 0.01666924864446166
0 0.2727734375 0.5046088303640589 0.00664453125 0.01769945778466305
0 0.29891796875 0.5014794732765298 0.01034375 0.013199070487993802
0 0.29908984375 0.4810379550735864 0.00876171875 0.009101471727343146
0 0.389203125 0.43646010844306743 0.01296484375 0.01249419054996127
0 0.429375 0.38216886134779243 0.009699218749999999 0.019589465530596435
0 0.43518359375 0.4608752904725019 0.008171875 0.02083656080557707
0 0.40800000000000003 0.609171185127808 0.011664062499999999 0.01418280402788536
0 0.40358984375 0.6047482571649884 0.0058007812499999995 0.02324554608830364
0 0.43071093749999995 0.5991247095274981 0.00559375 0.02163439194422928
0 0.45251562500000003 0.6015182029434546 0.0073671875 0.022563903950426026
0 0.1751015625 0.5233075135553834 0.009644531250000001 0.0117428350116189
0 0.3334609375 0.5050813323005422 0.00918359375 0.016762199845081333
0 0.331171875 0.477428350116189 0.00871484375 0.01345468628969791
0 0.26926953125 0.6409295120061967 0.0064453125 0.022347017815646786
0 0.49098828125000005 0.5516886134779241 0.00750390625 0.019302865995352442
0 0.5058906249999999 0.6245158791634392 0.01083984375 0.01657629744384198
0 0.47213671875 0.6306584043377227 0.0106328125 0.011440743609604957
0 0.38444921875000004 0.5944461657629744 0.007347656249999999 0.023841982958946555
0 0.3236171875 0.7425793958171959 0.010136718749999999 0.015499612703330752
0 0.34900000000000003 0.7475832687838885 0.00548046875 0.025507358636715723
0 0.2623125 0.771711851278079 0.011 0.010131680867544538
0 0.26471484375 0.7816189000774594 0.004609375000000001 0.0182571649883811
0 0.3605390625 0.8940898528272657 0.01123828125 0.019783113865220758
0 0.37357421875 0.8689542989930286 0.00858203125 0.02078233927188226
0 0.38748828125 0.8722927962819521 0.00842578125 0.015135553834237024
0 0.39979296875000003 0.8718745158791634 0.009222656249999999 0.026963594113090628
0 0.40358203125000003 0.842254066615027 0.01158203125 0.016266460108443067
0 0.35055468749999996 0.8918590240123936 0.00850390625 0.01721146398140976
0 0.29123828125 0.9912470952749807 0.011484375 0.010914020139426802
0 0.288265625 0.9622850503485669 0.008203125 0.022757552285050348
0 0.403796875 0.7509682416731216 0.0077421875 0.020263361735089077
0 0.3866640625 0.9444694035631294 0.00794921875 0.02179705654531371
0 0.41223046874999997 0.9619519752130132 0.01003125 0.014988381099922541
0 0.5614453125 0.956839659178931 0.00535546875 0.02381099922540666
0 0.58991796875 0.9366924864446166 0.010136718749999999 0.01482571649883811
0 0.64518359375 0.8583346243222307 0.009585937499999999 0.016692486444616576
0 0.5440625 0.7605344694035632 0.009609375 0.010975987606506584
0 0.57908984375 0.5843454686289697 0.009796875 0.019876065065840436
0 0.43776171875000003 0.9397598760650658 0.0058007812499999995 0.019961270333075137
0 0.43848046875 0.9910999225406661 0.00719921875 0.017792408985282726
0 0.661359375 0.5694965143299768 0.009875 0.015778466305189778
0 0.66796484375 0.6602556158017041 0.00943359375 0.018675445391169637
0 0.49262109374999996 0.7160340821068939 0.00535546875 0.022556158017041056
0 0.5970117187499999 0.49929512006196747 0.007300781250000001 0.018218435321456235
0 0.18819921875 0.8390162664601085 0.0132109375 0.01027110766847405
0 0.18460546875 0.7991789310611929 0.004828125 0.01557707203718048
0 0.19101953124999999 0.7961580170410534 0.00544140625 0.021386522075910148
0 0.40600781250000006 0.15323780015491867 0.0054531250000000005 0.024895429899302865
0 0.46651171874999997 0.2816034082106894 0.00990234375 0.014159566227730442
0 0.47703125 0.28326103795507357 0.0053124999999999995 0.026692486444616578
0 0.830078125 0.480007745933385 0.0116953125 0.03136328427575523
0 0.45703125 0.6467854376452362 0.0091484375 0.021618900077459334
0 0.74267578125 0.614833462432223 0.0090390625 0.02063516653756778
0 0.7587890625 0.9609837335398916 0.0080703125 0.02429124709527498
0 0.71826171875 0.8525406661502712 0.008796875 0.0143996901626646
0 0.6796875 0.6593725793958172 0.01151171875 0.012347017815646785
0 0.53515625 0.8878776142525174 0.00918359375 0.023733539891556934
0 0.6904296875 0.5848179705654531 0.00708984375 0.016127033307513555
0 0.6083984375 0.8506041828040279 0.0060625 0.022130131680867544
0 0.564 0.21078233927188225 0.00732421875 0.026498838109992255
0 0.5927734375 0.16278853601859022 0.01225 0.019767621998450814
0 0.712390625 0.7974980635166538 0.00602734375 0.02305189775367932
0 0.73486328125 0.7692718822618125 0.00886328125 0.024670797831138652
0 0.91015625 0.6598605731990704 0.01103125 0.011556932610379551
0 0.254640625 0.5378621223857475 0.0117421875 0.013152594887683966
0 0.51953125 0.5025174283501161 0.0107734375 0.014570100697134004
0 0.84033203125 0.6109604957397367 0.010046875 0.021115414407436098
0 0.78955078125 0.5649728892331526 0.00712109375 0.027397366382649106
0 0.552875 0.24087529047250195 0.006812500000000001 0.022819519752130132
0 0.55626953125 0.2109140201394268 0.0081328125 0.021549186676994576
0 0.58544921875 0.2137412858249419 0.01048046875 0.019845081332300542
0 0.23974609375 0.6191944229279628 0.0084921875 0.014120836560805577
0 0.724609375 0.9440356312935708 0.00562109375 0.025747482571649886
0 0.83203125 0.22136328427575522 0.00886328125 0.021541440743609603
0 0.9208984375 0.7755615801704105 0.00598828125 0.019302865995352442
0 0.748046875 0.48388071262587146 0.0070390625 0.03235476374903176
0 0.569484375 0.9890704879938034 0.00599609375 0.020224632068164213
0 0.58740234375 0.9832532920216887 0.007851562500000001 0.025654531371030208
0 0.6943359375 0.48484895429899305 0.01339453125 0.013152594887683966
0 0.97802734375 0.46354763749031763 0.0132890625 0.013787761425251743
0 0.11260937499999998 0.6182261812548412 0.00769921875 0.017792408985282726
0 0.755859375 0.17053446940356312 0.00962890625 0.013524399690162666
0 0.2907734375 0.8568938807126258 0.006765625 0.02506584043377227
0 0.86669921875 0.5436715724244772 0.0117421875 0.018938807126258714
0 0.76806640625 0.0707436096049574 0.0117421875 0.015034856700232378
0 0.7374609375000001 0.24194422927962822 0.00522265625 0.01731990704879938
0 0.7224296875 0.23215336948102244 0.0058046875 0.021053446940356314
0 0.74169921875 0.21640588690937257 0.01124609375 0.02203718048024787
0 0.1988515625 0.9004647560030984 0.009 0.0212858249419055
0 0.10376171875 0.9169248644461657 0.00929296875 0.024585592563903948
0 0.8759765625 0.505422153369481 0.00608203125 0.0269713400464756
0 0.9228515625 0.0675987606506584 0.00918359375 0.02024012393493416
0 0.9013671875 0.5848179705654531 0.01344921875 0.01206041828040279
0 0.8828125 0.9493648334624323 0.0059414062500000005 0.026258714175058092
0 0.28544140625000003 0.3252517428350116 0.00520703125 0.01740511231603408
0 0.2985859375 0.32678543764523627 0.0058046875 0.025654531371030208
0 0.134765625 0.3035476374903176 0.00708984375 0.02506584043377227
0 0.23243359375 0.1363361735089078 0.0079453125 0.0238574748257165
0 0.23403125 0.08175832687838884 0.01226953125 0.015321456235476375
0 0.38433984374999997 0.12746707978311386 0.0107265625 0.015073586367157244
0 0.11573046875 0.8095042602633616 0.00646484375 0.023733539891556934
0 0.13202734375 0.8124786986831913 0.00490625 0.01597986057319907
0 0.15878125 0.8261967467079783 0.004730468749999999 0.0208288148721921
0 0.16343359375 0.8313168086754454 0.00356640625 0.01597986057319907
0 0.01075 0.036049573973663825 0.0056015625 0.015065840433772269
0 0.016242187499999998 0.027970565453137104 0.00783984375 0.01024012393493416
0 0.0460390625 0.04006971340046475 0.00694921875 0.021704105344694035
0 0.0027265625000000003 0.197141750580945 0.0052578125 0.024461657629744383
0 0.13446484375 0.22916343919442295 0.0046328125 0.023384972889233153
0 0.16754296875000002 0.1316266460108443 0.00512109375 0.02223082881487219
0 0.18619531250000002 0.21035631293570875 0.00959375 0.012718822618125486
0 0.16940625 0.2723625096824167 0.00456640625 0.017784663051897753
0 0.2808984375 0.0789697908597986 0.012171875 0.0121146398140976
0 0.24176562499999998 0.05598760650658404 0.00581640625 0.022401239349341597
0 0.19150781249999999 0.289132455460883 0.00523046875 0.024438419829589466
0 0.1943125 0.2560340821068939 0.007640625 0.01343144848954299
0 0.2861875 0.12338497288923314 0.00900390625 0.01429124709527498
0 0.03519921875 0.40461657629744385 0.012761718750000001 0.017606506584043377
0 0.052386718750000005 0.37680867544539115 0.00536328125 0.022850503485670023
0 0.0370390625 0.9884972889233153 0.0075 0.020495739736638267
0 0.21683984375 0.9663129357087529 0.0064843750000000006 0.01973663826491092
0 0.22264843750000002 0.966003098373354 0.00672265625 0.017420604182804028
0 0.1857578125 0.5186289697908598 0.007292968750000001 0.010689388071262587
0 0.21453125 0.28241673121611155 0.008453125 0.018079008520526723
0 0.3306328125 0.19799380325329202 0.00447265625 0.015127807900852053
0 0.33273437499999997 0.170859798605732 0.00520703125 0.018590240123934933
0 0.3274921875 0.24198295894655303 0.00616796875 0.022192099147947328
0 0.40718750000000004 0.11189775367931837 0.00902734375 0.01249419054996127
0 0.4106484375 0.22584817970565452 0.006859374999999999 0.018590240123934933
0 0.38792578125 0.29484120836560807 0.0147578125 0.011781564678543766
0 0.43340234375 0.277730441518203 0.00578125 0.021859024012393494
0 0.4669140625 0.13466305189775368 0.006453125 0.018388845855925637
0 0.511984375 0.29158791634391945 0.013632812499999999 0.010937257939581719
0 0.52312890625 0.2883191324554609 0.00985546875 0.009070487993803254
0 0.5279843750000001 0.2947250193648335 0.00991015625 0.011084430673896205
0 0.5367578125 0.28971340046475597 0.0053359375 0.018884585592563903
0 0.56366015625 0.07870642912470953 0.007062499999999999 0.021169635941130905
0 0.662984375 0.16800154918667698 0.01098046875 0.010464756003098373
0 0.60282421875 0.2120526723470178 0.00806640625 0.01890007745933385
0 0.61391015625 0.20776142525174285 0.0072265625 0.016584043377226954
0 0.62264453125 0.2668319132455461 0.005984375 0.022664601084430674
0 0.5560390625 0.34029434546862897 0.0090859375 0.013206816421378777
0 0.537109375 0.11460883036405888 0.00622265625 0.01230828814872192
0 0.5720078125 0.02955073586367157 0.005703125 0.01664601084430674
0 0.6619335937499999 0.054353214562354764 0.006734374999999999 0.01845081332300542
0 0.546859375 0.2641440743609605 0.0099921875 0.011254841208365608
0 0.67794140625 0.36213013168086755 0.005921875 0.023230054221533694
0 0.66627734375 0.45202168861347786 0.0075703125 0.021835786212238577
0 0.67203515625 0.41529821843532144 0.009804687500000001 0.009248644461657629
0 0.47778124999999994 0.400573199070488 0.00534765625 0.018752904725019365
0 0.46488671875 0.43530596436870644 0.00522265625 0.017490317583268782
0 0.65859375 0.4954066615027111 0.0091796875 0.012718822618125486
0 0.6099921875 0.3733462432223083 0.01277734375 0.013106119287374129
0 0.546109375 0.39452362509682415 0.00619921875 0.019024012393493415
0 0.58658984375 0.5795894655305964 0.0054765625 0.010364058869093726
0 0.5261875 0.7136096049573973 0.0121953125 0.00957397366382649
0 0.52672265625 0.7059333849728893 0.011125 0.012347017815646785
0 0.539640625 0.800557707203718 0.0069765625 0.018272656855151045
0 0.49693750000000003 0.7321456235476376 0.007046874999999999 0.018048024786986833
0 0.6520976562499999 0.802594887683966 0.0041953125 0.018102246320681643
0 0.6324453125 0.9136948102246321 0.00700390625 0.01101471727343145
0 0.4739140625 0.9807436096049574 0.010433593750000001 0.010650658404337723
0 0.32253515625 0.8881099922540666 0.00855078125 0.01257939581719597
0 0.374375 0.7481719597211464 0.0090703125 0.015422153369481023
0 0.27038281249999996 0.8912548412083655 0.01078515625 0.014678543764523624
0 0.1912421875 0.7588381099922541 0.01112109375 0.011270333075135554
0 0.15677734375000002 0.7496824167312162 0.0089453125 0.009566227730441518
0 0.18226171875 0.9540975987606507 0.00494921875 0.016560805577072037
0 0.167828125 0.8259953524399689 0.00503125 0.010325329202168861
0 0.34939453125000003 0.6569713400464756 0.00608203125 0.01571649883810999
0 0.22778125 0.23844306738962043 0.0103515625 0.012912470952749808
0 0.41698828125 0.34062742060418283 0.0083125 0.018156467854376454
0 0.71141015625 0.2782571649883811 0.00789453125 0.023741285824941904
0 0.559734375 0.12838109992254068 0.0081640625 0.020038729666924864
0 0.52906640625 0.08976762199845081 0.007000000000000001 0.018729666924864444
0 0.4927734375 0.10262587141750582 0.0075078125 0.012029434546862897
0 0.6083671875000001 0.03726568551510457 0.01071875 0.011270333075135554
0 0.608875 0.015623547637490319 0.0084921875 0.021123160340821068
0 0.87701953125 0.2464601084430674 0.008875 0.014252517428350115
0 0.8974492187499999 0.2210302091402014 0.00832421875 0.014972889233152594
0 0.9017460937499999 0.19812548412083655 0.00635546875 0.019016266460108445
0 0.9035429687500001 0.1749109217660728 0.00877734375 0.01648334624322231
0 0.9154960937500001 0.04846630518977537 0.0119375 0.011549186676994578
0 0.9883398437500001 0.2826568551510457 0.01065234375 0.018249419054996125
0 0.9958046875000001 0.2998760650658404 0.0060859375 0.017381874515879164
0 0.86023046875 0.2293415956622773 0.0069609375 0.018652207591014717
0 0.8395976562499999 0.30012393493415956 0.007914062500000001 0.013694810224632068
0 0.8495742187499999 0.26957397366382646 0.0108203125 0.012184353214562356
0 0.8734921874999999 0.2845855925639039 0.00750390625 0.013206816421378777
0 0.9342578125 0.3830518977536793 0.0111171875 0.013764523625096824
0 0.9196484375 0.43449264136328425 0.00724609375 0.013539891556932611
0 0.9104140624999999 0.4824089852827265 0.00946875 0.014391944229279627
0 0.8982187500000001 0.5383501161890007 0.007531250000000001 0.012687838884585592
0 0.92217578125 0.5054841208365608 0.0088125 0.020759101471727343
0 0.69077734375 0.2268783888458559 0.013148437499999999 0.013369481022463207
0 0.8162421875 0.30951975213013166 0.007097656250000001 0.012811773818745159
0 0.8204804687499999 0.31529821843532146 0.0070390625 0.010689388071262587
0 0.823609375 0.3206119287374129 0.006796874999999999 0.01295120061967467
0 0.82948828125 0.31993803253292025 0.0049609375 0.022347017815646786
0 0.8164453125 0.29422927962819523 0.00789453125 0.009961270333075135
0 0.77271875 0.3792641363284276 0.00569921875 0.01418280402788536
0 0.77779296875 0.35887683965917894 0.006253906250000001 0.029806351665375676
0 0.7893945312499999 0.36835011618900076 0.00659765625 0.018907823392718823
0 0.7544921875 0.3700309837335399 0.009664062499999999 0.019512006196746708
0 0.7730117187500001 0.3450348567002324 0.00751953125 0.01340821068938807
0 0.82490234375 0.05962819519752131 0.0090234375 0.021456235476374902
0 0.8219843750000001 0.037846630518977534 0.007640625 0.01726568551510457
0 0.7013671875 0.03886134779240899 0.0100234375 0.00927188226181255
0 0.71086328125 0.04196746707978311 0.00595703125 0.024399690162664602
0 0.76273046875 0.321719597211464 0.00521484375 0.018249419054996125
0 0.740984375 0.3122075910147173 0.0059921875 0.019372579395817196
0 0.8382421875 0.43277304415182033 0.00520703125 0.018164213787761424
0 0.7903515624999999 0.6503330751355538 0.012546874999999999 0.01656855151045701
0 0.72863671875 0.7234546862896979 0.012628906249999999 0.012687838884585592
0 0.7239375 0.7053524399690163 0.005187499999999999 0.02350890782339272
0 0.7400234375 0.7091866769945778 0.008515625 0.012261812548412084
0 0.98351171875 0.6224244771494964 0.0058671875 0.01747482571649884
0 0.9376484375 0.5483888458559256 0.0091484375 0.013950426026336175
0 0.93256640625 0.48655305964368706 0.0054765625 0.019450038729666923
0 0.93755078125 0.5160650658404338 0.008140625 0.018907823392718823
0 0.9906171875 0.5975058094500387 0.00609375 0.018373353989155693
0 0.80402734375 0.7232068164213787 0.01061328125 0.0134856700232378
0 0.920796875 0.7283733539891557 0.0058007812499999995 0.0246862896979086
0 0.957265625 0.7918435321456235 0.007421875 0.014082106893880713
0 0.9745078125 0.7389775367931836 0.00478515625 0.020712625871417506
0 0.9870859375000001 0.13170410534469404 0.007515625 0.015166537567776917
0 0.88561328125 0.1929434546862897 0.01016796875 0.009295120061967466
0 0.91164453125 0.5964988381099923 0.00512109375 0.01739736638264911
0 0.8517460937499999 0.709992254066615 0.011601562499999999 0.012850503485670023
0 0.8929921875 0.8038187451587917 0.007160156249999999 0.015243996901626646
0 0.903125 0.8126413632842757 0.007117187499999999 0.02185127807900852
0 0.89346875 0.9372269558481797 0.00526953125 0.01750580945003873
0 0.90725390625 0.9264446165762974 0.00966796875 0.016676994577846632
0 0.98920703125 0.848869093725794 0.00985546875 0.019783113865220758
0 0.8523945312500001 0.11281951975213014 0.00655078125 0.017993803253292022
0 0.748796875 0.24979860573199072 0.0058320312499999995 0.017924089852827268
0 0.7510078124999999 0.7975600309837336 0.00526171875 0.01656855151045701
0 0.09055859375 0.2239116963594113 0.01234375 0.02579395817195972
0 0.04260546875 0.18580945003872967 0.00629296875 0.02721146398140976
0 0.08144140625 0.01517428350116189 0.01639453125 0.019938032532920216
0 0.06964843750000001 0.011758326878388846 0.0096953125 0.02350890782339272
0 0.2671875 0.17893106119287375 0.009375 0.020139426800929512
0 0.4671875 0.2927962819519752 0.009375 0.012393493415956624
0 0.488671875 0.6684740511231604 0.01171875 0.017041053446940357
0 0.41640625 0.7567776917118513 0.009375 0.013942680092951201
0 0.378515625 0.7110766847405112 0.01171875 0.018590240123934933
0 0.6703125 0.17893106119287375 0.0078125 0.023237800154918668
0 0.808203125 0.713400464756003 0.01484375 0.017041053446940357
0 0.994921875 0.7250193648334624 0.01015625 0.018590240123934933
0 0.925 0.2641363284275755 0.0109375 0.032532920216886134
0 0.975390625 0.22850503485670023 0.01953125 0.020139426800929512