0 0.06325 0.5408888888888889 0.01475 0.018222222222222223
0 0.864 0.9573333333333334 0.01175 0.016888888888888887
0 0.1735 0.07066666666666667 0.0115 0.017777777777777778
0 0.88625 0.7688888888888888 0.01725 0.012888888888888889
0 0.913 0.9666666666666667 0.0155 0.016888888888888887
0 0.3965 0.28755555555555556 0.0135 0.016444444444444446
0 0.9575 0.4693333333333333 0.01175 0.017777777777777778
0 0.05775 0.6395555555555555 0.01325 0.021777777777777778
0 0.223 0.8671111111111112 0.01475 0.017333333333333333
0 0.9585 0.04622222222222222 0.014 0.016444444444444446
0 0.4245 0.7346666666666667 0.018 0.016888888888888887
0 0.64125 0.14533333333333334 0.01125 0.016888888888888887
0 0.71075 0.5568888888888889 0.01325 0.018222222222222223
0 0.01625 0.31066666666666665 0.01575 0.015555555555555555
0 0.884 0.12266666666666666 0.014 0.016888888888888887
0 0.732 0.021333333333333333 0.015 0.016
0 0.67975 0.1302222222222222 0.0155 0.017777777777777778
0 0.926 0.6311111111111111 0.01525 0.018666666666666668
0 0.26575 0.04711111111111111 0.0105 0.021777777777777778
0 0.59925 0.058222222222222224 0.01775 0.015555555555555555
0 0.93525 0.7786666666666666 0.015 0.019555555555555555
0 0.45725 0.5924444444444444 0.01625 0.01911111111111111
0 0.45525 0.468 0.01075 0.021333333333333333
0 0.798 0.2564444444444444 0.01275 0.02
0 0.42425 0.042666666666666665 0.01425 0.019555555555555555
0 0.92925 0.21466666666666667 0.0115 0.021333333333333333
0 0.93525 0.5666666666666667 0.0105 0.021333333333333333
0 0.07525 0.6871111111111111 0.0155 0.018222222222222223
0 0.64775 0.4862222222222222 0.0155 0.013777777777777778
0 0.22525 0.46444444444444444 0.009 0.017777777777777778
0 0.5095 0.07333333333333333 0.011 0.022222222222222223
0 0.84875 0.25244444444444447 0.0085 0.021777777777777778
0 0.7955 0.6617777777777778 0.01325 0.018666666666666668
0 0.384 0.42133333333333334 0.0095 0.019555555555555555
0 0.28725 0.7431111111111111 0.0105 0.021333333333333333
0 0.5255 0.16533333333333333 0.0135 0.016
0 0.76225 0.16133333333333333 0.0165 0.013333333333333334
0 0.19175 0.006222222222222222 0.01525 0.012444444444444444
0 0.7205 0.5395555555555556 0.01275 0.016
0 0.25775 0.9853333333333333 0.01825 0.017333333333333333
0 0.8755 0.18355555555555556 0.012 0.014666666666666666
0 0.244 0.6853333333333333 0.0165 0.016888888888888887
0 0.369 0.5391111111111111 0.011 0.021777777777777778
0 0.35625 0.7613333333333333 0.0105 0.02
0 0.3205 0.264 0.0085 0.020888888888888887
0 0.455 0.8857777777777778 0.0145 0.020444444444444446
0 0.89675 0.7031111111111111 0.0115 0.015555555555555555
0 0.7035 0.04933333333333333 0.01325 0.018222222222222223
0 0.3705 0.2048888888888889 0.01675 0.016
0 0.12975 0.16133333333333333 0.0145 0.020444444444444446
0 0.95775 0.4093333333333333 0.00875 0.018666666666666668
0 0.7825 0.484 0.0155 0.013333333333333334
0 0.19 0.4235555555555556 0.01425 0.016444444444444446
0 0.47125 0.6733333333333333 0.014 0.021333333333333333
0 0.8355 0.8115555555555556 0.01375 0.014666666666666666
0 0.01875 0.050222222222222224 0.0095 0.022222222222222223
0 0.51125 0.856 0.018 0.020888888888888887
0 0.2235 0.9466666666666667 0.01425 0.02
0 0.29525 0.8484444444444444 0.011 0.022222222222222223
0 0.344 0.05644444444444444 0.014 0.016888888888888887
0 0.644 0.6311111111111111 0.0085 0.017333333333333333
0 0.43775 0.11244444444444444 0.0125 0.023555555555555555
0 0.7835 0.8177777777777778 0.0105 0.022222222222222223
0 0.44875 0.4071111111111111 0.0125 0.019555555555555555
0 0.72025 0.43733333333333335 0.0135 0.02
0 0.381 0.09822222222222222 0.013 0.015555555555555555
0 0.53875 0.4066666666666667 0.0125 0.015111111111111112
0 0.6335 0.992 0.015 0.015555555555555555
0 0.7495 0.14844444444444443 0.015 0.015111111111111112
0 0.2575 0.39555555555555555 0.0175 0.017777777777777778
0 0.04875 0.03777777777777778 0.0105 0.028
0 0.54975 0.4408888888888889 0.01125 0.02
0 0.53525 0.8106666666666666 0.016 0.015111111111111112
0 0.70075 0.4693333333333333 0.00925 0.019555555555555555
0 0.98425 0.7377777777777778 0.012 0.015555555555555555
0 0.2345 0.3244444444444444 0.0165 0.017777777777777778
0 0.9155 0.07377777777777778 0.00875 0.020444444444444446
0 0.3535 0.6022222222222222 0.01175 0.02311111111111111
0 0.2905 0.26755555555555555 0.01725 0.019555555555555555
0 0.323 0.7155555555555555 0.01 0.021777777777777778
0 0.957 0.10711111111111112 0.01075 0.02311111111111111
0 0.486 0.43644444444444447 0.01325 0.016888888888888887
0 0.68525 0.9626666666666667 0.0115 0.027555555555555555
0 0.29775 0.8084444444444444 0.01625 0.015555555555555555
0 0.753 0.5791111111111111 0.01525 0.02266666666666667
0 0.67925 0.7488888888888889 0.0095 0.025777777777777778
0 0.741 0.3635555555555556 0.0095 0.024444444444444446
0 0.1505 0.08488888888888889 0.01025 0.018666666666666668
0 0.38025 0.8248888888888889 0.011 0.022222222222222223
0 0.7745 0.9524444444444444 0.014 0.016888888888888887
0 0.93025 0.3128888888888889 0.00975 0.02266666666666667
0 0.88175 0.5782222222222222 0.00825 0.020444444444444446
0 0.59875 0.22133333333333333 0.01175 0.02
0 0.05175 0.1608888888888889 0.017 0.018222222222222223
0 0.18925 0.9568888888888889 0.013 0.020888888888888887
0 0.92775 0.6013333333333334 0.0185 0.015111111111111112
0 0.57625 0.5244444444444445 0.00825 0.020888888888888887
0 0.865 0.9053333333333333 0.01125 0.02
0 0.29325 0.010222222222222223 0.0095 0.020444444444444446
0 0.80225 0.7231111111111111 0.009 0.02266666666666667
0 0.302 0.9804444444444445 0.01675 0.022222222222222223
0 0.84825 0.11911111111111111 0.00975 0.02311111111111111
0 0.427 0.9586666666666667 0.01 0.019555555555555555
0 0.48775 0.11688888888888889 0.01075 0.012888888888888889
0 0.59 0.5782222222222222 0.014 0.015111111111111112
0 0.90175 0.9004444444444445 0.0105 0.02266666666666667
0 0.921 0.3831111111111111 0.0095 0.020888888888888887
0 0.6115 0.7311111111111112 0.0145 0.021333333333333333
0 0.54375 0.3595555555555556 0.009 0.02311111111111111
0 0.57975 0.644 0.009 0.028
0 0.633 0.816 0.00825 0.028888888888888888
0 0.80975 0.176 0.00825 0.019555555555555555
0 0.19225 0.8924444444444445 0.01775 0.015555555555555555
0 0.03275 0.8466666666666667 0.0145 0.017333333333333333
0 0.13975 0.7284444444444444 0.00825 0.028
0 0.58575 0.94 0.01225 0.018666666666666668
0 0.1745 0.2697777777777778 0.0185 0.016444444444444446
0 0.0645 0.2511111111111111 0.0125 0.016
0 0.384 0.13466666666666666 0.01 0.017333333333333333
0 0.209 0.28044444444444444 0.0125 0.020444444444444446
0 0.08225 0.018222222222222223 0.01275 0.023555555555555555
0 0.28975 0.06 0.00825 0.027555555555555555
0 0.20425 0.584 0.014 0.02311111111111111
0 0.0445 0.027555555555555555 0.011 0.023555555555555555
0 0.364 0.6831111111111111 0.012 0.02266666666666667
0 0.63475 0.059111111111111114 0.012 0.016
0 0.13975 0.12311111111111112 0.01775 0.016444444444444446
0 0.34975 0.28444444444444444 0.0095 0.025333333333333333
0 0.11475 0.4493333333333333 0.011 0.02266666666666667
0 0.45625 0.37066666666666664 0.01275 0.013777777777777778
0 0.94425 0.7608888888888888 0.0095 0.022222222222222223
0 0.58475 0.13066666666666665 0.01125 0.022222222222222223
0 0.25475 0.6173333333333333 0.015 0.022222222222222223
0 0.10375 0.20044444444444445 0.01 0.025333333333333333
0 0.5025 0.6137777777777778 0.01375 0.013333333333333334
0 0.2355 0.2942222222222222 0.009 0.022222222222222223
0 0.31325 0.36444444444444446 0.01175 0.02266666666666667
0 0.7825 0.7351111111111112 0.01 0.024
0 0.19225 0.020444444444444446 0.01425 0.017333333333333333
0 0.90725 0.8991111111111111 0.011 0.028444444444444446
0 0.208 0.8204444444444444 0.017 0.016444444444444446
0 0.50575 0.4524444444444444 0.0095 0.021333333333333333
0 0.693 0.8364444444444444 0.0145 0.023555555555555555
0 0.66575 0.5831111111111111 0.01375 0.015555555555555555
0 0.41475 0.004888888888888889 0.0165 0.009777777777777778
0 0.04175 0.3471111111111111 0.013 0.014222222222222223
0 0.12275 0.19111111111111112 0.0115 0.021777777777777778
0 0.70425 0.9106666666666666 0.01675 0.016444444444444446
0 0.027 0.24266666666666667 0.01425 0.018222222222222223
0 0.4755 0.8133333333333334 0.01 0.028
0 0.645 0.5804444444444444 0.009 0.028444444444444446
0 0.50075 0.20355555555555555 0.01325 0.02311111111111111
0 0.77925 0.512 0.00875 0.020444444444444446
0 0.048 0.8164444444444444 0.0125 0.017333333333333333
0 0.37175 0.49733333333333335 0.0095 0.02266666666666667
0 0.19325 0.7235555555555555 0.00875 0.03155555555555556
0 0.06025 0.8813333333333333 0.00925 0.017777777777777778
0 0.88525 0.5302222222222223 0.009 0.02266666666666667
0 0.672 0.1817777777777778 0.0125 0.012444444444444444
0 0.75 0.19333333333333333 0.00975 0.02311111111111111
0 0.7595 0.3164444444444444 0.00975 0.021777777777777778
0 0.0625 0.25866666666666666 0.01325 0.020888888888888887
0 0.41775 0.248 0.00975 0.025777777777777778
0 0.78375 0.49822222222222223 0.014 0.013777777777777778
0 0.1945 0.9097777777777778 0.01575 0.015555555555555555
0 0.4985 0.12177777777777778 0.01125 0.02311111111111111
0 0.21975 0.7751111111111111 0.01825 0.017777777777777778
0 0.244 0.35333333333333333 0.00875 0.020888888888888887
0 0.90125 0.6977777777777778 0.01325 0.028444444444444446
0 0.34425 0.11777777777777777 0.0125 0.023555555555555555
0 0.536 0.12755555555555556 0.00725 0.023555555555555555
0 0.41 0.5177777777777778 0.0165 0.016
0 0.03225 0.3488888888888889 0.01275 0.015111111111111112
0 0.5405 0.144 0.01625 0.02
0 0.32425 0.8351111111111111 0.0125 0.020444444444444446
0 0.76775 0.5395555555555556 0.0105 0.027555555555555555
0 0.79025 0.5128888888888888 0.00975 0.018666666666666668
0 0.84075 0.2391111111111111 0.011 0.012
0 0.774 0.2351111111111111 0.00975 0.024888888888888887
0 0.7535 0.4182222222222222 0.01 0.02666666666666667
0 0.03575 0.6008888888888889 0.009 0.022222222222222223
0 0.5865 0.9506666666666667 0.00925 0.020888888888888887
0 0.2795 0.016444444444444446 0.01 0.021777777777777778
0 0.559 0.6937777777777778 0.013 0.02
0 0.8685 0.060444444444444446 0.0145 0.017333333333333333
0 0.35825 0.66 0.01 0.026222222222222223
0 0.30225 0.9617777777777777 0.01 0.021777777777777778
0 0.87875 0.9857777777777778 0.0105 0.02311111111111111
0 0.44925 0.38711111111111113 0.00725 0.01911111111111111
0 0.9795 0.16533333333333333 0.0105 0.016444444444444446
0 0.97825 0.19822222222222222 0.00925 0.024444444444444446
0 0.85225 0.24755555555555556 0.00825 0.021777777777777778
0 0.7835 0.2088888888888889 0.00925 0.028888888888888888
0 0.8235 0.14044444444444446 0.0105 0.024
0 0.8155 0.2853333333333333 0.0065 0.028888888888888888
0 0.7015 0.03688888888888889 0.0095 0.019555555555555555
0 0.673 0.06488888888888888 0.008 0.026222222222222223
0 0.6665 0.06933333333333333 0.007 0.020444444444444446
0 0.68 0.18755555555555556 0.008 0.02266666666666667
0 0.67725 0.21022222222222223 0.008 0.021777777777777778
0 0.6665 0.1942222222222222 0.0095 0.01911111111111111
0 0.65425 0.12044444444444445 0.0065 0.024888888888888887
0 0.65 0.09422222222222222 0.00575 0.028
0 0.611 0.10622222222222222 0.0125 0.024888888888888887
0 0.60625 0.12266666666666666 0.00725 0.026222222222222223
0 0.58525 0.10177777777777777 0.008 0.028888888888888888
0 0.6275 0.16044444444444445 0.0065 0.024
0 0.591 0.148 0.0125 0.013333333333333334
0 0.5855 0.15733333333333333 0.008 0.025777777777777778
0 0.57925 0.2817777777777778 0.0115 0.030222222222222223
0 0.5075 0.2911111111111111 0.0085 0.028888888888888888
0 0.508 0.3168888888888889 0.009 0.018222222222222223
0 0.65 0.24222222222222223 0.007 0.016888888888888887
0 0.81725 0.3408888888888889 0.01025 0.017777777777777778
0 0.7695 0.3751111111111111 0.00825 0.028444444444444446
0 0.66825 0.37644444444444447 0.013 0.017333333333333333
0 0.757 0.46266666666666667 0.0115 0.024
0 0.731 0.4826666666666667 0.00875 0.024444444444444446
0 0.78775 0.5746666666666667 0.00825 0.02666666666666667
0 0.822 0.5044444444444445 0.00775 0.024
0 0.96225 0.5217777777777778 0.00675 0.027555555555555555
0 0.91775 0.5511111111111111 0.01175 0.024888888888888887
0 0.91 0.6044444444444445 0.00725 0.03111111111111111
0 0.9795 0.6475555555555556 0.0075 0.02711111111111111
0 0.59275 0.4271111111111111 0.00925 0.01911111111111111
0 0.5135 0.6284444444444445 0.01025 0.02711111111111111
0 0.4935 0.568 0.01225 0.025333333333333333
0 0.6895 0.672 0.0115 0.03333333333333333
0 0.6495 0.6977777777777778 0.008 0.030222222222222223
0 0.6045 0.7351111111111112 0.00775 0.023555555555555555
0 0.5705 0.8373333333333334 0.0105 0.025333333333333333
0 0.60875 0.6946666666666667 0.00925 0.018666666666666668
0 0.60225 0.6893333333333334 0.0125 0.015555555555555555
0 0.54975 0.692 0.00875 0.028
0 0.66825 0.7764444444444445 0.0085 0.02311111111111111
0 0.75425 0.8182222222222222 0.00875 0.030666666666666665
0 0.751 0.8551111111111112 0.0085 0.035111111111111114
0 0.70475 0.848 0.01575 0.021777777777777778
0 0.80175 0.8617777777777778 0.009 0.026222222222222223
0 0.94825 0.744 0.014 0.012444444444444444
0 0.9735 0.7088888888888889 0.0065 0.02666666666666667
0 0.9945 0.8831111111111111 0.011 0.021777777777777778
0 0.9965 0.912 0.00675 0.028888888888888888
0 0.9915 0.9231111111111111 0.006 0.028888888888888888
0 0.98175 0.9137777777777778 0.01275 0.011555555555555555
0 0.94 0.9955555555555555 0.013 0.008888888888888889
0 0.8245 0.9177777777777778 0.00775 0.022222222222222223
0 0.815 0.916 0.00725 0.025333333333333333
0 0.7845 0.952 0.00575 0.021777777777777778
0 0.7205 0.9848888888888889 0.00775 0.017777777777777778
0 0.758 0.9324444444444444 0.0115 0.011555555555555555
0 0.61275 0.9595555555555556 0.00725 0.028
0 0.53825 0.9515555555555556 0.00925 0.028444444444444446
0 0.507 0.9537777777777777 0.01075 0.021333333333333333
0 0.004 0.7622222222222222 0.008 0.020444444444444446
0 0.09875 0.8084444444444444 0.01225 0.027555555555555555
0 0.072 0.8066666666666666 0.00875 0.024444444444444446
0 0.0675 0.8217777777777778 0.014 0.017333333333333333
0 0.05575 0.852 0.00975 0.021777777777777778
0 0.04825 0.8644444444444445 0.01025 0.018222222222222223
0 0.086 0.9017777777777778 0.0105 0.030222222222222223
0 0.1615 0.9497777777777778 0.00875 0.02711111111111111
0 0.1735 0.8808888888888889 0.008 0.028888888888888888
0 0.1935 0.988 0.008 0.02266666666666667
0 0.26 0.9564444444444444 0.014 0.014666666666666666
0 0.2875 0.9662222222222222 0.00875 0.02311111111111111
0 0.21625 0.9524444444444444 0.01375 0.013333333333333334
0 0.19175 0.7946666666666666 0.0095 0.024
0 0.2115 0.76 0.00825 0.023555555555555555
0 0.25975 0.744 0.01025 0.029333333333333333
0 0.44225 0.8773333333333333 0.01025 0.027555555555555555
0 0.45225 0.7391111111111112 0.00825 0.028888888888888888
0 0.323 0.6368888888888888 0.00975 0.024
0 0.29325 0.6262222222222222 0.01025 0.027555555555555555
0 0.2745 0.5702222222222222 0.008 0.03111111111111111
0 0.2185 0.6506666666666666 0.008 0.02711111111111111
0 0.1945 0.5582222222222222 0.007 0.028
0 0.055 0.6062222222222222 0.008 0.027555555555555555
0 0.02875 0.6048888888888889 0.0065 0.032
0 0.00325 0.6168888888888889 0.0065 0.024888888888888887
0 0.04625 0.5395555555555556 0.00875 0.025333333333333333
0 0.1655 0.46 0.00975 0.03111111111111111
0 0.34575 0.5857777777777777 0.0105 0.030666666666666665
0 0.3355 0.5422222222222223 0.009 0.02711111111111111
0 0.33125 0.5177777777777778 0.01275 0.016444444444444446
0 0.312 0.4928888888888889 0.0155 0.012888888888888889
0 0.277 0.5053333333333333 0.00825 0.032
0 0.3085 0.512 0.00725 0.024
0 0.4195 0.5306666666666666 0.00975 0.028
0 0.4225 0.572 0.00725 0.03111111111111111
0 0.47725 0.5164444444444445 0.00825 0.019555555555555555
0 0.45225 0.35644444444444445 0.0105 0.019555555555555555
0 0.43825 0.376 0.01575 0.018222222222222223
0 0.44075 0.33466666666666667 0.00825 0.030666666666666665
0 0.4125 0.3591111111111111 0.00775 0.02311111111111111
0 0.37775 0.3431111111111111 0.00825 0.034666666666666665
0 0.26525 0.3662222222222222 0.0055 0.025333333333333333
0 0.2385 0.36444444444444446 0.006 0.020888888888888887
0 0.17775 0.4182222222222222 0.00975 0.030666666666666665
0 0.14325 0.39955555555555555 0.017 0.011555555555555555
0 0.141 0.41155555555555556 0.01275 0.017777777777777778
0 0.04475 0.38755555555555554 0.008 0.03111111111111111
0 0.032 0.37155555555555553 0.00725 0.02711111111111111
0 0.02975 0.408 0.00825 0.024888888888888887
0 0.0025 0.4008888888888889 0.005 0.02711111111111111
0 0.08525 0.29555555555555557 0.00675 0.028888888888888888
0 0.109 0.3244444444444444 0.0115 0.014666666666666666
0 0.02175 0.24933333333333332 0.00625 0.020444444444444446
0 0.0385 0.3297777777777778 0.009 0.025333333333333333
0 0.4765 0.15911111111111112 0.0075 0.02711111111111111
0 0.40225 0.15911111111111112 0.00825 0.027555555555555555
0 0.396 0.12977777777777777 0.009 0.011111111111111112
0 0.39125 0.12 0.014 0.009777777777777778
0 0.1135 0.17333333333333334 0.01275 0.020444444444444446
0 0.08925 0.18844444444444444 0.0085 0.026222222222222223
0 0.02475 0.10177777777777777 0.01025 0.02311111111111111
0 0.12675 0.07066666666666667 0.00725 0.024
0 0.30775 0.051111111111111114 0.0065 0.03333333333333333
0 0.46725 0.024888888888888887 0.0075 0.025333333333333333