0 0.63 0.5084444444444445 0.00975 0.014666666666666666
0 0.74725 0.31066666666666665 0.014 0.013777777777777778
0 0.25775 0.45466666666666666 0.0165 0.013777777777777778
0 0.47575 0.30666666666666664 0.01025 0.016888888888888887
0 0.75725 0.4288888888888889 0.012 0.013333333333333334
0 0.3535 0.5831111111111111 0.011 0.012444444444444444
0 0.53575 0.3075555555555556 0.0145 0.015555555555555555
0 0.9455 0.1768888888888889 0.016 0.013333333333333334
0 0.67275 0.7151111111111111 0.01025 0.012444444444444444
0 0.79 0.6746666666666666 0.013 0.013777777777777778
0 0.2675 0.5893333333333334 0.0105 0.013777777777777778
0 0.71325 0.576 0.0095 0.016444444444444446
0 0.1595 0.9813333333333333 0.011 0.013777777777777778
0 0.30725 0.6155555555555555 0.01125 0.014666666666666666
0 0.40075 0.31466666666666665 0.0095 0.015555555555555555
0 0.752 0.19333333333333333 0.0125 0.014666666666666666
0 0.529 0.16577777777777777 0.00975 0.016888888888888887
0 0.765 0.5857777777777777 0.00975 0.016444444444444446
0 0.2685 0.5328888888888889 0.01125 0.016888888888888887
0 0.886 0.07644444444444444 0.011 0.014666666666666666
0 0.391 0.9653333333333334 0.01175 0.015555555555555555
0 0.7575 0.22 0.009 0.016888888888888887
0 0.45975 0.35244444444444445 0.0125 0.013777777777777778
0 0.247 0.2351111111111111 0.009 0.020888888888888887
0 0.59475 0.3631111111111111 0.012 0.015555555555555555
0 0.5045 0.9591111111111111 0.01025 0.013777777777777778
0 0.48075 0.9622222222222222 0.01025 0.015555555555555555
0 0.2625 0.7795555555555556 0.0085 0.016444444444444446
0 0.8165 0.018666666666666668 0.00675 0.015555555555555555
0 0.08375 0.7266666666666667 0.009 0.013777777777777778
0 0.61925 0.5422222222222223 0.01175 0.012444444444444444
0 0.10575 0.9822222222222222 0.009 0.012444444444444444
0 0.25975 0.896 0.011 0.016444444444444446
0 0.38375 0.6608888888888889 0.013 0.013777777777777778
0 0.73075 0.16 0.00825 0.016444444444444446
0 0.7155 0.030666666666666665 0.00975 0.017777777777777778
0 0.57325 0.9675555555555555 0.009 0.012444444444444444
0 0.6295 0.4053333333333333 0.00975 0.013333333333333334
0 0.59175 0.6337777777777778 0.0095 0.015555555555555555
0 0.34125 0.2697777777777778 0.01525 0.013777777777777778
0 0.7335 0.20844444444444443 0.012 0.018666666666666668
0 0.513 0.6928888888888889 0.0085 0.020888888888888887
0 0.26275 0.9084444444444445 0.012 0.010666666666666666
0 0.09375 0.04622222222222222 0.00925 0.02266666666666667
0 0.089 0.007555555555555556 0.01 0.015111111111111112
0 0.92775 0.3542222222222222 0.0085 0.017777777777777778
0 0.94425 0.7662222222222222 0.014 0.015555555555555555
0 0.461 0.092 0.0125 0.016888888888888887
0 0.3075 0.3751111111111111 0.00675 0.016888888888888887
0 0.444 0.7666666666666667 0.00825 0.016888888888888887
0 0.422 0.7124444444444444 0.01125 0.016888888888888887
0 0.72425 0.7226666666666667 0.01325 0.012444444444444444
0 0.417 0.24844444444444444 0.01125 0.018666666666666668
0 0.3675 0.756 0.014 0.015555555555555555
0 0.6165 0.24977777777777777 0.01325 0.02711111111111111
0 0.61525 0.7791111111111111 0.01175 0.010666666666666666
0 0.73425 0.512 0.0105 0.012444444444444444
0 0.42275 0.6031111111111112 0.0105 0.017777777777777778
0 0.0125 0.2408888888888889 0.01175 0.018666666666666668
0 0.10725 0.8604444444444445 0.0105 0.012444444444444444
0 0.31 0.884 0.0105 0.015555555555555555
0 0.92925 0.1288888888888889 0.00675 0.019555555555555555
0 0.92325 0.13733333333333334 0.009 0.013333333333333334
0 0.28425 0.41244444444444445 0.01125 0.019555555555555555
0 0.3155 0.9182222222222223 0.00975 0.017777777777777778
0 0.86925 0.7786666666666666 0.01025 0.016888888888888887
0 0.94425 0.3546666666666667 0.009 0.013777777777777778
0 0.951 0.8168888888888889 0.00975 0.020888888888888887
0 0.3955 0.03155555555555556 0.01125 0.012444444444444444
0 0.5165 0.2511111111111111 0.01075 0.021777777777777778
0 0.6995 0.7537777777777778 0.01325 0.010666666666666666
0 0.827 0.17155555555555554 0.014 0.012888888888888889
0 0.14325 0.9044444444444445 0.0075 0.016444444444444446
0 0.59625 0.1497777777777778 0.01175 0.012888888888888889
0 0.596 0.11822222222222223 0.01125 0.014666666666666666
0 0.02625 0.17866666666666667 0.00675 0.020444444444444446
0 0.02875 0.1622222222222222 0.009 0.016444444444444446
0 0.65825 0.64 0.0085 0.012444444444444444
0 0.34325 0.7928888888888889 0.01525 0.013333333333333334
0 0.58 0.29777777777777775 0.01475 0.013333333333333334
0 0.2165 0.02711111111111111 0.0105 0.012444444444444444
0 0.1835 0.2604444444444444 0.01175 0.013333333333333334
0 0.83225 0.556 0.00975 0.012444444444444444
0 0.712 0.8768888888888889 0.0085 0.016888888888888887
0 0.187 0.4737777777777778 0.0065 0.029777777777777778
0 0.1625 0.45644444444444443 0.0085 0.018666666666666668
0 0.699 0.37422222222222223 0.00975 0.015555555555555555
0 0.23825 0.13777777777777778 0.011 0.013777777777777778
0 0.871 0.4275555555555556 0.01175 0.018666666666666668
0 0.10825 0.4671111111111111 0.0095 0.016888888888888887
0 0.3105 0.6666666666666666 0.0095 0.011555555555555555
0 0.195 0.044444444444444446 0.01025 0.016444444444444446
0 0.141 0.9617777777777777 0.01325 0.013333333333333334
0 0.81025 0.2604444444444444 0.0105 0.012444444444444444
0 0.4185 0.8306666666666667 0.00825 0.020888888888888887
0 0.3685 0.36533333333333334 0.01175 0.013777777777777778
0 0.34275 0.33955555555555555 0.009 0.017777777777777778
0 0.077 0.29244444444444445 0.00575 0.02
0 0.05425 0.3022222222222222 0.01225 0.022222222222222223
0 0.791 0.888 0.0155 0.011555555555555555
0 0.748 0.8333333333333334 0.01325 0.012444444444444444
0 0.68125 0.18933333333333333 0.00775 0.028444444444444446
0 0.065 0.4871111111111111 0.0075 0.018666666666666668
0 0.25225 0.1902222222222222 0.01175 0.014666666666666666
0 0.9615 0.16311111111111112 0.009 0.017777777777777778
0 0.153 0.508 0.013 0.018666666666666668
0 0.94375 0.5355555555555556 0.01025 0.016444444444444446
0 0.48675 0.248 0.01025 0.013777777777777778
0 0.7055 0.7675555555555555 0.0085 0.018666666666666668
0 0.663 0.9733333333333334 0.006 0.023555555555555555
0 0.643 0.9653333333333334 0.00775 0.013333333333333334
0 0.0555 0.11555555555555555 0.00775 0.015555555555555555
0 0.6835 0.5777777777777777 0.00675 0.018666666666666668
0 0.0185 0.7662222222222222 0.012 0.012444444444444444
0 0.38075 0.42 0.009 0.02
0 0.24675 0.7773333333333333 0.009 0.019555555555555555
0 0.366 0.656 0.013 0.018222222222222223
0 0.53075 0.484 0.0075 0.016888888888888887
0 0.65675 0.9253333333333333 0.01025 0.011555555555555555
0 0.007 0.9177777777777778 0.00775 0.029333333333333333
0 0.94675 0.564 0.012 0.016888888888888887
0 0.13625 0.7551111111111111 0.00775 0.02
0 0.177 0.144 0.007 0.02
0 0.15875 0.13866666666666666 0.0095 0.020444444444444446
0 0.16225 0.116 0.00975 0.016444444444444446
0 0.903 0.9457777777777778 0.00825 0.023555555555555555
0 0.02375 0.6551111111111111 0.0105 0.016444444444444446
0 0.72125 0.588 0.0075 0.018666666666666668
0 0.5565 0.7128888888888889 0.0075 0.017777777777777778
0 0.58475 0.09288888888888888 0.00575 0.023555555555555555
0 0.5655 0.07377777777777778 0.013 0.014666666666666666
0 0.372 0.9217777777777778 0.00825 0.013777777777777778
0 0.3245 0.18444444444444444 0.011 0.013777777777777778
0 0.28525 0.6853333333333333 0.00825 0.020888888888888887
0 0.8225 0.5631111111111111 0.0075 0.013777777777777778
0 0.3335 0.8586666666666667 0.01025 0.013333333333333334
0 0.73475 0.42088888888888887 0.00625 0.017777777777777778
0 0.78525 0.7697777777777778 0.0085 0.017777777777777778
0 0.56775 0.6351111111111111 0.00825 0.016888888888888887
0 0.94225 0.2431111111111111 0.00775 0.02
0 0.49375 0.9911111111111112 0.0165 0.013333333333333334
0 0.5515 0.39466666666666667 0.0095 0.02266666666666667
0 0.366 0.7266666666666667 0.00625 0.018666666666666668
0 0.53625 0.9435555555555556 0.01375 0.012444444444444444
0 0.98825 0.35555555555555557 0.01175 0.02
0 0.077 0.2751111111111111 0.00775 0.016888888888888887
0 0.07325 0.44133333333333336 0.01125 0.022222222222222223
0 0.073 0.41733333333333333 0.01025 0.012444444444444444
0 0.12975 0.2982222222222222 0.01 0.016444444444444446
0 0.94775 0.22 0.011 0.010666666666666666
0 0.434 0.5555555555555556 0.00775 0.017777777777777778
0 0.4405 0.5502222222222222 0.009 0.014666666666666666
0 0.48225 0.9297777777777778 0.008 0.018222222222222223
0 0.47525 0.9168888888888889 0.00925 0.024
0 0.44325 0.8964444444444445 0.01125 0.017777777777777778
0 0.89525 0.36977777777777776 0.0085 0.017777777777777778
0 0.1 0.848 0.011 0.018666666666666668
0 0.06675 0.8684444444444445 0.01025 0.018666666666666668
0 0.78075 0.04044444444444444 0.00825 0.019555555555555555
0 0.5615 0.5813333333333334 0.0075 0.019555555555555555
0 0.07275 0.808 0.0085 0.015555555555555555
0 0.8565 0.22044444444444444 0.00975 0.013333333333333334
0 0.5385 0.5666666666666667 0.00825 0.020888888888888887
0 0.2165 0.3035555555555556 0.01275 0.012444444444444444
0 0.1965 0.28844444444444445 0.01175 0.014666666666666666
0 0.3105 0.022222222222222223 0.00975 0.012444444444444444
0 0.2965 0.02711111111111111 0.0085 0.021777777777777778
0 0.3005 0.6862222222222222 0.009 0.016888888888888887
0 0.74825 0.26266666666666666 0.009 0.016888888888888887
0 0.84225 0.1671111111111111 0.00775 0.02
0 0.09675 0.38177777777777777 0.0075 0.026222222222222223
0 0.50325 0.3546666666666667 0.0095 0.02666666666666667
0 0.48275 0.33866666666666667 0.007 0.016444444444444446
0 0.924 0.16 0.009 0.020888888888888887
0 0.11675 0.5231111111111111 0.00575 0.024444444444444446
0 0.1125 0.5128888888888888 0.00925 0.013333333333333334
0 0.1045 0.5133333333333333 0.00825 0.017777777777777778
0 0.8115 0.7902222222222223 0.0075 0.024
0 0.8065 0.7977777777777778 0.00675 0.018666666666666668
0 0.91175 0.7257777777777777 0.00775 0.023555555555555555
0 0.2095 0.8204444444444444 0.00825 0.016888888888888887
0 0.269 0.07377777777777778 0.009 0.02311111111111111
0 0.4395 0.8266666666666667 0.00775 0.015555555555555555
0 0.84275 0.48444444444444446 0.00825 0.025333333333333333
0 0.65675 0.3662222222222222 0.00775 0.02
0 0.5845 0.06755555555555555 0.00675 0.017777777777777778
0 0.576 0.029777777777777778 0.00675 0.019555555555555555
0 0.429 0.37422222222222223 0.0085 0.021777777777777778
0 0.31125 0.33155555555555555 0.00825 0.02311111111111111
0 0.4765 0.8346666666666667 0.0095 0.027555555555555555
0 0.042 0.336 0.013 0.013333333333333334
0 0.0365 0.9706666666666667 0.006 0.018666666666666668
0 0.02975 0.9684444444444444 0.00775 0.016888888888888887
0 0.2175 0.10444444444444445 0.0065 0.03244444444444444
0 0.18925 0.05377777777777778 0.01525 0.014666666666666666
0 0.41175 0.7048888888888889 0.012 0.017777777777777778
0 0.66875 0.0951111111111111 0.01175 0.012444444444444444
0 0.2405 0.9684444444444444 0.00975 0.021777777777777778
0 0.91475 0.9235555555555556 0.0095 0.024444444444444446
0 0.96325 0.12666666666666668 0.006 0.026222222222222223
0 0.9845 0.06888888888888889 0.0065 0.03111111111111111
0 0.90775 0.07511111111111111 0.00575 0.02666666666666667
0 0.791 0.18888888888888888 0.0145 0.02311111111111111
0 0.81425 0.3164444444444444 0.0115 0.009333333333333334
0 0.894 0.31377777777777777 0.01225 0.012
0 0.76075 0.5133333333333333 0.006 0.022222222222222223
0 0.6955 0.46444444444444444 0.00525 0.017777777777777778
0 0.67675 0.6222222222222222 0.00625 0.02
0 0.74725 0.8786666666666667 0.006 0.02
0 0.662 0.8911111111111111 0.0085 0.023555555555555555
0 0.6925 0.7924444444444444 0.0115 0.012444444444444444
0 0.9235 0.6462222222222223 0.00525 0.018222222222222223
0 0.96525 0.644 0.01225 0.012
0 0.856 0.7715555555555556 0.01175 0.013333333333333334
0 0.912 0.7022222222222222 0.01 0.016888888888888887
0 0.90125 0.7044444444444444 0.00975 0.012888888888888889
0 0.98375 0.2866666666666667 0.00775 0.02711111111111111
0 0.85175 0.236 0.00775 0.021777777777777778
0 0.8475 0.21511111111111111 0.00575 0.017777777777777778
0 0.62325 0.10488888888888889 0.00775 0.024444444444444446
0 0.68425 0.44355555555555554 0.01 0.012444444444444444
0 0.6585 0.4368888888888889 0.0055 0.022222222222222223
0 0.49075 0.4013333333333333 0.012 0.024
0 0.42525 0.36933333333333335 0.0065 0.022222222222222223
0 0.41925 0.3728888888888889 0.00675 0.023555555555555555
0 0.481 0.2831111111111111 0.00625 0.02311111111111111
0 0.47275 0.2822222222222222 0.007 0.02
0 0.47825 0.25822222222222224 0.00675 0.02666666666666667
0 0.45425 0.21288888888888888 0.00575 0.028
0 0.422 0.13866666666666666 0.00575 0.026222222222222223
0 0.47075 0.007555555555555556 0.0065 0.014222222222222223
0 0.55875 0.2782222222222222 0.00925 0.024
0 0.569 0.11866666666666667 0.00925 0.021333333333333333
0 0.606 0.204 0.01025 0.015555555555555555
0 0.501 0.5893333333333334 0.01175 0.02666666666666667
0 0.4235 0.9048888888888889 0.00525 0.02266666666666667
0 0.5105 0.9635555555555556 0.00875 0.023555555555555555
0 0.528 0.952 0.0075 0.02711111111111111
0 0.54275 0.9071111111111111 0.00575 0.019555555555555555
0 0.586 0.9062222222222223 0.0045 0.018222222222222223
0 0.622 0.6653333333333333 0.01025 0.023555555555555555
0 0.60725 0.7555555555555555 0.007 0.02311111111111111
0 0.65875 0.7128888888888889 0.006 0.017777777777777778
0 0.55475 0.6395555555555555 0.00575 0.017333333333333333
0 0.2485 0.4146666666666667 0.0085 0.01911111111111111
0 0.35575 0.32355555555555554 0.007 0.026222222222222223
0 0.34875 0.064 0.00625 0.020888888888888887
0 0.20525 0.17377777777777778 0.00625 0.026222222222222223
0 0.1575 0.051111111111111114 0.007 0.030666666666666665
0 0.08025 0.06222222222222222 0.00725 0.026222222222222223
0 0.176 0.2528888888888889 0.00975 0.016
0 0.1215 0.5151111111111111 0.00925 0.02
0 0.13675 0.548 0.0075 0.016888888888888887
0 0.1305 0.5715555555555556 0.0045 0.026222222222222223
0 0.18675 0.6342222222222222 0.00575 0.026222222222222223
0 0.04875 0.43066666666666664 0.00575 0.024888888888888887
0 0.30125 0.36177777777777775 0.0065 0.025777777777777778
0 0.26975 0.1511111111111111 0.006 0.02711111111111111
0 0.295 0.04755555555555555 0.006 0.013333333333333334
0 0.06325 0.072 0.01175 0.024444444444444446
0 0.05275 0.092 0.00825 0.016888888888888887
0 0.047 0.6435555555555555 0.00425 0.018666666666666668
0 0.062 0.784 0.00825 0.02311111111111111
0 0.04075 0.7844444444444445 0.009 0.024
0 0.09075 0.9808888888888889 0.00925 0.026222222222222223
0 0.0125 0.7488888888888889 0.00575 0.024
0 0.0755 0.9906666666666667 0.011 0.012888888888888889
0 0.167 0.9444444444444444 0.01025 0.014222222222222223
0 0.27425 0.6755555555555556 0.006 0.020444444444444446
0 0.26875 0.6764444444444444 0.00575 0.026222222222222223
0 0.296 0.752 0.006 0.024
0 0.68425 0.316 0.01125 0.017333333333333333
0 0.10325 0.5013333333333333 0.0065 0.021777777777777778
0 0.3 0.672 0.01 0.023555555555555555
0 0.3215 0.8453333333333334 0.016 0.014222222222222223
0 0.7225 0.7373333333333333 0.00775 0.028
0 0.73225 0.7444444444444445 0.013 0.021777777777777778
0 0.738 0.304 0.007 0.025333333333333333
0 0.69275 0.3711111111111111 0.0075 0.02666666666666667
0 0.83925 0.16666666666666666 0.00575 0.028888888888888888
0 0.985 0.25066666666666665 0.01325 0.013777777777777778
0 0.905 0.568 0.008 0.021777777777777778
0 0.93925 0.7875555555555556 0.0075 0.02266666666666667
0 0.93325 0.7684444444444445 0.00575 0.026222222222222223
0 0.92675 0.7702222222222223 0.00725 0.027555555555555555
0 0.3765 0.9115555555555556 0.0055 0.017333333333333333
0 0.051 0.6986666666666667 0.006 0.020888888888888887
0 0.145 0.15866666666666668 0.00675 0.017333333333333333
0 0.306 0.15733333333333333 0.007 0.025333333333333333
0 0.77925 0.7373333333333333 0.01 0.020888888888888887
0 0.40175 0.8657777777777778 0.007 0.028888888888888888
0 0.6455 0.03111111111111111 0.0125 0.021777777777777778
0 0.72125 0.18844444444444444 0.01025 0.018222222222222223
0 0.8215 0.5493333333333333 0.00975 0.017333333333333333
0 0.70125 0.364 0.009 0.012
0 0.7385 0.832 0.00975 0.015111111111111112
0 0.19425 0.328 0.00675 0.027555555555555555
0 0.31125 0.14933333333333335 0.00625 0.023555555555555555