0 0.23625 0.7302222222222222 0.01025 0.013777777777777778
0 0.58625 0.268 0.013 0.015555555555555555
0 0.31125 0.8066666666666666 0.0085 0.013333333333333334
0 0.7545 0.3426666666666667 0.009 0.014666666666666666
0 0.51825 0.2995555555555556 0.013 0.015555555555555555
0 0.0945 0.5782222222222222 0.0085 0.016444444444444446
0 0.066 0.7515555555555555 0.01175 0.017777777777777778
0 0.18775 0.236 0.01375 0.016444444444444446
0 0.267 0.9555555555555556 0.012 0.016444444444444446
0 0.67525 0.28933333333333333 0.012 0.017777777777777778
0 0.4925 0.188 0.012 0.016444444444444446
0 0.4355 0.30444444444444446 0.0095 0.016888888888888887
0 0.56375 0.5195555555555555 0.014 0.013777777777777778
0 0.57025 0.014666666666666666 0.014 0.015555555555555555
0 0.63025 0.768 0.009 0.016444444444444446
0 0.67275 0.9377777777777778 0.0095 0.014666666666666666
0 0.4325 0.37466666666666665 0.012 0.014666666666666666
0 0.76875 0.9431111111111111 0.0095 0.016444444444444446
0 0.70875 0.732 0.012 0.018666666666666668
0 0.07125 0.38 0.00975 0.014666666666666666
0 0.858 0.8288888888888889 0.012 0.013777777777777778
0 0.2585 0.5035555555555555 0.012 0.012444444444444444
0 0.769 0.09644444444444444 0.009 0.019555555555555555
0 0.621 0.9195555555555556 0.01025 0.012444444444444444
0 0.04675 0.8822222222222222 0.013 0.015555555555555555
0 0.99425 0.32666666666666666 0.011 0.012444444444444444
0 0.16825 0.4533333333333333 0.011 0.019555555555555555
0 0.23525 0.11644444444444445 0.01175 0.013333333333333334
0 0.167 0.524 0.0105 0.013333333333333334
0 0.108 0.15511111111111112 0.00825 0.016444444444444446
0 0.13175 0.24888888888888888 0.009 0.017777777777777778
0 0.2465 0.17733333333333334 0.0095 0.02
0 0.40125 0.8226666666666667 0.013 0.015555555555555555
0 0.06325 0.21155555555555555 0.01 0.026222222222222223
0 0.9385 0.22088888888888888 0.00975 0.013777777777777778
0 0.503 0.12977777777777777 0.0085 0.013333333333333334
0 0.7255 0.18755555555555556 0.009 0.021777777777777778
0 0.01375 0.5528888888888889 0.00975 0.016888888888888887
0 0.523 0.41733333333333333 0.01175 0.017777777777777778
0 0.43275 0.7835555555555556 0.007 0.016444444444444446
0 0.10125 0.9662222222222222 0.0075 0.013333333333333334
0 0.443 0.8857777777777778 0.0085 0.019555555555555555
0 0.259 0.4751111111111111 0.0085 0.017777777777777778
0 0.06675 0.47955555555555557 0.0095 0.018666666666666668
0 0.81175 0.5164444444444445 0.01025 0.013777777777777778
0 0.42275 0.25066666666666665 0.012 0.013333333333333334
0 0.40675 0.5168888888888888 0.0105 0.011555555555555555
0 0.26875 0.3048888888888889 0.01025 0.013333333333333334
0 0.848 0.7893333333333333 0.01175 0.016888888888888887
0 0.571 0.7248888888888889 0.00825 0.013777777777777778
0 0.15825 0.06 0.01325 0.016444444444444446
0 0.73625 0.6875555555555556 0.0095 0.014666666666666666
0 0.14375 0.08711111111111111 0.01325 0.017777777777777778
0 0.98125 0.9573333333333334 0.00975 0.028444444444444446
0 0.9555 0.9284444444444444 0.0145 0.014666666666666666
0 0.9505 0.9168888888888889 0.006 0.035111111111111114
0 0.94125 0.8835555555555555 0.01 0.02266666666666667
0 0.91375 0.8533333333333334 0.0075 0.032
0 0.92175 0.8408888888888889 0.00775 0.029333333333333333
0 0.89575 0.8266666666666667 0.0125 0.013333333333333334
0 0.577 0.44222222222222224 0.0085 0.015555555555555555
0 0.02875 0.8755555555555555 0.0065 0.023555555555555555
0 0.0265 0.8635555555555555 0.01025 0.015555555555555555
0 0.108 0.204 0.0105 0.020888888888888887
0 0.12975 0.37644444444444447 0.0095 0.013777777777777778
0 0.33175 0.5435555555555556 0.009 0.016444444444444446
0 0.358 0.9208888888888889 0.009 0.016888888888888887
0 0.0655 0.036 0.0095 0.016444444444444446
0 0.49175 0.23866666666666667 0.00775 0.012444444444444444
0 0.81575 0.9804444444444445 0.008 0.011555555555555555
0 0.80575 0.9697777777777777 0.0085 0.015555555555555555
0 0.1885 0.8484444444444444 0.009 0.011555555555555555
0 0.71225 0.8088888888888889 0.01125 0.012444444444444444
0 0.0575 0.7257777777777777 0.01125 0.013777777777777778
0 0.41425 0.3217777777777778 0.00675 0.016444444444444446
0 0.964 0.1942222222222222 0.011 0.015555555555555555
0 0.85225 0.3302222222222222 0.0085 0.016444444444444446
0 0.75225 0.22577777777777777 0.008 0.028444444444444446
0 0.2715 0.3626666666666667 0.0095 0.015555555555555555
0 0.1445 0.9062222222222223 0.012 0.011555555555555555
0 0.79525 0.09688888888888889 0.0085 0.016888888888888887
0 0.12575 0.13155555555555556 0.0085 0.02
0 0.5705 0.3128888888888889 0.01125 0.013777777777777778
0 0.40625 0.6315555555555555 0.00775 0.017777777777777778
0 0.74525 0.03288888888888889 0.01025 0.013333333333333334
0 0.7655 0.2991111111111111 0.0085 0.018666666666666668
0 0.62125 0.37822222222222224 0.01125 0.013333333333333334
0 0.012 0.7902222222222223 0.009 0.015555555555555555
0 0.844 0.8586666666666667 0.012 0.017777777777777778
0 0.64 0.07733333333333334 0.00975 0.02
0 0.3845 0.7764444444444445 0.0085 0.017777777777777778
0 0.2905 0.936 0.011 0.011555555555555555
0 0.874 0.9804444444444445 0.00825 0.015555555555555555
0 0.38125 0.14044444444444446 0.013 0.013333333333333334
0 0.551 0.24755555555555556 0.0075 0.019555555555555555
0 0.2475 0.6711111111111111 0.0075 0.017777777777777778
0 0.5845 0.7915555555555556 0.00825 0.015555555555555555
0 0.56 0.06977777777777777 0.009 0.013777777777777778
0 0.47525 0.1942222222222222 0.00975 0.012444444444444444
0 0.39775 0.7315555555555555 0.00825 0.019555555555555555
0 0.19125 0.39955555555555555 0.012 0.013777777777777778
0 0.1095 0.3808888888888889 0.0125 0.024
0 0.01775 0.18888888888888888 0.0075 0.018666666666666668
0 0.29425 0.1648888888888889 0.0105 0.013777777777777778
0 0.5655 0.34 0.0105 0.013777777777777778
0 0.14575 0.956 0.00925 0.020888888888888887
0 0.114 0.6146666666666667 0.0085 0.011555555555555555
0 0.86625 0.3008888888888889 0.009 0.016444444444444446
0 0.3535 0.5844444444444444 0.01025 0.017777777777777778
0 0.305 0.6968888888888889 0.01025 0.019555555555555555
0 0.47375 0.5351111111111111 0.0145 0.015555555555555555
0 0.77375 0.9862222222222222 0.0085 0.009333333333333334
0 0.94425 0.824 0.0145 0.015555555555555555
0 0.90675 0.21555555555555556 0.0145 0.016444444444444446
0 0.382 0.6524444444444445 0.007 0.017777777777777778
0 0.20175 0.21022222222222223 0.012 0.024
0 0.6505 0.8533333333333334 0.0095 0.016444444444444446
0 0.69 0.892 0.012 0.013333333333333334
0 0.189 0.7302222222222222 0.0095 0.021777777777777778
0 0.1365 0.33955555555555555 0.009 0.019555555555555555
0 0.68 0.844 0.012 0.013333333333333334
0 0.1425 0.5093333333333333 0.01425 0.010222222222222223
0 0.8585 0.712 0.01025 0.018666666666666668
0 0.0855 0.7071111111111111 0.00875 0.024444444444444446
0 0.107 0.5302222222222223 0.01175 0.013333333333333334
0 0.55225 0.5142222222222222 0.00675 0.012444444444444444
0 0.203 0.04622222222222222 0.01325 0.013333333333333334
0 0.9075 0.916 0.0055 0.030666666666666665
0 0.873 0.8951111111111111 0.01025 0.016444444444444446
0 0.6245 0.23644444444444446 0.00975 0.013333333333333334
0 0.27825 0.8964444444444445 0.007 0.02711111111111111
0 0.045 0.5351111111111111 0.00775 0.015555555555555555
0 0.04975 0.08 0.01125 0.017777777777777778
0 0.24925 0.5311111111111111 0.01025 0.011555555555555555
0 0.465 0.9275555555555556 0.011 0.02711111111111111
0 0.504 0.33466666666666667 0.00825 0.013777777777777778
0 0.368 0.6751111111111111 0.0075 0.029333333333333333
0 0.36375 0.6613333333333333 0.0085 0.011555555555555555
0 0.54925 0.7844444444444445 0.0095 0.02666666666666667
0 0.795 0.7533333333333333 0.0095 0.020888888888888887
0 0.10425 0.152 0.01025 0.020888888888888887
0 0.9075 0.6048888888888889 0.009 0.02
0 0.398 0.4088888888888889 0.00675 0.03155555555555556
0 0.0675 0.3302222222222222 0.00825 0.016444444444444446
0 0.26925 0.8822222222222222 0.009 0.012444444444444444
0 0.23525 0.30266666666666664 0.00825 0.02
0 0.3865 0.9617777777777777 0.00825 0.017777777777777778
0 0.605 0.5222222222222223 0.00825 0.02
0 0.646 0.21822222222222223 0.00625 0.014666666666666666
0 0.57025 0.74 0.0095 0.016444444444444446
0 0.57825 0.9884444444444445 0.013 0.007555555555555556
0 0.77275 0.18088888888888888 0.009 0.017777777777777778
0 0.03975 0.6408888888888888 0.0085 0.019555555555555555
0 0.76175 0.04488888888888889 0.0065 0.02311111111111111
0 0.97125 0.2862222222222222 0.016 0.014666666666666666
0 0.419 0.4111111111111111 0.00825 0.018666666666666668
0 0.12275 0.6222222222222222 0.00825 0.014666666666666666
0 0.81725 0.13955555555555554 0.00775 0.025333333333333333
0 0.074 0.36577777777777776 0.00825 0.015555555555555555
0 0.85 0.2408888888888889 0.01175 0.012444444444444444
0 0.595 0.4017777777777778 0.00975 0.011555555555555555
0 0.6095 0.0951111111111111 0.00775 0.016888888888888887
0 0.54325 0.9502222222222222 0.00575 0.016444444444444446
0 0.85425 0.4648888888888889 0.00775 0.016888888888888887
0 0.22475 0.8577777777777778 0.00875 0.02711111111111111
0 0.939 0.14933333333333335 0.01025 0.021777777777777778
0 0.62675 0.8351111111111111 0.01125 0.013777777777777778
0 0.698 0.43555555555555553 0.00875 0.022222222222222223
0 0.68575 0.9053333333333333 0.0105 0.016444444444444446
0 0.41425 0.8573333333333333 0.009 0.021777777777777778
0 0.7715 0.9733333333333334 0.009 0.021777777777777778
0 0.76375 0.9595555555555556 0.007 0.015555555555555555
0 0.6155 0.2906666666666667 0.0075 0.019555555555555555
0 0.76925 0.8164444444444444 0.007 0.018666666666666668
0 0.4365 0.1351111111111111 0.007 0.027555555555555555
0 0.43275 0.11511111111111111 0.0095 0.019555555555555555
0 0.85775 0.9115555555555556 0.011 0.012444444444444444
0 0.91025 0.1622222222222222 0.01125 0.017777777777777778
0 0.02475 0.7035555555555556 0.009 0.017777777777777778
0 0.512 0.404 0.0085 0.014666666666666666
0 0.30675 0.28844444444444445 0.00825 0.017777777777777778
0 0.72725 0.632 0.0125 0.010666666666666666
0 0.60025 0.4088888888888889 0.00675 0.012444444444444444
0 0.08875 0.4537777777777778 0.00775 0.018666666666666668
0 0.58525 0.13244444444444445 0.00625 0.016888888888888887
0 0.0445 0.4266666666666667 0.00775 0.029777777777777778
0 0.4495 0.828 0.01075 0.025333333333333333
0 0.1195 0.45644444444444443 0.00825 0.020444444444444446
0 0.595 0.5866666666666667 0.00625 0.025333333333333333
0 0.372 0.29555555555555557 0.00625 0.021333333333333333
0 0.6925 0.2817777777777778 0.009 0.016444444444444446
0 0.0345 0.8902222222222222 0.00775 0.017777777777777778
0 0.57125 0.8035555555555556 0.0085 0.011555555555555555
0 0.56325 0.8008888888888889 0.00775 0.013777777777777778
0 0.47975 0.8728888888888889 0.0095 0.015555555555555555
0 0.5075 0.3888888888888889 0.0095 0.012444444444444444
0 0.7015 0.7826666666666666 0.0065 0.02711111111111111
0 0.93875 0.9911111111111112 0.0105 0.014666666666666666
0 0.7475 0.9146666666666666 0.0055 0.028444444444444446
0 0.7905 0.9093333333333333 0.00975 0.012888888888888889
0 0.928 0.9662222222222222 0.01525 0.015555555555555555
0 0.93325 0.9413333333333334 0.0085 0.027555555555555555
0 0.93275 0.9008888888888889 0.0155 0.017333333333333333
0 0.8665 0.148 0.00575 0.028444444444444446
0 0.83475 0.23644444444444446 0.0135 0.021777777777777778
0 0.8665 0.25244444444444447 0.0125 0.030666666666666665
0 0.779 0.20355555555555555 0.01 0.028444444444444446
0 0.8045 0.2991111111111111 0.008 0.02666666666666667
0 0.88675 0.3977777777777778 0.0085 0.030666666666666665
0 0.9555 0.384 0.0085 0.028
0 0.899 0.5213333333333333 0.00825 0.028
0 0.83475 0.4822222222222222 0.009 0.025777777777777778
0 0.72125 0.3382222222222222 0.01275 0.02266666666666667
0 0.64425 0.4866666666666667 0.011 0.020444444444444446
0 0.647 0.4026666666666667 0.01075 0.028888888888888888
0 0.64325 0.3635555555555556 0.016 0.015111111111111112
0 0.598 0.3893333333333333 0.0115 0.016888888888888887
0 0.98325 0.7511111111111111 0.00675 0.02666666666666667
0 0.98175 0.9186666666666666 0.01075 0.022222222222222223
0 0.8795 0.9764444444444444 0.01425 0.018666666666666668
0 0.624 0.7382222222222222 0.00925 0.029777777777777778
0 0.644 0.7928888888888889 0.0115 0.021333333333333333
0 0.65425 0.8053333333333333 0.00875 0.021777777777777778
0 0.63475 0.9177777777777778 0.00975 0.03244444444444444
0 0.50525 0.7835555555555556 0.00975 0.024
0 0.54025 0.8533333333333334 0.00825 0.02311111111111111
0 0.43175 0.872 0.00925 0.027555555555555555
0 0.40375 0.888 0.007 0.030666666666666665
0 0.41 0.8213333333333334 0.012 0.01911111111111111
0 0.396 0.9902222222222222 0.00625 0.01911111111111111
0 0.39025 0.9888888888888889 0.00625 0.018666666666666668
0 0.314 0.8888888888888888 0.0075 0.026222222222222223
0 0.17725 0.9453333333333334 0.01125 0.030222222222222223
0 0.1705 0.8764444444444445 0.009 0.025777777777777778
0 0.19575 0.7213333333333334 0.007 0.025333333333333333
0 0.00225 0.8426666666666667 0.0045 0.017777777777777778
0 0.035 0.8777777777777778 0.0115 0.014222222222222223
0 0.00375 0.6413333333333333 0.0065 0.028444444444444446
0 0.14775 0.624 0.007 0.025777777777777778
0 0.1995 0.6444444444444445 0.0075 0.024888888888888887
0 0.17475 0.6577777777777778 0.00875 0.02711111111111111
0 0.2225 0.6271111111111111 0.007 0.021777777777777778
0 0.22825 0.6448888888888888 0.01475 0.020444444444444446
0 0.0535 0.48933333333333334 0.00675 0.024888888888888887
0 0.074 0.4688888888888889 0.011 0.016888888888888887
0 0.14225 0.42533333333333334 0.01325 0.024444444444444446
0 0.252 0.36177777777777775 0.01275 0.012444444444444444
0 0.30925 0.45911111111111114 0.0085 0.03288888888888889
0 0.16725 0.31733333333333336 0.00675 0.020888888888888887
0 0.164 0.30666666666666664 0.0075 0.025777777777777778
0 0.0675 0.3 0.00875 0.03155555555555556
0 0.0565 0.32711111111111113 0.0125 0.020888888888888887
0 0.0785 0.14622222222222223 0.01175 0.02
0 0.057 0.07244444444444445 0.005 0.017333333333333333
0 0.0615 0.06177777777777778 0.0095 0.011555555555555555
0 0.21875 0.21688888888888888 0.006 0.024888888888888887
0 0.35075 0.2088888888888889 0.012 0.012888888888888889
0 0.479 0.11377777777777778 0.009 0.028
0 0.53275 0.12933333333333333 0.00775 0.02311111111111111
0 0.582 0.104 0.01025 0.02311111111111111
0 0.57875 0.11022222222222222 0.00775 0.017333333333333333
0 0.52175 0.2831111111111111 0.008 0.030222222222222223
0 0.6535 0.23555555555555555 0.00825 0.027555555555555555
0 0.61825 0.09422222222222222 0.0095 0.021777777777777778
0 0.7655 0.03288888888888889 0.01075 0.014666666666666666
0 0.56 0.1791111111111111 0.00825 0.025333333333333333
0 0.56175 0.432 0.00775 0.028
0 0.39075 0.31777777777777777 0.0105 0.03288888888888889
0 0.09825 0.5373333333333333 0.00675 0.019555555555555555
0 0.04275 0.5395555555555556 0.00625 0.025333333333333333
0 0.34325 0.5617777777777778 0.00975 0.03111111111111111
0 0.3455 0.5848888888888889 0.00825 0.02266666666666667
0 0.4085 0.4928888888888889 0.0125 0.014222222222222223
0 0.00275 0.44177777777777777 0.0055 0.021333333333333333
0 0.167 0.9075555555555556 0.00625 0.02266666666666667
0 0.057 0.9906666666666667 0.00875 0.013333333333333334
0 0.00375 0.9257777777777778 0.0075 0.020444444444444446
0 0.51475 0.5413333333333333 0.00925 0.027555555555555555
0 0.55975 0.5915555555555555 0.011 0.024888888888888887
0 0.587 0.488 0.00775 0.030666666666666665
0 0.50125 0.5253333333333333 0.01075 0.024888888888888887
0 0.48175 0.6226666666666667 0.01275 0.018222222222222223
0 0.47675 0.6062222222222222 0.0115 0.020888888888888887
0 0.45175 0.6137777777777778 0.015 0.017333333333333333
0 0.32875 0.6413333333333333 0.01175 0.028888888888888888
0 0.58275 0.12044444444444445 0.01125 0.016
0 0.714 0.41555555555555557 0.00775 0.024444444444444446
0 0.72375 0.41244444444444445 0.00875 0.021333333333333333
0 0.81525 0.49377777777777776 0.0135 0.021333333333333333
0 0.69575 0.42044444444444445 0.013 0.022222222222222223
0 0.6905 0.4106666666666667 0.01275 0.014666666666666666
0 0.79575 0.7102222222222222 0.01525 0.020444444444444446
0 0.5905 0.8035555555555556 0.00925 0.024444444444444446
0 0.5835 0.8048888888888889 0.01025 0.014666666666666666
0 0.5425 0.864 0.01225 0.020444444444444446
0 0.7725 0.9191111111111111 0.01075 0.024444444444444446
0 0.7215 0.9826666666666667 0.012 0.015111111111111112
0 0.97225 0.824 0.01375 0.016888888888888887
0 0.98125 0.848 0.01 0.020444444444444446
0 0.37125 0.8328888888888889 0.01075 0.016
0 0.36775 0.8657777777777778 0.012 0.016
0 0.4745 0.7804444444444445 0.00925 0.022222222222222223
0 0.218 0.6462222222222223 0.01025 0.015111111111111112
0 0.33175 0.584 0.01125 0.014666666666666666
0 0.11225 0.21288888888888888 0.0085 0.02666666666666667
0 0.47875 0.17644444444444443 0.0065 0.021333333333333333
0 0.12625 0.3542222222222222 0.00725 0.017333333333333333
0 0.3515 0.21466666666666667 0.01425 0.010666666666666666
0 0.245 0.035111111111111114 0.01025 0.013777777777777778