0 0.8696666666666667 0.45878378378378376 0.011333333333333334 0.016216216216216217
0 0.444 0.43851351351351353 0.010666666666666666 0.015540540540540541
0 0.4076666666666667 0.8513513513513513 0.009333333333333334 0.015540540540540541
0 0.011 0.577027027027027 0.011333333333333334 0.015540540540540541
0 0.38333333333333336 0.24256756756756756 0.013 0.016216216216216217
0 0.716 0.17702702702702702 0.011666666666666667 0.016216216216216217
0 0.36333333333333334 0.3547297297297297 0.010666666666666666 0.015540540540540541
0 0.017 0.8743243243243243 0.009 0.015540540540540541
0 0.9493333333333334 0.5506756756756757 0.011333333333333334 0.014864864864864866
0 0.4106666666666667 0.9277027027027027 0.011 0.012837837837837839
0 0.9546666666666667 0.2445945945945946 0.012666666666666666 0.016891891891891893
0 0.355 0.25067567567567567 0.013 0.016891891891891893
0 0.8753333333333333 0.3567567567567568 0.009666666666666667 0.016891891891891893
0 0.5956666666666667 0.7108108108108108 0.011666666666666667 0.01756756756756757
0 0.22 0.6641891891891892 0.010666666666666666 0.019594594594594596
0 0.503 0.5594594594594594 0.01 0.014864864864864866
0 0.97 0.26756756756756755 0.013 0.01891891891891892
0 0.2693333333333333 0.5858108108108108 0.008333333333333333 0.016216216216216217
0 0.15733333333333333 0.2905405405405405 0.008666666666666666 0.015540540540540541
0 0.641 0.225 0.01 0.014864864864864866
0 0.14933333333333335 0.17702702702702702 0.012 0.01756756756756757
0 0.52 0.4412162162162162 0.01 0.016216216216216217
0 0.23266666666666666 0.46216216216216216 0.014 0.011486486486486487
0 0.468 0.7972972972972973 0.016 0.011486486486486487
0 0.9386666666666666 0.03310810810810811 0.01 0.016891891891891893
0 0.49633333333333335 0.0891891891891892 0.012666666666666666 0.015540540540540541
0 0.56 0.006756756756756757 0.009333333333333334 0.013513513513513514
0 0.44033333333333335 0.3689189189189189 0.010666666666666666 0.01756756756756757
0 0.5133333333333333 0.33378378378378376 0.013333333333333334 0.014864864864864866
0 0.6353333333333333 0.8722972972972973 0.009 0.016891891891891893
0 0.19033333333333333 0.11824324324324324 0.01 0.014864864864864866
0 0.8526666666666667 0.19256756756756757 0.011666666666666667 0.015540540540540541
0 0.25833333333333336 0.08648648648648649 0.010666666666666666 0.019594594594594596
0 0.6953333333333334 0.6054054054054054 0.008666666666666666 0.01756756756756757
0 0.8293333333333334 0.5540540540540541 0.008333333333333333 0.01891891891891892
0 0.2823333333333333 0.9675675675675676 0.011333333333333334 0.014864864864864866
0 0.884 0.40405405405405403 0.01 0.01891891891891892
0 0.843 0.15945945945945947 0.011333333333333334 0.014864864864864866
0 0.32233333333333336 0.8554054054054054 0.011333333333333334 0.019594594594594596
0 0.4026666666666667 0.05472972972972973 0.012 0.015540540540540541
0 0.37366666666666665 0.7067567567567568 0.013 0.012162162162162163
0 0.487 0.7358108108108108 0.009333333333333334 0.01891891891891892
0 0.8066666666666666 0.20472972972972972 0.011666666666666667 0.016216216216216217
0 0.42133333333333334 0.04932432432432433 0.009333333333333334 0.01891891891891892
0 0.18366666666666667 0.7831081081081082 0.009666666666666667 0.01891891891891892
0 0.7563333333333333 0.16148648648648647 0.009666666666666667 0.019594594594594596
0 0.6143333333333333 0.6385135135135135 0.009 0.016891891891891893
0 0.322 0.6391891891891892 0.008666666666666666 0.012162162162162163
0 0.24066666666666667 0.15 0.009333333333333334 0.015540540540540541
0 0.09366666666666666 0.9094594594594595 0.009666666666666667 0.016891891891891893
0 0.8896666666666667 0.7189189189189189 0.013 0.016891891891891893
0 0.7 0.4358108108108108 0.009333333333333334 0.01756756756756757
0 0.241 0.6459459459459459 0.011 0.019594594594594596
0 0.779 0.26756756756756755 0.013666666666666667 0.015540540540540541
0 0.5993333333333334 0.03648648648648649 0.008 0.02364864864864865
0 0.6053333333333333 0.013513513513513514 0.012 0.01756756756756757
0 0.23466666666666666 0.3952702702702703 0.013666666666666667 0.012837837837837839
0 0.754 0.7959459459459459 0.009333333333333334 0.020945945945945947
0 0.7626666666666667 0.4851351351351351 0.01 0.012837837837837839
0 0.7963333333333333 0.13851351351351351 0.01 0.016891891891891893
0 0.45266666666666666 0.5858108108108108 0.011333333333333334 0.01418918918918919
0 0.78 0.6945945945945946 0.011 0.012162162162162163
0 0.44433333333333336 0.2418918918918919 0.009666666666666667 0.019594594594594596
0 0.8723333333333333 0.8486486486486486 0.012 0.012162162162162163
0 0.037 0.9216216216216216 0.012333333333333333 0.010810810810810811
0 0.051333333333333335 0.9277027027027027 0.016666666666666666 0.010135135135135136
0 0.9 0.6574324324324324 0.011666666666666667 0.012837837837837839
0 0.28833333333333333 0.5682432432432433 0.01 0.01418918918918919
0 0.483 0.6858108108108109 0.011333333333333334 0.01756756756756757
0 0.852 0.7601351351351351 0.011333333333333334 0.012162162162162163
0 0.9526666666666667 0.6054054054054054 0.012 0.01756756756756757
0 0.343 0.40540540540540543 0.009 0.01756756756756757
0 0.372 0.8587837837837838 0.009666666666666667 0.016216216216216217
0 0.269 0.39864864864864863 0.010666666666666666 0.01756756756756757
0 0.6503333333333333 0.9574324324324325 0.006333333333333333 0.02027027027027027
0 0.219 0.9412162162162162 0.012 0.016216216216216217
0 0.23433333333333334 0.422972972972973 0.015333333333333332 0.012162162162162163
0 0.486 0.875 0.009333333333333334 0.01891891891891892
0 0.9696666666666667 0.20405405405405405 0.010666666666666666 0.02027027027027027
0 0.21533333333333332 0.41216216216216217 0.008333333333333333 0.019594594594594596
0 0.7223333333333334 0.845945945945946 0.006666666666666667 0.016891891891891893
0 0.9516666666666667 0.011486486486486487 0.012 0.02027027027027027
0 0.43233333333333335 0.1445945945945946 0.007666666666666666 0.016891891891891893
0 0.9906666666666667 0.7216216216216216 0.007666666666666666 0.01891891891891892
0 0.9233333333333333 0.16756756756756758 0.015666666666666666 0.01418918918918919
0 0.9526666666666667 0.9324324324324325 0.008666666666666666 0.02702702702702703
0 0.9656666666666667 0.9310810810810811 0.009666666666666667 0.015540540540540541
0 0.29033333333333333 0.5858108108108108 0.007 0.015540540540540541
0 0.22833333333333333 0.2445945945945946 0.010666666666666666 0.012837837837837839
0 0.5693333333333334 0.8574324324324324 0.008333333333333333 0.016891891891891893
0 0.339 0.23986486486486486 0.007 0.01756756756756757
0 0.519 0.4743243243243243 0.009 0.016216216216216217
0 0.19333333333333333 0.04256756756756757 0.007666666666666666 0.016891891891891893
0 0.7266666666666667 0.9932432432432432 0.011 0.012162162162162163
0 0.39866666666666667 0.8871621621621621 0.011333333333333334 0.01418918918918919
0 0.20966666666666667 0.5391891891891892 0.008333333333333333 0.01891891891891892
0 0.34933333333333333 0.8108108108108109 0.006666666666666667 0.01891891891891892
0 0.33866666666666667 0.9533783783783784 0.006333333333333333 0.011486486486486487
0 0.13933333333333334 0.7331081081081081 0.008666666666666666 0.014864864864864866
0 0.7543333333333333 0.9081081081081082 0.007666666666666666 0.01891891891891892
0 0.37733333333333335 0.17229729729729729 0.011666666666666667 0.01756756756756757
0 0.37433333333333335 0.7655405405405405 0.007333333333333333 0.02837837837837838
0 0.354 0.4689189189189189 0.007333333333333333 0.01756756756756757
0 0.907 0.7878378378378378 0.009333333333333334 0.015540540540540541
0 0.416 0.5655405405405406 0.01 0.014864864864864866
0 0.679 0.5472972972972973 0.008666666666666666 0.0222972972972973
0 0.15 0.4412162162162162 0.011666666666666667 0.012837837837837839
0 0.5403333333333333 0.8263513513513514 0.006333333333333333 0.016216216216216217
0 0.556 0.4891891891891892 0.007333333333333333 0.016216216216216217
0 0.44 0.9317567567567567 0.009 0.016891891891891893
0 0.21433333333333332 0.8398648648648649 0.014 0.010810810810810811
0 0.5326666666666666 0.6898648648648649 0.006333333333333333 0.016891891891891893
0 0.5 0.8385135135135136 0.007 0.016216216216216217
0 0.393 0.7472972972972973 0.006333333333333333 0.01756756756756757
0 0.48733333333333334 0.21081081081081082 0.012 0.019594594594594596
0 0.5536666666666666 0.9175675675675675 0.006333333333333333 0.01756756756756757
0 0.606 0.475 0.011666666666666667 0.016891891891891893
0 0.2946666666666667 0.1885135135135135 0.007333333333333333 0.012837837837837839
0 0.597 0.9277027027027027 0.011333333333333334 0.01756756756756757
0 0.6416666666666667 0.38175675675675674 0.009333333333333334 0.02027027027027027
0 0.8326666666666667 0.2864864864864865 0.009666666666666667 0.01891891891891892
0 0.458 0.20472972972972972 0.006666666666666667 0.02364864864864865
0 0.9106666666666666 0.7648648648648648 0.011 0.019594594594594596
0 0.33066666666666666 0.5824324324324325 0.008333333333333333 0.01891891891891892
0 0.5823333333333334 0.768918918918919 0.007 0.012162162162162163
0 0.25366666666666665 0.4412162162162162 0.009333333333333334 0.020945945945945947
0 0.5553333333333333 0.12635135135135134 0.007333333333333333 0.014864864864864866
0 0.17933333333333334 0.643918918918919 0.007333333333333333 0.016891891891891893
0 0.36 0.5364864864864864 0.009333333333333334 0.012162162162162163
0 0.348 0.037162162162162164 0.007666666666666666 0.02027027027027027
0 0.157 0.9641891891891892 0.007 0.01418918918918919
0 0.612 0.8878378378378379 0.011666666666666667 0.011486486486486487
0 0.319 0.10540540540540541 0.007333333333333333 0.01891891891891892
0 0.071 0.3236486486486487 0.009666666666666667 0.012837837837837839
0 0.986 0.6702702702702703 0.008666666666666666 0.01891891891891892
0 0.9036666666666666 0.031081081081081083 0.006666666666666667 0.01891891891891892
0 0.6946666666666667 0.7331081081081081 0.009 0.011486486486486487
0 0.3383333333333333 0.16486486486486487 0.009 0.01418918918918919
0 0.8406666666666667 0.3939189189189189 0.011333333333333334 0.016216216216216217
0 0.19933333333333333 0.6594594594594595 0.009666666666666667 0.015540540540540541
0 0.9746666666666667 0.4885135135135135 0.012 0.010135135135135136
0 0.19033333333333333 0.5709459459459459 0.006333333333333333 0.012162162162162163
0 0.333 0.3655405405405405 0.009 0.021621621621621623
0 0.861 0.6486486486486487 0.007333333333333333 0.016891891891891893
0 0.381 0.5790540540540541 0.013 0.012837837837837839
0 0.721 0.39864864864864863 0.014 0.012837837837837839
0 0.6066666666666667 0.7614864864864865 0.009333333333333334 0.016216216216216217
0 0.8633333333333333 0.727027027027027 0.007333333333333333 0.03175675675675676
0 0.18666666666666668 0.7675675675675676 0.009 0.016891891891891893
0 0.20566666666666666 0.1810810810810811 0.009 0.02027027027027027
0 0.32233333333333336 0.34256756756756757 0.008333333333333333 0.016216216216216217
0 0.9596666666666667 0.9439189189189189 0.012666666666666666 0.010810810810810811
0 0.8173333333333334 0.4337837837837838 0.009333333333333334 0.026351351351351353
0 0.021333333333333333 0.3641891891891892 0.009 0.016216216216216217
0 0.23566666666666666 0.5216216216216216 0.007666666666666666 0.016891891891891893
0 0.5526666666666666 0.7655405405405405 0.012666666666666666 0.020945945945945947
0 0.9823333333333333 0.8554054054054054 0.010666666666666666 0.01891891891891892
0 0.035666666666666666 0.3932432432432432 0.009333333333333334 0.012162162162162163
0 0.44 0.9121621621621622 0.009333333333333334 0.02027027027027027
0 0.15833333333333333 0.9797297297297297 0.010666666666666666 0.012837837837837839
0 0.5906666666666667 0.20270270270270271 0.009666666666666667 0.016891891891891893
0 0.595 0.9641891891891892 0.006666666666666667 0.016891891891891893
0 0.7436666666666667 0.9722972972972973 0.006666666666666667 0.020945945945945947
0 0.5213333333333333 0.1810810810810811 0.009333333333333334 0.016891891891891893
0 0.838 0.14256756756756755 0.009333333333333334 0.021621621621621623
0 0.5553333333333333 0.34864864864864864 0.006666666666666667 0.027702702702702704
0 0.134 0.7121621621621622 0.012666666666666666 0.01891891891891892
0 0.4043333333333333 0.5662162162162162 0.009 0.016891891891891893
0 0.983 0.5817567567567568 0.005333333333333333 0.026351351351351353
0 0.759 0.9614864864864865 0.007 0.025
0 0.437 0.8337837837837838 0.006333333333333333 0.016891891891891893
0 0.3883333333333333 0.777027027027027 0.007333333333333333 0.01756756756756757
0 0.413 0.8898648648648648 0.009 0.016216216216216217
0 0.841 0.7290540540540541 0.009333333333333334 0.019594594594594596
0 0.678 0.7601351351351351 0.007666666666666666 0.016216216216216217
0 0.042333333333333334 0.4837837837837838 0.008333333333333333 0.02364864864864865
0 0.7946666666666666 0.6222972972972973 0.009333333333333334 0.01891891891891892
0 0.082 0.20810810810810812 0.007333333333333333 0.016891891891891893
0 0.803 0.7824324324324324 0.006 0.016891891891891893
0 0.39866666666666667 0.6858108108108109 0.012666666666666666 0.012837837837837839
0 0.964 0.23581081081081082 0.007 0.015540540540540541
0 0.9733333333333334 0.22837837837837838 0.007333333333333333 0.020945945945945947
0 0.2843333333333333 0.7243243243243244 0.008333333333333333 0.020945945945945947
0 0.916 0.8925675675675676 0.007 0.020945945945945947
0 0.8746666666666667 0.6722972972972973 0.008333333333333333 0.01756756756756757
0 0.261 0.9195945945945946 0.006666666666666667 0.01756756756756757
0 0.335 0.2959459459459459 0.007666666666666666 0.01891891891891892
0 0.046 0.9831081081081081 0.009666666666666667 0.021621621621621623
0 0.566 0.15202702702702703 0.010666666666666666 0.02972972972972973
0 0.9606666666666667 0.6675675675675675 0.009666666666666667 0.02837837837837838
0 0.04633333333333333 0.7445945945945946 0.007666666666666666 0.02027027027027027
0 0.5153333333333333 0.725 0.007 0.012162162162162163
0 0.014 0.17229729729729729 0.008 0.02364864864864865
0 0.07766666666666666 0.6851351351351351 0.007666666666666666 0.012837837837837839
0 0.3433333333333333 0.11283783783783784 0.009 0.02364864864864865
0 0.6483333333333333 0.1804054054054054 0.006666666666666667 0.01756756756756757
0 0.44166666666666665 0.5662162162162162 0.006333333333333333 0.025
0 0.289 0.2222972972972973 0.008666666666666666 0.0222972972972973
0 0.5406666666666666 0.9898648648648649 0.008666666666666666 0.012837837837837839
0 0.7873333333333333 0.625 0.007666666666666666 0.025
0 0.5386666666666666 0.05405405405405406 0.007666666666666666 0.021621621621621623
0 0.20833333333333334 0.8277027027027027 0.007 0.01756756756756757
0 0.14333333333333334 0.9385135135135135 0.011666666666666667 0.014864864864864866
0 0.131 0.9932432432432432 0.009 0.011486486486486487
0 0.19933333333333333 0.7986486486486486 0.009666666666666667 0.01418918918918919
0 0.516 0.20675675675675675 0.008666666666666666 0.021621621621621623
0 0.36533333333333334 0.5567567567567567 0.008333333333333333 0.020945945945945947
0 0.10633333333333334 0.5797297297297297 0.007333333333333333 0.016891891891891893
0 0.557 0.9668918918918918 0.01 0.021621621621621623
0 0.9946666666666667 0.0831081081081081 0.008666666666666666 0.020945945945945947
0 0.44266666666666665 0.7290540540540541 0.007 0.020945945945945947
0 0.10933333333333334 0.9614864864864865 0.007 0.020945945945945947
0 0.664 0.075 0.007666666666666666 0.019594594594594596
0 0.6896666666666667 0.8209459459459459 0.010666666666666666 0.019594594594594596
0 0.6176666666666667 0.6594594594594595 0.006333333333333333 0.01756756756756757
0 0.21433333333333332 0.8966216216216216 0.006666666666666667 0.019594594594594596
0 0.296 0.7824324324324324 0.009333333333333334 0.011486486486486487
0 0.31066666666666665 0.7614864864864865 0.008333333333333333 0.014864864864864866
0 0.988 0.0804054054054054 0.013333333333333334 0.012837837837837839
0 0.513 0.8054054054054054 0.008 0.02702702702702703
0 0.442 0.33378378378378376 0.008333333333333333 0.016891891891891893
0 0.889 0.37094594594594593 0.007666666666666666 0.019594594594594596
0 0.09266666666666666 0.46418918918918917 0.009333333333333334 0.01891891891891892
0 0.5793333333333334 0.9743243243243244 0.009333333333333334 0.020945945945945947
0 0.6016666666666667 0.9202702702702703 0.007333333333333333 0.0222972972972973
0 0.5163333333333333 0.297972972972973 0.009333333333333334 0.031081081081081083
0 0.44033333333333335 0.17027027027027028 0.01 0.012837837837837839
0 0.306 0.8006756756756757 0.005666666666666667 0.01756756756756757
0 0.30966666666666665 0.7925675675675675 0.006333333333333333 0.014864864864864866
0 0.005333333333333333 0.3452702702702703 0.010666666666666666 0.012837837837837839
0 0.7926666666666666 0.6371621621621621 0.007666666666666666 0.015540540540540541
0 0.7546666666666667 0.3722972972972973 0.014 0.027702702702702704
0 0.07133333333333333 0.23378378378378378 0.007333333333333333 0.02027027027027027
0 0.412 0.10270270270270271 0.007333333333333333 0.016891891891891893
0 0.15733333333333333 0.12905405405405404 0.006666666666666667 0.016891891891891893
0 0.918 0.4905405405405405 0.007666666666666666 0.01756756756756757
0 0.24066666666666667 0.972972972972973 0.006 0.016216216216216217
0 0.969 0.5385135135135135 0.006666666666666667 0.01891891891891892
0 0.3566666666666667 0.529054054054054 0.010333333333333333 0.01418918918918919
0 0.458 0.35945945945945945 0.006 0.02364864864864865
0 0.8176666666666667 0.6662162162162162 0.008666666666666666 0.025675675675675677
0 0.9383333333333334 0.825 0.007 0.010810810810810811
0 0.31333333333333335 0.06013513513513514 0.008333333333333333 0.021621621621621623
0 0.19433333333333333 0.8094594594594594 0.008333333333333333 0.01418918918918919
0 0.8083333333333333 0.6128378378378379 0.006333333333333333 0.027702702702702704
0 0.9016666666666666 0.9662162162162162 0.008333333333333333 0.021621621621621623
0 0.5756666666666667 0.8216216216216217 0.006333333333333333 0.01756756756756757
0 0.8446666666666667 0.38175675675675674 0.011666666666666667 0.01418918918918919
0 0.5736666666666667 0.5533783783783783 0.007333333333333333 0.0222972972972973
0 0.6873333333333334 0.7202702702702702 0.007333333333333333 0.019594594594594596
0 0.133 0.5878378378378378 0.005 0.025675675675675677
0 0.14433333333333334 0.5695945945945946 0.009 0.011486486486486487
0 0.284 0.7702702702702703 0.013666666666666667 0.010135135135135136
0 0.2733333333333333 0.5006756756756757 0.006333333333333333 0.0222972972972973
0 0.37233333333333335 0.4304054054054054 0.007333333333333333 0.025675675675675677
0 0.5746666666666667 0.8074324324324325 0.005 0.0222972972972973
0 0.9546666666666667 0.9128378378378378 0.009666666666666667 0.012837837837837839
0 0.8083333333333333 0.125 0.007 0.018243243243243244
0 0.7696666666666667 0.07635135135135135 0.010666666666666666 0.029054054054054056
0 0.7766666666666666 0.08986486486486486 0.008666666666666666 0.014864864864864866
0 0.6706666666666666 0.9317567567567567 0.006 0.024324324324324326
0 0.5953333333333334 0.7439189189189189 0.007666666666666666 0.030405405405405407
0 0.26366666666666666 0.06418918918918919 0.008333333333333333 0.02364864864864865
0 0.252 0.025 0.015 0.022972972972972974
0 0.31333333333333335 0.16824324324324325 0.007333333333333333 0.032432432432432434
0 0.2996666666666667 0.22702702702702704 0.008 0.02364864864864865
0 0.5223333333333333 0.7851351351351351 0.016 0.020945945945945947
0 0.8983333333333333 0.9513513513513514 0.007333333333333333 0.019594594594594596
0 0.09633333333333334 0.11216216216216217 0.007333333333333333 0.024324324324324326
0 0.15366666666666667 0.16216216216216217 0.011666666666666667 0.02972972972972973
0 0.24066666666666667 0.011486486486486487 0.011 0.022972972972972974
0 0.20733333333333334 0.3689189189189189 0.008666666666666666 0.01891891891891892
0 0.7696666666666667 0.14189189189189189 0.006333333333333333 0.032432432432432434
0 0.9236666666666666 0.4817567567567568 0.01 0.01891891891891892
0 0.9756666666666667 0.475 0.007666666666666666 0.010810810810810811