0 0.94025 0.8733333333333333 0.0115 0.012888888888888889
0 0.866 0.9097777777777778 0.01225 0.016888888888888887
0 0.92275 0.8946666666666667 0.00725 0.021333333333333333
0 0.9315 0.8244444444444444 0.008 0.025333333333333333
0 0.964 0.8057777777777778 0.0145 0.014666666666666666
0 0.85025 0.7804444444444445 0.0075 0.025777777777777778
0 0.696 0.7617777777777778 0.0095 0.012444444444444444
0 0.697 0.7733333333333333 0.00925 0.010222222222222223
0 0.696 0.8297777777777777 0.01075 0.016444444444444446
0 0.686 0.8311111111111111 0.01225 0.013333333333333334
0 0.6785 0.8573333333333333 0.0085 0.014222222222222223
0 0.7045 0.8035555555555556 0.0065 0.012444444444444444
0 0.986 0.496 0.0095 0.010222222222222223
0 0.98125 0.5075555555555555 0.00675 0.019555555555555555
0 0.8425 0.5564444444444444 0.0075 0.01911111111111111
0 0.82025 0.5622222222222222 0.0105 0.012444444444444444
0 0.82075 0.46444444444444444 0.00725 0.018666666666666668
0 0.773 0.5848888888888889 0.0065 0.012444444444444444
0 0.7785 0.6186666666666667 0.00775 0.025777777777777778
0 0.727 0.5982222222222222 0.00575 0.020888888888888887
0 0.698 0.6235555555555555 0.00475 0.021777777777777778
0 0.647 0.6044444444444445 0.00475 0.018666666666666668
0 0.78175 0.6737777777777778 0.00925 0.011111111111111112
0 0.786 0.8106666666666666 0.00725 0.024
0 0.784 0.8311111111111111 0.00875 0.009777777777777778
0 0.85725 0.8315555555555556 0.00775 0.02
0 0.90725 0.7835555555555556 0.0065 0.012888888888888889
0 0.8375 0.9715555555555555 0.005 0.02266666666666667
0 0.747 0.9204444444444444 0.012 0.009333333333333334
0 0.683 0.8844444444444445 0.00775 0.024
0 0.737 0.9195555555555556 0.009 0.012
0 0.70075 0.4728888888888889 0.0085 0.015555555555555555
0 0.6775 0.44666666666666666 0.0095 0.015111111111111112
0 0.8415 0.3088888888888889 0.00575 0.020888888888888887
0 0.7945 0.2906666666666667 0.0065 0.022222222222222223
0 0.7865 0.2826666666666667 0.01125 0.012444444444444444
0 0.7265 0.268 0.0095 0.013777777777777778
0 0.59175 0.9346666666666666 0.013 0.011555555555555555
0 0.538 0.9382222222222222 0.00675 0.015555555555555555
0 0.548 0.8742222222222222 0.01 0.015555555555555555
0 0.5235 0.8786666666666667 0.00575 0.020888888888888887
0 0.53375 0.9128888888888889 0.00675 0.02
0 0.561 0.8391111111111111 0.0095 0.014666666666666666
0 0.5795 0.7693333333333333 0.00675 0.02311111111111111
0 0.56125 0.7791111111111111 0.00525 0.018222222222222223
0 0.63775 0.7746666666666666 0.00825 0.017777777777777778
0 0.64475 0.6768888888888889 0.00575 0.017777777777777778
0 0.53825 0.6893333333333334 0.005 0.02266666666666667
0 0.529 0.66 0.01025 0.012
0 0.52575 0.6746666666666666 0.01125 0.012444444444444444
0 0.5665 0.6697777777777778 0.014 0.013777777777777778
0 0.62725 0.5848888888888889 0.0055 0.01911111111111111
0 0.58275 0.5608888888888889 0.01025 0.010666666666666666
0 0.5945 0.5751111111111111 0.01025 0.013777777777777778
0 0.55 0.6035555555555555 0.00425 0.021777777777777778
0 0.6175 0.48533333333333334 0.00725 0.021333333333333333
0 0.516 0.5293333333333333 0.00775 0.02
0 0.5085 0.5262222222222223 0.00625 0.016444444444444446
0 0.48475 0.4533333333333333 0.01375 0.009333333333333334
0 0.51925 0.41155555555555556 0.0065 0.016
0 0.514 0.39644444444444443 0.006 0.017333333333333333
0 0.515 0.424 0.00425 0.013777777777777778
0 0.52925 0.37155555555555553 0.015 0.012444444444444444
0 0.52075 0.352 0.0045 0.02266666666666667
0 0.5435 0.3373333333333333 0.0095 0.017333333333333333
0 0.57675 0.3511111111111111 0.006 0.020444444444444446
0 0.552 0.3848888888888889 0.00575 0.018666666666666668
0 0.554 0.48355555555555557 0.007 0.016888888888888887
0 0.65875 0.4031111111111111 0.00825 0.016
0 0.65425 0.29644444444444445 0.01075 0.013777777777777778
0 0.634 0.016444444444444446 0.0095 0.010222222222222223
0 0.6105 0.0071111111111111115 0.00575 0.012888888888888889
0 0.3315 0.016444444444444446 0.0095 0.009777777777777778
0 0.38075 0.016 0.00975 0.009333333333333334
0 0.428 0.152 0.013 0.009777777777777778
0 0.472 0.16755555555555557 0.008 0.009777777777777778
0 0.4405 0.17555555555555555 0.00675 0.016444444444444446
0 0.39375 0.148 0.0075 0.016
0 0.20025 0.2822222222222222 0.007 0.02
0 0.81675 0.4706666666666667 0.00675 0.02311111111111111
0 0.9165 0.008888888888888889 0.007 0.017333333333333333
0 0.20325 0.2937777777777778 0.00675 0.016
0 0.48575 0.4533333333333333 0.01325 0.016
0 0.77075 0.8604444444444445 0.014 0.015111111111111112
0 0.61875 0.7715555555555556 0.013 0.016444444444444446
0 0.34425 0.17777777777777778 0.0135 0.017333333333333333
0 0.7515 0.6071111111111112 0.01225 0.021333333333333333
0 0.92375 0.5946666666666667 0.008 0.019555555555555555
0 0.6105 0.828 0.007 0.021777777777777778
0 0.0795 0.09022222222222222 0.0135 0.019555555555555555
0 0.62825 0.39066666666666666 0.0085 0.022222222222222223
0 0.851 0.5368888888888889 0.0095 0.018222222222222223
0 0.89325 0.7048888888888889 0.0105 0.016444444444444446
0 0.80175 0.21244444444444444 0.00725 0.016888888888888887
0 0.212 0.07333333333333333 0.0115 0.01911111111111111
0 0.7725 0.416 0.0065 0.019555555555555555
0 0.7225 0.14888888888888888 0.00675 0.022222222222222223
0 0.73575 0.5604444444444444 0.01325 0.017333333333333333
0 0.5785 0.24222222222222223 0.0065 0.02311111111111111
0 0.521 0.24533333333333332 0.009 0.026222222222222223
0 0.93575 0.076 0.0145 0.012444444444444444
0 0.823 0.09822222222222222 0.01 0.028
0 0.28575 0.19377777777777777 0.015 0.013333333333333334
0 0.85725 0.45866666666666667 0.009 0.015555555555555555
0 0.70525 0.252 0.007 0.024444444444444446
0 0.74025 0.05288888888888889 0.015 0.024
0 0.9585 0.051111111111111114 0.01275 0.017333333333333333
0 0.254 0.42 0.01225 0.014222222222222223
0 0.63475 0.17644444444444443 0.00725 0.020888888888888887
0 0.98225 0.09644444444444444 0.0095 0.018666666666666668
0 0.63875 0.02311111111111111 0.0185 0.020888888888888887
0 0.84725 0.072 0.01275 0.014666666666666666
0 0.2835 0.40755555555555556 0.012 0.014666666666666666
0 0.2705 0.44 0.014 0.013333333333333334
0 0.0155 0.30044444444444446 0.01325 0.015111111111111112
0 0.81925 0.7288888888888889 0.0095 0.025777777777777778
0 0.696 0.13822222222222222 0.0065 0.022222222222222223
0 0.55825 0.07777777777777778 0.0085 0.018666666666666668
0 0.6405 0.12622222222222224 0.01675 0.015111111111111112
0 0.96975 0.656 0.01125 0.012888888888888889
0 0.20175 0.23555555555555555 0.01525 0.016
0 0.16025 0.3431111111111111 0.01525 0.015555555555555555
0 0.2345 0.20666666666666667 0.015 0.012888888888888889
0 0.39875 0.4448888888888889 0.01075 0.014666666666666666
0 0.38375 0.46266666666666667 0.006 0.025333333333333333
0 0.3725 0.4751111111111111 0.009 0.029777777777777778
0 0.226 0.5142222222222222 0.00875 0.018666666666666668
0 0.7635 0.15466666666666667 0.01125 0.015111111111111112
0 0.91 0.42 0.0075 0.012
0 0.17575 0.19733333333333333 0.01 0.014666666666666666
0 0.65025 0.1768888888888889 0.013 0.01911111111111111
0 0.07275 0.6173333333333333 0.0075 0.022222222222222223
0 0.24375 0.5631111111111111 0.0125 0.02266666666666667
0 0.13975 0.20622222222222222 0.0155 0.018666666666666668
0 0.07675 0.7946666666666666 0.0085 0.028444444444444446
0 0.2045 0.10311111111111111 0.0065 0.02666666666666667
0 0.38375 0.31955555555555554 0.007 0.018666666666666668
0 0.45925 0.28888888888888886 0.00575 0.02266666666666667
0 0.45175 0.2995555555555556 0.00475 0.023555555555555555
0 0.42925 0.31155555555555553 0.0135 0.021777777777777778
0 0.4255 0.328 0.0095 0.013777777777777778
0 0.42425 0.3506666666666667 0.00975 0.011555555555555555
0 0.40325 0.3595555555555556 0.01075 0.018666666666666668
0 0.26875 0.35644444444444445 0.0115 0.013333333333333334
0 0.15175 0.3928888888888889 0.0105 0.016888888888888887
0 0.024 0.4106666666666667 0.00525 0.022222222222222223
0 0.46825 0.23422222222222222 0.00875 0.017777777777777778
0 0.449 0.2551111111111111 0.0075 0.015555555555555555
0 0.2655 0.14533333333333334 0.01425 0.011555555555555555
0 0.26775 0.16044444444444445 0.0075 0.015111111111111112
0 0.2585 0.1351111111111111 0.00675 0.02266666666666667
0 0.337 0.06533333333333333 0.0065 0.024444444444444446
0 0.0265 0.12711111111111112 0.0105 0.020888888888888887
0 0.02525 0.22177777777777777 0.00675 0.02
0 0.02225 0.23644444444444446 0.008 0.019555555555555555
0 0.0785 0.168 0.00975 0.010222222222222223
0 0.0645 0.15155555555555555 0.0095 0.010666666666666666
0 0.061 0.16355555555555557 0.01675 0.012
0 0.05725 0.15511111111111112 0.00575 0.012444444444444444
0 0.08625 0.23333333333333334 0.00775 0.014666666666666666
0 0.088 0.24755555555555556 0.0105 0.012444444444444444
0 0.10025 0.26622222222222225 0.0105 0.010222222222222223
0 0.11025 0.312 0.0105 0.010666666666666666
0 0.1925 0.31733333333333336 0.009 0.010222222222222223
0 0.03675 0.06488888888888888 0.00975 0.011111111111111112
0 0.221 0.036 0.0045 0.018222222222222223
0 0.121 0.4444444444444444 0.0145 0.010666666666666666
0 0.056 0.43777777777777777 0.0075 0.012
0 0.06175 0.48977777777777776 0.01275 0.012
0 0.06775 0.5377777777777778 0.012 0.011555555555555555
0 0.12525 0.4742222222222222 0.014 0.012
0 0.16175 0.5626666666666666 0.008 0.021777777777777778
0 0.117 0.5222222222222223 0.009 0.017333333333333333
0 0.09325 0.5022222222222222 0.0095 0.016888888888888887
0 0.0075 0.5568888888888889 0.00825 0.017777777777777778
0 0.0075 0.6128888888888889 0.01025 0.009333333333333334
0 0.03725 0.5897777777777777 0.00725 0.018666666666666668
0 0.095 0.7066666666666667 0.01075 0.009333333333333334
0 0.087 0.6848888888888889 0.0085 0.012444444444444444
0 0.021 0.7848888888888889 0.00475 0.019555555555555555
0 0.0965 0.8262222222222222 0.00775 0.016888888888888887
0 0.042 0.9582222222222222 0.01125 0.013777777777777778
0 0.05975 0.9355555555555556 0.00875 0.025777777777777778
0 0.05675 0.9626666666666667 0.01075 0.011555555555555555
0 0.01975 0.9764444444444444 0.0065 0.010666666666666666
0 0.13225 0.8693333333333333 0.00575 0.016
0 0.146 0.8777777777777778 0.01175 0.017333333333333333
0 0.17175 0.8537777777777777 0.00425 0.01911111111111111
0 0.15225 0.7786666666666666 0.005 0.02311111111111111
0 0.113 0.8004444444444444 0.00575 0.016888888888888887
0 0.21225 0.9106666666666666 0.00925 0.014666666666666666
0 0.2445 0.9324444444444444 0.01675 0.016
0 0.22025 0.932 0.007 0.020888888888888887
0 0.21525 0.9328888888888889 0.007 0.020888888888888887
0 0.187 0.9622222222222222 0.011 0.010222222222222223
0 0.2325 0.8928888888888888 0.00925 0.012
0 0.235 0.8044444444444444 0.008 0.013333333333333334
0 0.2005 0.7871111111111111 0.004 0.016888888888888887
0 0.4605 0.7431111111111111 0.01 0.011555555555555555
0 0.44275 0.7555555555555555 0.00975 0.011555555555555555
0 0.43375 0.7613333333333333 0.005 0.02666666666666667
0 0.42775 0.7942222222222223 0.0135 0.018222222222222223
0 0.44275 0.8328888888888889 0.00975 0.017777777777777778
0 0.46125 0.6697777777777778 0.00675 0.029333333333333333
0 0.48175 0.6995555555555556 0.0085 0.017333333333333333
0 0.4175 0.7346666666666667 0.0065 0.018222222222222223
0 0.417 0.7622222222222222 0.00775 0.029777777777777778
0 0.40325 0.7528888888888889 0.00675 0.022222222222222223
0 0.375 0.7164444444444444 0.0115 0.013333333333333334
0 0.3595 0.692 0.013 0.013333333333333334
0 0.3735 0.908 0.008 0.016
0 0.35175 0.8306666666666667 0.00875 0.023555555555555555
0 0.419 0.5302222222222223 0.01225 0.013777777777777778
0 0.41675 0.5631111111111111 0.0095 0.016
0 0.3635 0.6351111111111111 0.00825 0.026222222222222223
0 0.454 0.7697777777777778 0.007 0.021777777777777778
0 0.475 0.7204444444444444 0.0075 0.01911111111111111
0 0.34625 0.6675555555555556 0.009 0.011111111111111112
0 0.268 0.7035555555555556 0.0075 0.015111111111111112
0 0.3985 0.7497777777777778 0.00525 0.028444444444444446
0 0.4585 0.5968888888888889 0.00875 0.016
0 0.38875 0.5653333333333334 0.01 0.015111111111111112
0 0.29575 0.48133333333333334 0.0115 0.013777777777777778
0 0.25225 0.4737777777777778 0.00575 0.02266666666666667
0 0.4425 0.3933333333333333 0.0125 0.012444444444444444
0 0.2855 0.3035555555555556 0.01025 0.014666666666666666
0 0.42 0.2982222222222222 0.00975 0.016888888888888887
0 0.33675 0.5377777777777778 0.007 0.02666666666666667
0 0.36975 0.5662222222222222 0.00675 0.017777777777777778
0 0.2855 0.5066666666666667 0.01225 0.016444444444444446
0 0.33975 0.3844444444444444 0.011 0.012444444444444444
0 0.34775 0.9902222222222222 0.00925 0.017333333333333333
0 0.45225 0.9795555555555555 0.01525 0.012
0 0.2135 0.8293333333333334 0.00675 0.024888888888888887
0 0.20525 0.9155555555555556 0.00875 0.022222222222222223
0 0.334 0.5648888888888889 0.0075 0.01911111111111111
0 0.4495 0.3288888888888889 0.00625 0.018666666666666668
0 0.45225 0.4608888888888889 0.0075 0.02266666666666667
0 0.459 0.52 0.00675 0.016888888888888887
0 0.2795 0.5528888888888889 0.0055 0.019555555555555555
0 0.35125 0.6186666666666667 0.01125 0.014222222222222223
0 0.50075 0.584 0.0045 0.016888888888888887
0 0.376 0.5564444444444444 0.00525 0.010222222222222223
0 0.34 0.6506666666666666 0.00775 0.011555555555555555
0 0.2285 0.6226666666666667 0.0065 0.019555555555555555
0 0.22275 0.7048888888888889 0.0065 0.02
0 0.28925 0.2751111111111111 0.00575 0.016
0 0.2845 0.22977777777777778 0.00525 0.017333333333333333
0 0.18075 0.8195555555555556 0.00875 0.014222222222222223
0 0.28725 0.9622222222222222 0.0105 0.009333333333333334
0 0.33675 0.8564444444444445 0.00925 0.009777777777777778
0 0.33175 0.8848888888888888 0.00625 0.02311111111111111
0 0.04 0.8826666666666667 0.006 0.017777777777777778
0 0.37925 0.216 0.01575 0.012444444444444444
0 0.3905 0.216 0.005 0.021777777777777778
0 0.39375 0.228 0.0075 0.016888888888888887
0 0.38625 0.22755555555555557 0.007 0.017777777777777778
0 0.38825 0.25377777777777777 0.012 0.022222222222222223
0 0.184 0.2008888888888889 0.00975 0.012888888888888889
0 0.00175 0.5555555555555556 0.0035 0.014222222222222223
0 0.70275 0.3302222222222222 0.01325 0.013333333333333334
0 0.92125 0.7217777777777777 0.00425 0.018222222222222223
0 0.85225 0.7511111111111111 0.00725 0.015111111111111112
0 0.73475 0.9066666666666666 0.009 0.014666666666666666
0 0.5155 0.03333333333333333 0.00675 0.02311111111111111
0 0.48675 0.018666666666666668 0.014 0.02711111111111111
0 0.44375 0.3546666666666667 0.0105 0.009333333333333334
0 0.656 0.3431111111111111 0.00925 0.010666666666666666
0 0.59275 0.6222222222222222 0.013 0.017333333333333333
0 0.32625 0.5831111111111111 0.00875 0.012888888888888889
0 0.6525 0.6137777777777778 0.0065 0.020444444444444446
0 0.621 0.6604444444444444 0.0115 0.015111111111111112
0 0.5145 0.6542222222222223 0.0075 0.018222222222222223
0 0.35025 0.5137777777777778 0.00675 0.015111111111111112