0 0.98475 0.020444444444444446 0.01 0.029333333333333333
0 0.96775 0.132 0.0135 0.021333333333333333
0 0.94925 0.12355555555555556 0.008 0.030222222222222223
0 0.923 0.13733333333333334 0.0055 0.017333333333333333
0 0.916 0.13066666666666665 0.008 0.021333333333333333
0 0.87375 0.10088888888888889 0.014 0.015555555555555555
0 0.8695 0.08755555555555555 0.01 0.02
0 0.835 0.088 0.01275 0.025777777777777778
0 0.861 0.19333333333333333 0.0105 0.021333333333333333
0 0.8915 0.236 0.01325 0.024888888888888887
0 0.91575 0.20577777777777778 0.00675 0.024444444444444446
0 0.9425 0.20577777777777778 0.012 0.014222222222222223
0 0.9585 0.2111111111111111 0.01575 0.016444444444444446
0 0.9385 0.2591111111111111 0.01175 0.01911111111111111
0 0.9035 0.2702222222222222 0.00825 0.02311111111111111
0 0.92175 0.33644444444444443 0.0085 0.030222222222222223
0 0.92225 0.36533333333333334 0.01475 0.02311111111111111
0 0.959 0.3497777777777778 0.0105 0.017777777777777778
0 0.82125 0.18844444444444444 0.00825 0.025777777777777778
0 0.7925 0.2817777777777778 0.01 0.021333333333333333
0 0.77925 0.21688888888888888 0.0075 0.024444444444444446
0 0.7695 0.20533333333333334 0.01175 0.028
0 0.749 0.15733333333333333 0.01575 0.016444444444444446
0 0.73525 0.19733333333333333 0.00625 0.024444444444444446
0 0.78225 0.092 0.01225 0.02266666666666667
0 0.78275 0.007555555555555556 0.00775 0.014666666666666666
0 0.735 0.07511111111111111 0.01 0.02711111111111111
0 0.76675 0.068 0.01025 0.02
0 0.76225 0.288 0.01325 0.02
0 0.8075 0.32222222222222224 0.00825 0.029777777777777778
0 0.82 0.3293333333333333 0.0115 0.020888888888888887
0 0.86225 0.3368888888888889 0.00575 0.022222222222222223
0 0.83325 0.40444444444444444 0.00875 0.030222222222222223
0 0.90275 0.4142222222222222 0.007 0.022222222222222223
0 0.9235 0.43955555555555553 0.00775 0.024444444444444446
0 0.9455 0.4582222222222222 0.00875 0.030222222222222223
0 0.9855 0.42 0.01375 0.015555555555555555
0 0.97425 0.49644444444444447 0.01275 0.01911111111111111
0 0.99675 0.5088888888888888 0.0055 0.024888888888888887
0 0.94075 0.5928888888888889 0.00825 0.036444444444444446
0 0.8755 0.6071111111111112 0.008 0.028
0 0.87425 0.5813333333333334 0.015 0.016888888888888887
0 0.89425 0.6342222222222222 0.00775 0.018222222222222223
0 0.8885 0.624 0.01125 0.015555555555555555
0 0.90875 0.6195555555555555 0.0075 0.03422222222222222
0 0.9575 0.6284444444444445 0.00875 0.02711111111111111
0 0.94825 0.6222222222222222 0.01325 0.016444444444444446
0 0.93525 0.644 0.0115 0.016444444444444446
0 0.953 0.6502222222222223 0.013 0.015555555555555555
0 0.99225 0.6382222222222222 0.00875 0.02266666666666667
0 0.98125 0.6311111111111111 0.0125 0.016444444444444446
0 0.99075 0.6191111111111111 0.01425 0.013333333333333334
0 0.97625 0.6973333333333334 0.00975 0.03111111111111111
0 0.96575 0.7222222222222222 0.0135 0.01911111111111111
0 0.95125 0.7115555555555556 0.0125 0.024888888888888887
0 0.96725 0.7475555555555555 0.0115 0.016
0 0.95225 0.7355555555555555 0.01175 0.019555555555555555
0 0.9245 0.6897777777777778 0.0135 0.02311111111111111
0 0.93125 0.7635555555555555 0.012 0.016
0 0.92225 0.8111111111111111 0.01 0.02711111111111111
0 0.9225 0.788 0.01125 0.021333333333333333
0 0.97025 0.8333333333333334 0.01225 0.026222222222222223
0 0.986 0.8715555555555555 0.0065 0.02666666666666667
0 0.9775 0.8911111111111111 0.01175 0.016888888888888887
0 0.96525 0.9053333333333333 0.01175 0.012888888888888889
0 0.895 0.8386666666666667 0.0145 0.02266666666666667
0 0.85675 0.7595555555555555 0.00825 0.020444444444444446
0 0.9805 0.9591111111111111 0.0095 0.016
0 0.9705 0.9506666666666667 0.01425 0.013333333333333334
0 0.93475 0.9342222222222222 0.0105 0.020888888888888887
0 0.93825 0.9937777777777778 0.0085 0.012444444444444444
0 0.99 0.9955555555555555 0.01 0.008888888888888889
0 0.98125 0.9937777777777778 0.0075 0.012444444444444444
0 0.8655 0.9426666666666667 0.0115 0.021333333333333333
0 0.877 0.9777777777777777 0.014 0.017333333333333333
0 0.86825 0.9884444444444445 0.0085 0.02311111111111111
0 0.83425 0.9866666666666667 0.0065 0.02666666666666667
0 0.82 0.9622222222222222 0.0125 0.021333333333333333
0 0.81325 0.9573333333333334 0.00725 0.024
0 0.817 0.9168888888888889 0.007 0.02266666666666667
0 0.81225 0.9355555555555556 0.00725 0.023555555555555555
0 0.795 0.9711111111111111 0.008 0.020888888888888887
0 0.78625 0.8764444444444445 0.00725 0.02266666666666667
0 0.8215 0.8604444444444445 0.01675 0.023555555555555555
0 0.755 0.9342222222222222 0.01 0.02666666666666667
0 0.756 0.9097777777777778 0.009 0.017333333333333333
0 0.74375 0.9346666666666666 0.0085 0.024
0 0.755 0.9702222222222222 0.00875 0.02266666666666667
0 0.725 0.9875555555555555 0.01375 0.012888888888888889
0 0.7435 0.8217777777777778 0.007 0.020888888888888887
0 0.75175 0.8013333333333333 0.00875 0.024888888888888887
0 0.817 0.7253333333333334 0.0145 0.021333333333333333
0 0.7985 0.7088888888888889 0.008 0.027555555555555555
0 0.784 0.6626666666666666 0.0175 0.01911111111111111
0 0.77775 0.6466666666666666 0.0065 0.03155555555555556
0 0.762 0.692 0.01325 0.011111111111111112
0 0.72975 0.6982222222222222 0.01225 0.018222222222222223
0 0.72975 0.6848888888888889 0.01025 0.021333333333333333
0 0.72325 0.7204444444444444 0.0125 0.017333333333333333
0 0.711 0.724 0.01425 0.016
0 0.70225 0.7191111111111111 0.00875 0.01911111111111111
0 0.70025 0.7528888888888889 0.00975 0.02311111111111111
0 0.7335 0.7733333333333333 0.01175 0.029333333333333333
0 0.68875 0.6302222222222222 0.01225 0.021333333333333333
0 0.75625 0.5342222222222223 0.00725 0.028888888888888888
0 0.77 0.5284444444444445 0.0065 0.024
0 0.79325 0.49822222222222223 0.00875 0.026222222222222223
0 0.79475 0.584 0.01325 0.017333333333333333
0 0.78725 0.4488888888888889 0.0125 0.015555555555555555
0 0.78475 0.416 0.0135 0.029333333333333333
0 0.81275 0.4186666666666667 0.014 0.010222222222222223
0 0.77975 0.38711111111111113 0.0105 0.019555555555555555
0 0.76275 0.412 0.0125 0.017333333333333333
0 0.77625 0.3506666666666667 0.0085 0.03333333333333333
0 0.793 0.3422222222222222 0.0105 0.016
0 0.7315 0.011555555555555555 0.00625 0.02311111111111111
0 0.66225 0.036 0.0145 0.018222222222222223
0 0.674 0.19066666666666668 0.008 0.023555555555555555
0 0.66625 0.288 0.013 0.016888888888888887
0 0.67325 0.2608888888888889 0.00725 0.022222222222222223
0 0.6975 0.4142222222222222 0.01275 0.017777777777777778
0 0.685 0.41644444444444445 0.01175 0.025777777777777778
0 0.64875 0.4048888888888889 0.00875 0.03288888888888889
0 0.602 0.4177777777777778 0.0085 0.02311111111111111
0 0.67425 0.47555555555555556 0.0125 0.017333333333333333
0 0.6785 0.46266666666666667 0.01175 0.009777777777777778
0 0.68125 0.5071111111111111 0.01525 0.023555555555555555
0 0.69425 0.5262222222222223 0.01425 0.019555555555555555
0 0.66075 0.5382222222222223 0.0075 0.014666666666666666
0 0.653 0.5431111111111111 0.011 0.014666666666666666
0 0.65325 0.5164444444444445 0.013 0.01911111111111111
0 0.64325 0.4817777777777778 0.012 0.026222222222222223
0 0.637 0.5008888888888889 0.014 0.017777777777777778
0 0.6215 0.5324444444444445 0.01425 0.020444444444444446
0 0.61075 0.5382222222222223 0.00775 0.024444444444444446
0 0.6785 0.5675555555555556 0.01 0.024444444444444446
0 0.636 0.6186666666666667 0.01225 0.023555555555555555
0 0.62525 0.6471111111111111 0.01 0.021333333333333333
0 0.61275 0.6471111111111111 0.0125 0.016444444444444446
0 0.62575 0.6915555555555556 0.01375 0.012444444444444444
0 0.63875 0.7164444444444444 0.00975 0.021333333333333333
0 0.63525 0.7186666666666667 0.00875 0.016444444444444446
0 0.628 0.7511111111111111 0.01325 0.02
0 0.6095 0.7573333333333333 0.013 0.016
0 0.594 0.7057777777777777 0.01475 0.028888888888888888
0 0.6065 0.7884444444444444 0.0145 0.017333333333333333
0 0.6285 0.8075555555555556 0.01225 0.01911111111111111
0 0.672 0.8271111111111111 0.01475 0.018222222222222223
0 0.622 0.8528888888888889 0.0145 0.016444444444444446
0 0.6395 0.8684444444444445 0.012 0.01911111111111111
0 0.6905 0.9097777777777778 0.0095 0.023555555555555555
0 0.67375 0.912 0.007 0.02666666666666667
0 0.6705 0.984 0.0075 0.029777777777777778
0 0.64325 0.9951111111111111 0.009 0.009777777777777778
0 0.63925 0.9844444444444445 0.0105 0.017777777777777778
0 0.6415 0.972 0.01375 0.012
0 0.62325 0.9764444444444444 0.011 0.013333333333333334
0 0.63675 0.9955555555555555 0.0065 0.008888888888888889
0 0.5785 0.956 0.0175 0.014666666666666666
0 0.5675 0.9404444444444444 0.0135 0.016888888888888887
0 0.56 0.9493333333333334 0.00675 0.029777777777777778
0 0.55875 0.9266666666666666 0.00825 0.02266666666666667
0 0.59175 0.8866666666666667 0.015 0.01911111111111111
0 0.58875 0.8431111111111111 0.01225 0.018222222222222223
0 0.5655 0.8182222222222222 0.01125 0.017777777777777778
0 0.566 0.8502222222222222 0.0065 0.028888888888888888
0 0.56175 0.8413333333333334 0.01075 0.016888888888888887
0 0.5165 0.8906666666666667 0.007 0.03111111111111111
0 0.5355 0.9311111111111111 0.015 0.03111111111111111
0 0.47325 0.9791111111111112 0.01375 0.02666666666666667
0 0.48675 0.9422222222222222 0.013 0.016888888888888887
0 0.49575 0.9186666666666666 0.01125 0.017333333333333333
0 0.5045 0.8977777777777778 0.0065 0.027555555555555555
0 0.49425 0.9066666666666666 0.01275 0.014222222222222223
0 0.49875 0.8791111111111111 0.0055 0.024
0 0.49225 0.8635555555555555 0.008 0.02266666666666667
0 0.48375 0.8831111111111111 0.0095 0.02266666666666667
0 0.47825 0.8355555555555556 0.00975 0.014666666666666666
0 0.47275 0.8284444444444444 0.00675 0.03288888888888889
0 0.5155 0.8413333333333334 0.014 0.016888888888888887
0 0.49825 0.7724444444444445 0.01 0.015555555555555555
0 0.52475 0.7933333333333333 0.00775 0.025777777777777778
0 0.54825 0.7453333333333333 0.0095 0.021333333333333333
0 0.48475 0.7115555555555556 0.0125 0.016
0 0.51 0.7617777777777778 0.01125 0.012444444444444444
0 0.4475 0.784 0.01575 0.016888888888888887
0 0.4405 0.7764444444444445 0.009 0.020888888888888887
0 0.44275 0.9075555555555556 0.00875 0.029777777777777778
0 0.45975 0.9657777777777777 0.01275 0.020888888888888887
0 0.4235 0.9506666666666667 0.01375 0.016
0 0.501 0.5991111111111111 0.015 0.020888888888888887
0 0.56025 0.6186666666666667 0.0085 0.025777777777777778
0 0.48125 0.6191111111111111 0.011 0.021333333333333333
0 0.4795 0.5177777777777778 0.01 0.023555555555555555
0 0.51875 0.49733333333333335 0.012 0.024
0 0.562 0.45466666666666666 0.01525 0.018222222222222223
0 0.54575 0.4017777777777778 0.0105 0.026222222222222223
0 0.50025 0.41955555555555557 0.01025 0.023555555555555555
0 0.513 0.43333333333333335 0.0145 0.018222222222222223
0 0.525 0.4368888888888889 0.00775 0.024444444444444446
0 0.45175 0.3728888888888889 0.015 0.018222222222222223
0 0.5665 0.27644444444444444 0.01675 0.023555555555555555
0 0.56525 0.25244444444444447 0.01275 0.024444444444444446
0 0.558 0.2564444444444444 0.00775 0.022222222222222223
0 0.58975 0.20044444444444445 0.009 0.02311111111111111
0 0.6015 0.2613333333333333 0.01325 0.026222222222222223
0 0.58625 0.164 0.0095 0.02666666666666667
0 0.61075 0.12577777777777777 0.00775 0.028
0 0.54625 0.168 0.01375 0.025777777777777778
0 0.49575 0.14355555555555555 0.01025 0.020444444444444446
0 0.50575 0.18444444444444444 0.0135 0.024444444444444446
0 0.448 0.1902222222222222 0.0165 0.017333333333333333
0 0.44525 0.14355555555555555 0.01375 0.024
0 0.42225 0.20444444444444446 0.01525 0.017777777777777778
0 0.44675 0.24444444444444444 0.0145 0.020444444444444446
0 0.458 0.27466666666666667 0.01225 0.02
0 0.486 0.10088888888888889 0.01075 0.028888888888888888
0 0.53575 0.09955555555555555 0.01475 0.016444444444444446
0 0.5345 0.05688888888888889 0.009 0.024444444444444446
0 0.588 0.009333333333333334 0.01525 0.014222222222222223
0 0.5145 0.013333333333333334 0.015 0.015555555555555555
0 0.51475 0.0035555555555555557 0.0165 0.006666666666666667
0 0.494 0.050222222222222224 0.007 0.036
0 0.47075 0.03866666666666667 0.01625 0.017777777777777778
0 0.47325 0.0071111111111111115 0.01125 0.014222222222222223
0 0.46 0.072 0.008 0.03244444444444444
0 0.45325 0.06533333333333333 0.009 0.01911111111111111
0 0.42375 0.006222222222222222 0.0145 0.012444444444444444
0 0.73175 0.8835555555555555 0.01275 0.017777777777777778
0 0.417 0.7831111111111111 0.0085 0.022222222222222223
0 0.41075 0.7915555555555556 0.0105 0.02
0 0.39875 0.7817777777777778 0.01375 0.012888888888888889
0 0.434 0.8497777777777777 0.006 0.022222222222222223
0 0.3945 0.8488888888888889 0.018 0.014222222222222223
0 0.375 0.8808888888888889 0.01125 0.022222222222222223
0 0.36775 0.8564444444444445 0.0125 0.02266666666666667
0 0.34575 0.9017777777777778 0.017 0.018222222222222223
0 0.35525 0.9813333333333333 0.00875 0.03244444444444444
0 0.29975 0.8991111111111111 0.01225 0.02311111111111111
0 0.3135 0.9293333333333333 0.015 0.01911111111111111
0 0.30775 0.8782222222222222 0.01225 0.014666666666666666
0 0.32425 0.8706666666666667 0.009 0.02266666666666667
0 0.3335 0.86 0.009 0.021333333333333333
0 0.357 0.7648888888888888 0.01225 0.014666666666666666
0 0.368 0.7088888888888889 0.01325 0.017333333333333333
0 0.39525 0.6977777777777778 0.01025 0.02311111111111111
0 0.405 0.7386666666666667 0.01625 0.019555555555555555
0 0.40075 0.6555555555555556 0.00525 0.021333333333333333
0 0.327 0.7093333333333334 0.01025 0.02711111111111111
0 0.30925 0.7253333333333334 0.00875 0.028888888888888888
0 0.253 0.7924444444444444 0.0105 0.02666666666666667
0 0.254 0.8768888888888889 0.0115 0.028
0 0.213 0.8875555555555555 0.0125 0.022222222222222223
0 0.2095 0.8328888888888889 0.0095 0.024888888888888887
0 0.19225 0.8155555555555556 0.0105 0.028888888888888888
0 0.18175 0.8457777777777777 0.01125 0.023555555555555555
0 0.43025 0.4902222222222222 0.01025 0.036
0 0.414 0.5395555555555556 0.01 0.026222222222222223
0 0.424 0.5524444444444444 0.015 0.01911111111111111
0 0.38625 0.6004444444444444 0.0145 0.016
0 0.302 0.6342222222222222 0.0105 0.028888888888888888
0 0.27 0.644 0.0125 0.02711111111111111
0 0.2815 0.6648888888888889 0.01375 0.023555555555555555
0 0.3855 0.4457777777777778 0.012 0.024888888888888887
0 0.3765 0.4351111111111111 0.012 0.015555555555555555
0 0.372 0.42577777777777776 0.00975 0.011111111111111112
0 0.36525 0.4368888888888889 0.0115 0.016
0 0.3645 0.4222222222222222 0.01225 0.015555555555555555
0 0.35225 0.4351111111111111 0.0065 0.020888888888888887
0 0.35525 0.47644444444444445 0.013 0.013777777777777778
0 0.347 0.46355555555555555 0.01 0.015555555555555555
0 0.321 0.4008888888888889 0.01175 0.016444444444444446
0 0.30475 0.43466666666666665 0.013 0.017777777777777778
0 0.3475 0.4177777777777778 0.0095 0.017777777777777778
0 0.28525 0.48577777777777775 0.014 0.016888888888888887
0 0.2765 0.436 0.0055 0.02
0 0.25675 0.42488888888888887 0.007 0.022222222222222223
0 0.247 0.42577777777777776 0.0065 0.026222222222222223
0 0.27025 0.3897777777777778 0.01225 0.016888888888888887
0 0.29625 0.312 0.01225 0.01911111111111111
0 0.3775 0.24444444444444444 0.01125 0.018222222222222223
0 0.3775 0.19377777777777777 0.0085 0.032
0 0.40825 0.2942222222222222 0.011 0.029333333333333333
0 0.391 0.3022222222222222 0.0095 0.028888888888888888
0 0.31975 0.19822222222222222 0.0135 0.019555555555555555
0 0.97625 0.36933333333333335 0.00825 0.016444444444444446
0 0.39075 0.02711111111111111 0.01525 0.022222222222222223
0 0.3315 0.076 0.01575 0.019555555555555555
0 0.35575 0.05333333333333334 0.009 0.016888888888888887
0 0.327 0.01911111111111111 0.01325 0.016
0 0.32175 0.03911111111111111 0.01025 0.024444444444444446
0 0.27075 0.09022222222222222 0.0105 0.020444444444444446
0 0.26625 0.07022222222222223 0.0115 0.023555555555555555
0 0.2475 0.057777777777777775 0.009 0.018666666666666668
0 0.238 0.06 0.00925 0.030222222222222223
0 0.31075 0.7751111111111111 0.01075 0.016
0 0.219 0.6062222222222222 0.009 0.03288888888888889
0 0.21425 0.5204444444444445 0.01125 0.022222222222222223
0 0.276 0.2591111111111111 0.01 0.030222222222222223
0 0.2605 0.30577777777777776 0.01075 0.03111111111111111
0 0.2065 0.1688888888888889 0.019 0.015111111111111112
0 0.19525 0.14266666666666666 0.013 0.02666666666666667
0 0.196 0.088 0.008 0.02311111111111111
0 0.18725 0.08444444444444445 0.013 0.032
0 0.175 0.037333333333333336 0.01225 0.02666666666666667
0 0.14825 0.042666666666666665 0.008 0.030222222222222223
0 0.149 0.19866666666666666 0.01125 0.035555555555555556
0 0.17075 0.27466666666666667 0.01 0.022222222222222223
0 0.19 0.37422222222222223 0.01675 0.019555555555555555
0 0.17275 0.3662222222222222 0.01225 0.019555555555555555
0 0.15575 0.35244444444444445 0.0085 0.03288888888888889
0 0.21175 0.34933333333333333 0.009 0.02311111111111111
0 0.165 0.41333333333333333 0.01525 0.019555555555555555
0 0.165 0.4728888888888889 0.009 0.04088888888888889
0 0.5045 0.036444444444444446 0.01125 0.016
0 0.185 0.6777777777777778 0.0085 0.024888888888888887
0 0.157 0.6515555555555556 0.013 0.03111111111111111
0 0.157 0.6102222222222222 0.0085 0.024888888888888887
0 0.1695 0.7444444444444445 0.0135 0.019555555555555555
0 0.166 0.7946666666666666 0.013 0.019555555555555555
0 0.156 0.7853333333333333 0.01175 0.034666666666666665
0 0.15225 0.7613333333333333 0.0135 0.016888888888888887
0 0.1405 0.7404444444444445 0.01625 0.020444444444444446
0 0.07425 0.7306666666666667 0.01275 0.024
0 0.0615 0.7026666666666667 0.009 0.028444444444444446
0 0.091 0.7062222222222222 0.018 0.02666666666666667
0 0.082 0.68 0.01 0.041777777777777775
0 0.1265 0.616 0.01075 0.024
0 0.0895 0.5808888888888889 0.009 0.030222222222222223
0 0.0775 0.5871111111111111 0.015 0.016
0 0.0525 0.6711111111111111 0.01 0.03111111111111111
0 0.0305 0.7217777777777777 0.00725 0.024
0 0.02275 0.7084444444444444 0.00725 0.024
0 0.01675 0.7071111111111111 0.0105 0.016
0 0.0105 0.5542222222222222 0.01075 0.02666666666666667
0 0.173 0.5364444444444444 0.014 0.015555555555555555
0 0.165 0.5444444444444444 0.01225 0.014666666666666666
0 0.113 0.4737777777777778 0.007 0.02711111111111111
0 0.11225 0.4608888888888889 0.01 0.018666666666666668
0 0.10475 0.524 0.007 0.028
0 0.0865 0.5488888888888889 0.0065 0.016444444444444446
0 0.0425 0.5133333333333333 0.00775 0.019555555555555555
0 0.026 0.4786666666666667 0.012 0.021777777777777778
0 0.0055 0.47155555555555556 0.011 0.018666666666666668
0 0.03575 0.4182222222222222 0.01575 0.012888888888888889
0 0.00575 0.3857777777777778 0.00975 0.017777777777777778
0 0.122 0.36 0.00825 0.028
0 0.09075 0.30622222222222223 0.00925 0.02711111111111111
0 0.04425 0.3293333333333333 0.01 0.03111111111111111
0 0.0335 0.25333333333333335 0.00875 0.026222222222222223
0 0.07975 0.25733333333333336 0.01125 0.013777777777777778
0 0.08325 0.24755555555555556 0.01175 0.014222222222222223
0 0.089 0.2737777777777778 0.01425 0.015111111111111112
0 0.1225 0.268 0.0145 0.024444444444444446
0 0.12675 0.21911111111111112 0.00775 0.022222222222222223
0 0.05925 0.19377777777777777 0.012 0.02666666666666667
0 0.06825 0.17822222222222223 0.0075 0.028444444444444446
0 0.062 0.17066666666666666 0.01125 0.022222222222222223
0 0.0525 0.15733333333333333 0.006 0.017777777777777778
0 0.0775 0.1537777777777778 0.0155 0.014666666666666666
0 0.09625 0.10755555555555556 0.014 0.016888888888888887
0 0.05525 0.04622222222222222 0.00975 0.024444444444444446
0 0.0285 0.04577777777777778 0.00825 0.02311111111111111
0 0.2505 0.18577777777777776 0.01 0.012
0 0.255 0.21644444444444444 0.008 0.021333333333333333
0 0.242 0.5933333333333334 0.0105 0.020888888888888887
0 0.78425 0.35155555555555557 0.0105 0.014222222222222223
0 0.55775 0.6497777777777778 0.0095 0.03155555555555556
0 0.5675 0.6168888888888889 0.01025 0.020888888888888887
0 0.5835 0.6773333333333333 0.0105 0.018666666666666668
0 0.724 0.7315555555555555 0.01175 0.012444444444444444
0 0.99675 0.8146666666666667 0.0065 0.022222222222222223
0 0.98675 0.8893333333333333 0.01025 0.020444444444444446
0 0.64025 0.584 0.008 0.016444444444444446
0 0.56175 0.5897777777777777 0.014 0.017333333333333333
0 0.454 0.43733333333333335 0.01075 0.012888888888888889