0 0.072 0.208 0.0095 0.020888888888888887
0 0.20225 0.15911111111111112 0.011 0.020444444444444446
0 0.358 0.4177777777777778 0.0105 0.022222222222222223
0 0.35875 0.40044444444444444 0.0115 0.017333333333333333
0 0.4235 0.4533333333333333 0.011 0.015555555555555555
0 0.50425 0.4862222222222222 0.0085 0.025333333333333333
0 0.17625 0.7911111111111111 0.00725 0.030666666666666665
0 0.44625 0.9071111111111111 0.009 0.024
0 0.5115 0.47733333333333333 0.0075 0.03288888888888889
0 0.65 0.4275555555555556 0.0105 0.024888888888888887
0 0.6615 0.31466666666666665 0.0135 0.012888888888888889
0 0.64575 0.3288888888888889 0.01 0.008888888888888889
0 0.6805 0.3502222222222222 0.00625 0.02666666666666667
0 0.6855 0.36666666666666664 0.01025 0.015555555555555555
0 0.62425 0.37866666666666665 0.0055 0.02
0 0.68375 0.2822222222222222 0.006 0.02666666666666667
0 0.56575 0.15733333333333333 0.0095 0.02
0 0.5755 0.15733333333333333 0.011 0.010666666666666666
0 0.596 0.11911111111111111 0.0095 0.016888888888888887
0 0.5855 0.112 0.01175 0.009333333333333334
0 0.679 0.12844444444444444 0.005 0.020444444444444446
0 0.66525 0.09822222222222222 0.00825 0.02
0 0.6755 0.08977777777777778 0.0085 0.022222222222222223
0 0.67175 0.09422222222222222 0.0095 0.021777777777777778
0 0.63925 0.11688888888888889 0.006 0.027555555555555555
0 0.67275 0.24844444444444444 0.0115 0.011555555555555555
0 0.669 0.7124444444444444 0.00525 0.019555555555555555
0 0.6795 0.7022222222222222 0.01075 0.011111111111111112
0 0.55075 0.8577777777777778 0.00725 0.025777777777777778
0 0.6115 0.9817777777777777 0.00725 0.020888888888888887
0 0.6145 0.9866666666666667 0.007 0.02666666666666667
0 0.0225 0.2431111111111111 0.0085 0.015555555555555555
0 0.25825 0.37377777777777776 0.011 0.013333333333333334
0 0.7375 0.9911111111111112 0.0115 0.017333333333333333
0 0.26775 0.37066666666666664 0.00825 0.010666666666666666
0 0.55725 0.7048888888888889 0.0065 0.024444444444444446
0 0.58275 0.7155555555555555 0.01225 0.013333333333333334
0 0.5035 0.7373333333333333 0.00825 0.011111111111111112
0 0.02 0.24177777777777779 0.01425 0.019555555555555555
0 0.6135 0.9844444444444445 0.01075 0.030666666666666665
0 0.26225 0.37244444444444447 0.02 0.016888888888888887
0 0.51025 0.8768888888888889 0.011 0.021333333333333333
0 0.424 0.5795555555555556 0.01 0.025777777777777778
0 0.23525 0.45555555555555555 0.00775 0.026222222222222223
0 0.3925 0.6208888888888889 0.012 0.015111111111111112
0 0.0855 0.8306666666666667 0.00825 0.024888888888888887
0 0.44375 0.18488888888888888 0.01325 0.012444444444444444
0 0.192 0.82 0.00725 0.022222222222222223
0 0.0825 0.7346666666666667 0.00775 0.022222222222222223
0 0.27475 0.9373333333333334 0.0075 0.025333333333333333
0 0.01075 0.17822222222222223 0.0105 0.02666666666666667
0 0.044 0.8191111111111111 0.00825 0.020444444444444446
0 0.4225 0.8782222222222222 0.008 0.020444444444444446
0 0.40025 0.96 0.01075 0.016888888888888887
0 0.3645 0.9493333333333334 0.00825 0.02666666666666667
0 0.339 0.8462222222222222 0.011 0.021777777777777778
0 0.48025 0.5111111111111111 0.01475 0.015111111111111112
0 0.16975 0.8262222222222222 0.01125 0.018222222222222223
0 0.226 0.972 0.00775 0.02311111111111111
0 0.57875 0.8497777777777777 0.01225 0.022222222222222223
0 0.32575 0.07333333333333333 0.007 0.02311111111111111
0 0.6075 0.4728888888888889 0.01075 0.019555555555555555
0 0.154 0.8693333333333333 0.0065 0.023555555555555555
0 0.3125 0.36 0.00875 0.015555555555555555
0 0.381 0.12088888888888889 0.00725 0.018222222222222223
0 0.1495 0.5386666666666666 0.00925 0.017777777777777778
0 0.54125 0.7288888888888889 0.00975 0.01911111111111111
0 0.274 0.9768888888888889 0.00825 0.019555555555555555
0 0.113 0.4017777777777778 0.0135 0.01911111111111111
0 0.24225 0.8324444444444444 0.007 0.020444444444444446
0 0.08025 0.7706666666666667 0.00825 0.02266666666666667
0 0.1375 0.5773333333333334 0.0105 0.019555555555555555
0 0.47625 0.6968888888888889 0.0075 0.02711111111111111
0 0.34475 0.8875555555555555 0.008 0.017777777777777778
0 0.20275 0.45022222222222225 0.01075 0.023555555555555555
0 0.04925 0.26711111111111113 0.012 0.020444444444444446
0 0.11375 0.8057777777777778 0.0125 0.013777777777777778
0 0.462 0.11288888888888889 0.01175 0.020888888888888887
0 0.09375 0.4902222222222222 0.00975 0.030222222222222223
0 0.6525 0.5026666666666667 0.01525 0.016888888888888887
0 0.37625 0.7546666666666667 0.0085 0.016888888888888887
0 0.22825 0.9928888888888889 0.0075 0.014222222222222223
0 0.26225 0.6386666666666667 0.008 0.022222222222222223
0 0.4365 0.3622222222222222 0.007 0.029777777777777778
0 0.30825 0.7462222222222222 0.0065 0.020888888888888887
0 0.22425 0.5546666666666666 0.00825 0.024444444444444446
0 0.11825 0.27066666666666667 0.008 0.02311111111111111
0 0.093 0.404 0.01125 0.012888888888888889
0 0.67825 0.6026666666666667 0.0135 0.016888888888888887
0 0.12925 0.09733333333333333 0.0095 0.023555555555555555
0 0.69925 0.5773333333333334 0.0065 0.02711111111111111
0 0.1205 0.5311111111111111 0.00925 0.013333333333333334
0 0.28825 0.021777777777777778 0.00875 0.021333333333333333
0 0.54575 0.2111111111111111 0.00725 0.027555555555555555
0 0.05625 0.4146666666666667 0.01 0.024888888888888887
0 0.00475 0.7275555555555555 0.0095 0.024444444444444446
0 0.691 0.9937777777777778 0.009 0.012444444444444444
0 0.34 0.6906666666666667 0.00875 0.02
0 0.3395 0.6471111111111111 0.012 0.016444444444444446
0 0.5875 0.24977777777777777 0.01375 0.015555555555555555
0 0.06575 0.9933333333333333 0.0095 0.013333333333333334
0 0.814 0.43244444444444446 0.014 0.014666666666666666
0 0.69125 0.6564444444444445 0.01325 0.017777777777777778
0 0.28075 0.27466666666666667 0.00825 0.012888888888888889
0 0.82925 0.5284444444444445 0.015 0.013777777777777778
0 0.67325 0.4448888888888889 0.01575 0.018222222222222223
0 0.89575 0.2982222222222222 0.01275 0.017333333333333333
0 0.8015 0.9484444444444444 0.0115 0.017777777777777778
0 0.372 0.5106666666666667 0.00675 0.020888888888888887
0 0.768 0.36133333333333334 0.01175 0.017777777777777778
0 0.8165 0.48577777777777775 0.015 0.016
0 0.37 0.316 0.012 0.016444444444444446
0 0.0095 0.9831111111111112 0.0095 0.032
0 0.907 0.7115555555555556 0.00775 0.03155555555555556
0 0.82675 0.6195555555555555 0.0065 0.02
0 0.84925 0.58 0.014 0.013333333333333334
0 0.5175 0.8337777777777777 0.01125 0.01911111111111111
0 0.8 0.8546666666666667 0.01125 0.017777777777777778
0 0.82925 0.8404444444444444 0.015 0.015555555555555555
0 0.811 0.7173333333333334 0.01375 0.014222222222222223
0 0.77075 0.644 0.007 0.015111111111111112
0 0.77325 0.388 0.0055 0.029333333333333333
0 0.73925 0.31244444444444447 0.0115 0.012
0 0.909 0.26844444444444443 0.0105 0.010666666666666666
0 0.74125 0.21466666666666667 0.00825 0.016888888888888887
0 0.856 0.3502222222222222 0.011 0.010222222222222223
0 0.8285 0.3662222222222222 0.0115 0.010666666666666666
0 0.97825 0.26711111111111113 0.01475 0.010666666666666666
0 0.96075 0.3675555555555556 0.009 0.018666666666666668
0 0.048 0.016 0.01475 0.03111111111111111
0 0.05825 0.08933333333333333 0.009 0.028888888888888888
0 0.06825 0.10533333333333333 0.0135 0.021777777777777778
0 0.183 0.1408888888888889 0.012 0.016444444444444446
0 0.18825 0.12622222222222224 0.009 0.02266666666666667
0 0.278 0.18666666666666668 0.012 0.012444444444444444
0 0.25275 0.2591111111111111 0.01 0.028
0 0.359 0.24133333333333334 0.01275 0.029777777777777778
0 0.39925 0.09955555555555555 0.01075 0.017777777777777778
0 0.35075 0.14222222222222222 0.0125 0.012444444444444444
0 0.38175 0.018666666666666668 0.009 0.028888888888888888
0 0.3945 0.028888888888888888 0.0145 0.016444444444444446
0 0.4075 0.020444444444444446 0.01175 0.03822222222222222
0 0.422 0.022222222222222223 0.0155 0.028
0 0.45 0.08711111111111111 0.01525 0.02311111111111111
0 0.4665 0.08444444444444445 0.0115 0.025777777777777778
0 0.48475 0.024 0.01575 0.018222222222222223
0 0.49475 0.06933333333333333 0.01675 0.01911111111111111
0 0.5075 0.13866666666666666 0.00975 0.03422222222222222
0 0.51 0.0017777777777777779 0.008 0.003111111111111111
0 0.53825 0.152 0.01475 0.01911111111111111
0 0.43675 0.30533333333333335 0.012 0.01911111111111111
0 0.237 0.33111111111111113 0.00775 0.02311111111111111
0 0.256 0.3333333333333333 0.01325 0.021777777777777778
0 0.2775 0.5164444444444445 0.01375 0.01911111111111111
0 0.27575 0.5 0.01375 0.011111111111111112
0 0.268 0.5248888888888888 0.01025 0.020888888888888887
0 0.259 0.5982222222222222 0.013 0.02266666666666667
0 0.2345 0.54 0.01425 0.015111111111111112
0 0.12725 0.48488888888888887 0.01525 0.012888888888888889
0 0.10725 0.8342222222222222 0.015 0.019555555555555555
0 0.26875 0.6026666666666667 0.00975 0.027555555555555555
0 0.3435 0.5977777777777777 0.015 0.017777777777777778
0 0.3525 0.6137777777777778 0.01625 0.017777777777777778
0 0.66425 0.7142222222222222 0.006 0.03155555555555556
0 0.9675 0.06355555555555556 0.009 0.023555555555555555
0 0.96775 0.043555555555555556 0.01175 0.02311111111111111
0 0.92525 0.007555555555555556 0.0165 0.013777777777777778
0 0.85 0.07866666666666666 0.01025 0.025777777777777778
0 0.766 0.035111111111111114 0.0145 0.024888888888888887
0 0.73025 0.028444444444444446 0.0065 0.028444444444444446
0 0.77025 0.08977777777777778 0.01325 0.017333333333333333
0 0.7785 0.1328888888888889 0.00625 0.030222222222222223
0 0.78475 0.1328888888888889 0.00675 0.021333333333333333
0 0.74875 0.10311111111111111 0.00625 0.020444444444444446
0 0.7515 0.21466666666666667 0.009 0.024
0 0.76 0.3288888888888889 0.0115 0.023555555555555555
0 0.773 0.31733333333333336 0.00925 0.028
0 0.87125 0.3022222222222222 0.016 0.016888888888888887
0 0.86875 0.604 0.01875 0.020888888888888887
0 0.88075 0.6253333333333333 0.01425 0.012888888888888889
0 0.91175 0.6857777777777778 0.01525 0.016444444444444446
0 0.989 0.7142222222222222 0.01925 0.021333333333333333
0 0.974 0.7471111111111111 0.01525 0.017777777777777778
0 0.95525 0.7515555555555555 0.008 0.029333333333333333
0 0.94775 0.7462222222222222 0.01175 0.026222222222222223
0 0.82525 0.7248888888888889 0.0085 0.02266666666666667
0 0.88975 0.8031111111111111 0.013 0.021333333333333333
0 0.854 0.8551111111111112 0.00975 0.029333333333333333
0 0.7615 0.9306666666666666 0.01175 0.028888888888888888
0 0.75075 0.9417777777777778 0.0135 0.02
0 0.67775 0.9728888888888889 0.0125 0.026222222222222223
0 0.7765 0.9506666666666667 0.01375 0.025777777777777778
0 0.971 0.9293333333333333 0.0125 0.015555555555555555
0 0.98125 0.8924444444444445 0.013 0.017777777777777778
0 0.98575 0.9151111111111111 0.01075 0.025333333333333333
0 0.96475 0.9902222222222222 0.0155 0.019555555555555555
0 0.97625 0.9862222222222222 0.01325 0.012888888888888889
0 0.963 0.9573333333333334 0.017 0.020444444444444446
0 0.7585 0.0008888888888888889 0.01475 0.0017777777777777779
0 0.54525 0.4831111111111111 0.01625 0.01911111111111111
0 0.46525 0.9404444444444444 0.01275 0.017333333333333333
0 0.663 0.8582222222222222 0.00875 0.024
0 0.80175 0.7546666666666667 0.008 0.01911111111111111
0 0.80525 0.7657777777777778 0.0065 0.021777777777777778
0 0.952 0.49822222222222223 0.01275 0.018222222222222223
0 0.87775 0.5017777777777778 0.01325 0.014666666666666666
0 0.9445 0.4408888888888889 0.01175 0.012888888888888889
0 0.7555 0.8057777777777778 0.011 0.02
0 0.48875 0.672 0.016 0.017777777777777778
0 0.59725 0.8133333333333334 0.0095 0.028888888888888888