0 0.37 0.5084444444444445 0.00975 0.014666666666666666
0 0.25275 0.31066666666666665 0.014 0.013777777777777778
0 0.74225 0.45466666666666666 0.0165 0.013777777777777778
0 0.52425 0.30666666666666664 0.01025 0.016888888888888887
0 0.24275 0.4288888888888889 0.012 0.013333333333333334
0 0.6465 0.5831111111111111 0.011 0.012444444444444444
0 0.46425 0.3075555555555556 0.0145 0.015555555555555555
0 0.0545 0.1768888888888889 0.016 0.013333333333333334
0 0.32725 0.7151111111111111 0.01025 0.012444444444444444
0 0.21 0.6746666666666666 0.013 0.013777777777777778
0 0.7325 0.5893333333333334 0.0105 0.013777777777777778
0 0.28675 0.576 0.0095 0.016444444444444446
0 0.8405 0.9813333333333333 0.011 0.013777777777777778
0 0.69275 0.6155555555555555 0.01125 0.014666666666666666
0 0.59925 0.31466666666666665 0.0095 0.015555555555555555
0 0.248 0.19333333333333333 0.0125 0.014666666666666666
0 0.471 0.16577777777777777 0.00975 0.016888888888888887
0 0.235 0.5857777777777777 0.00975 0.016444444444444446
0 0.7315 0.5328888888888889 0.01125 0.016888888888888887
0 0.114 0.07644444444444444 0.011 0.014666666666666666
0 0.609 0.9653333333333334 0.01175 0.015555555555555555
0 0.2425 0.22 0.009 0.016888888888888887
0 0.54025 0.35244444444444445 0.0125 0.013777777777777778
0 0.753 0.2351111111111111 0.009 0.020888888888888887
0 0.40525 0.3631111111111111 0.012 0.015555555555555555
0 0.4955 0.9591111111111111 0.01025 0.013777777777777778
0 0.51925 0.9622222222222222 0.01025 0.015555555555555555
0 0.7375 0.7795555555555556 0.0085 0.016444444444444446
0 0.1835 0.018666666666666668 0.00675 0.015555555555555555
0 0.91625 0.7266666666666667 0.009 0.013777777777777778
0 0.38075 0.5422222222222223 0.01175 0.012444444444444444
0 0.89425 0.9822222222222222 0.009 0.012444444444444444
0 0.74025 0.896 0.011 0.016444444444444446
0 0.61625 0.6608888888888889 0.013 0.013777777777777778
0 0.26925 0.16 0.00825 0.016444444444444446
0 0.2845 0.030666666666666665 0.00975 0.017777777777777778
0 0.42675 0.9675555555555555 0.009 0.012444444444444444
0 0.3705 0.4053333333333333 0.00975 0.013333333333333334
0 0.40825 0.6337777777777778 0.0095 0.015555555555555555
0 0.65875 0.2697777777777778 0.01525 0.013777777777777778
0 0.2665 0.20844444444444443 0.012 0.018666666666666668
0 0.487 0.6928888888888889 0.0085 0.020888888888888887
0 0.73725 0.9084444444444445 0.012 0.010666666666666666
0 0.90625 0.04622222222222222 0.00925 0.02266666666666667
0 0.911 0.007555555555555556 0.01 0.015111111111111112
0 0.07225 0.3542222222222222 0.0085 0.017777777777777778
0 0.05575 0.7662222222222222 0.014 0.015555555555555555
0 0.539 0.092 0.0125 0.016888888888888887
0 0.6925 0.3751111111111111 0.00675 0.016888888888888887
0 0.556 0.7666666666666667 0.00825 0.016888888888888887
0 0.578 0.7124444444444444 0.01125 0.016888888888888887
0 0.27575 0.7226666666666667 0.01325 0.012444444444444444
0 0.583 0.24844444444444444 0.01125 0.018666666666666668
0 0.6325 0.756 0.014 0.015555555555555555
0 0.3835 0.24977777777777777 0.01325 0.02711111111111111
0 0.38475 0.7791111111111111 0.01175 0.010666666666666666
0 0.26575 0.512 0.0105 0.012444444444444444
0 0.57725 0.6031111111111112 0.0105 0.017777777777777778
0 0.9875 0.2408888888888889 0.01175 0.018666666666666668
0 0.89275 0.8604444444444445 0.0105 0.012444444444444444
0 0.69 0.884 0.0105 0.015555555555555555
0 0.07075 0.1288888888888889 0.00675 0.019555555555555555
0 0.07675 0.13733333333333334 0.009 0.013333333333333334
0 0.71575 0.41244444444444445 0.01125 0.019555555555555555
0 0.6845 0.9182222222222223 0.00975 0.017777777777777778
0 0.13075 0.7786666666666666 0.01025 0.016888888888888887
0 0.05575 0.3546666666666667 0.009 0.013777777777777778
0 0.049 0.8168888888888889 0.00975 0.020888888888888887
0 0.6045 0.03155555555555556 0.01125 0.012444444444444444
0 0.4835 0.2511111111111111 0.01075 0.021777777777777778
0 0.3005 0.7537777777777778 0.01325 0.010666666666666666
0 0.173 0.17155555555555554 0.014 0.012888888888888889
0 0.85675 0.9044444444444445 0.0075 0.016444444444444446
0 0.40375 0.1497777777777778 0.01175 0.012888888888888889
0 0.404 0.11822222222222223 0.01125 0.014666666666666666
0 0.97375 0.17866666666666667 0.00675 0.020444444444444446
0 0.97125 0.1622222222222222 0.009 0.016444444444444446
0 0.34175 0.64 0.0085 0.012444444444444444
0 0.65675 0.7928888888888889 0.01525 0.013333333333333334
0 0.42 0.29777777777777775 0.01475 0.013333333333333334
0 0.7835 0.02711111111111111 0.0105 0.012444444444444444
0 0.8165 0.2604444444444444 0.01175 0.013333333333333334
0 0.16775 0.556 0.00975 0.012444444444444444
0 0.288 0.8768888888888889 0.0085 0.016888888888888887
0 0.813 0.4737777777777778 0.0065 0.029777777777777778
0 0.8375 0.45644444444444443 0.0085 0.018666666666666668
0 0.301 0.37422222222222223 0.00975 0.015555555555555555
0 0.76175 0.13777777777777778 0.011 0.013777777777777778
0 0.129 0.4275555555555556 0.01175 0.018666666666666668
0 0.89175 0.4671111111111111 0.0095 0.016888888888888887
0 0.6895 0.6666666666666666 0.0095 0.011555555555555555
0 0.805 0.044444444444444446 0.01025 0.016444444444444446
0 0.859 0.9617777777777777 0.01325 0.013333333333333334
0 0.18975 0.2604444444444444 0.0105 0.012444444444444444
0 0.5815 0.8306666666666667 0.00825 0.020888888888888887
0 0.6315 0.36533333333333334 0.01175 0.013777777777777778
0 0.65725 0.33955555555555555 0.009 0.017777777777777778
0 0.923 0.29244444444444445 0.00575 0.02
0 0.94575 0.3022222222222222 0.01225 0.022222222222222223
0 0.209 0.888 0.0155 0.011555555555555555
0 0.252 0.8333333333333334 0.01325 0.012444444444444444
0 0.31875 0.18933333333333333 0.00775 0.028444444444444446
0 0.935 0.4871111111111111 0.0075 0.018666666666666668
0 0.74775 0.1902222222222222 0.01175 0.014666666666666666
0 0.0385 0.16311111111111112 0.009 0.017777777777777778
0 0.847 0.508 0.013 0.018666666666666668
0 0.05625 0.5355555555555556 0.01025 0.016444444444444446
0 0.51325 0.248 0.01025 0.013777777777777778
0 0.2945 0.7675555555555555 0.0085 0.018666666666666668
0 0.337 0.9733333333333334 0.006 0.023555555555555555
0 0.357 0.9653333333333334 0.00775 0.013333333333333334
0 0.9445 0.11555555555555555 0.00775 0.015555555555555555
0 0.3165 0.5777777777777777 0.00675 0.018666666666666668
0 0.9815 0.7662222222222222 0.012 0.012444444444444444
0 0.61925 0.42 0.009 0.02
0 0.75325 0.7773333333333333 0.009 0.019555555555555555
0 0.634 0.656 0.013 0.018222222222222223
0 0.46925 0.484 0.0075 0.016888888888888887
0 0.34325 0.9253333333333333 0.01025 0.011555555555555555
0 0.993 0.9177777777777778 0.00775 0.029333333333333333
0 0.05325 0.564 0.012 0.016888888888888887
0 0.86375 0.7551111111111111 0.00775 0.02
0 0.823 0.144 0.007 0.02
0 0.84125 0.13866666666666666 0.0095 0.020444444444444446
0 0.83775 0.116 0.00975 0.016444444444444446
0 0.097 0.9457777777777778 0.00825 0.023555555555555555
0 0.97625 0.6551111111111111 0.0105 0.016444444444444446
0 0.27875 0.588 0.0075 0.018666666666666668
0 0.4435 0.7128888888888889 0.0075 0.017777777777777778
0 0.41525 0.09288888888888888 0.00575 0.023555555555555555
0 0.4345 0.07377777777777778 0.013 0.014666666666666666
0 0.628 0.9217777777777778 0.00825 0.013777777777777778
0 0.6755 0.18444444444444444 0.011 0.013777777777777778
0 0.71475 0.6853333333333333 0.00825 0.020888888888888887
0 0.1775 0.5631111111111111 0.0075 0.013777777777777778
0 0.6665 0.8586666666666667 0.01025 0.013333333333333334
0 0.26525 0.42088888888888887 0.00625 0.017777777777777778
0 0.21475 0.7697777777777778 0.0085 0.017777777777777778
0 0.43225 0.6351111111111111 0.00825 0.016888888888888887
0 0.05775 0.2431111111111111 0.00775 0.02
0 0.50625 0.9911111111111112 0.0165 0.013333333333333334
0 0.4485 0.39466666666666667 0.0095 0.02266666666666667
0 0.634 0.7266666666666667 0.00625 0.018666666666666668
0 0.46375 0.9435555555555556 0.01375 0.012444444444444444
0 0.01175 0.35555555555555557 0.01175 0.02
0 0.923 0.2751111111111111 0.00775 0.016888888888888887
0 0.92675 0.44133333333333336 0.01125 0.022222222222222223
0 0.927 0.41733333333333333 0.01025 0.012444444444444444
0 0.87025 0.2982222222222222 0.01 0.016444444444444446
0 0.05225 0.22 0.011 0.010666666666666666
0 0.566 0.5555555555555556 0.00775 0.017777777777777778
0 0.5595 0.5502222222222222 0.009 0.014666666666666666
0 0.51775 0.9297777777777778 0.008 0.018222222222222223
0 0.52475 0.9168888888888889 0.00925 0.024
0 0.55675 0.8964444444444445 0.01125 0.017777777777777778
0 0.10475 0.36977777777777776 0.0085 0.017777777777777778
0 0.9 0.848 0.011 0.018666666666666668
0 0.93325 0.8684444444444445 0.01025 0.018666666666666668
0 0.21925 0.04044444444444444 0.00825 0.019555555555555555
0 0.4385 0.5813333333333334 0.0075 0.019555555555555555
0 0.92725 0.808 0.0085 0.015555555555555555
0 0.1435 0.22044444444444444 0.00975 0.013333333333333334
0 0.4615 0.5666666666666667 0.00825 0.020888888888888887
0 0.7835 0.3035555555555556 0.01275 0.012444444444444444
0 0.8035 0.28844444444444445 0.01175 0.014666666666666666
0 0.6895 0.022222222222222223 0.00975 0.012444444444444444
0 0.7035 0.02711111111111111 0.0085 0.021777777777777778
0 0.6995 0.6862222222222222 0.009 0.016888888888888887
0 0.25175 0.26266666666666666 0.009 0.016888888888888887
0 0.15775 0.1671111111111111 0.00775 0.02
0 0.90325 0.38177777777777777 0.0075 0.026222222222222223
0 0.49675 0.3546666666666667 0.0095 0.02666666666666667
0 0.51725 0.33866666666666667 0.007 0.016444444444444446
0 0.076 0.16 0.009 0.020888888888888887
0 0.88325 0.5231111111111111 0.00575 0.024444444444444446
0 0.8875 0.5128888888888888 0.00925 0.013333333333333334
0 0.8955 0.5133333333333333 0.00825 0.017777777777777778
0 0.1885 0.7902222222222223 0.0075 0.024
0 0.1935 0.7977777777777778 0.00675 0.018666666666666668
0 0.08825 0.7257777777777777 0.00775 0.023555555555555555
0 0.7905 0.8204444444444444 0.00825 0.016888888888888887
0 0.731 0.07377777777777778 0.009 0.02311111111111111
0 0.5605 0.8266666666666667 0.00775 0.015555555555555555
0 0.15725 0.48444444444444446 0.00825 0.025333333333333333
0 0.34325 0.3662222222222222 0.00775 0.02
0 0.4155 0.06755555555555555 0.00675 0.017777777777777778
0 0.424 0.029777777777777778 0.00675 0.019555555555555555
0 0.571 0.37422222222222223 0.0085 0.021777777777777778
0 0.68875 0.33155555555555555 0.00825 0.02311111111111111
0 0.5235 0.8346666666666667 0.0095 0.027555555555555555
0 0.958 0.336 0.013 0.013333333333333334
0 0.9635 0.9706666666666667 0.006 0.018666666666666668
0 0.97025 0.9684444444444444 0.00775 0.016888888888888887
0 0.7825 0.10444444444444445 0.0065 0.03244444444444444
0 0.81075 0.05377777777777778 0.01525 0.014666666666666666
0 0.58825 0.7048888888888889 0.012 0.017777777777777778
0 0.33125 0.0951111111111111 0.01175 0.012444444444444444
0 0.7595 0.9684444444444444 0.00975 0.021777777777777778
0 0.08525 0.9235555555555556 0.0095 0.024444444444444446
0 0.03675 0.12666666666666668 0.006 0.026222222222222223
0 0.0155 0.06888888888888889 0.0065 0.03111111111111111
0 0.09225 0.07511111111111111 0.00575 0.02666666666666667
0 0.209 0.18888888888888888 0.0145 0.02311111111111111
0 0.18575 0.3164444444444444 0.0115 0.009333333333333334
0 0.106 0.31377777777777777 0.01225 0.012
0 0.23925 0.5133333333333333 0.006 0.022222222222222223
0 0.3045 0.46444444444444444 0.00525 0.017777777777777778
0 0.32325 0.6222222222222222 0.00625 0.02
0 0.25275 0.8786666666666667 0.006 0.02
0 0.338 0.8911111111111111 0.0085 0.023555555555555555
0 0.3075 0.7924444444444444 0.0115 0.012444444444444444
0 0.0765 0.6462222222222223 0.00525 0.018222222222222223
0 0.03475 0.644 0.01225 0.012
0 0.144 0.7715555555555556 0.01175 0.013333333333333334
0 0.088 0.7022222222222222 0.01 0.016888888888888887
0 0.09875 0.7044444444444444 0.00975 0.012888888888888889
0 0.01625 0.2866666666666667 0.00775 0.02711111111111111
0 0.14825 0.236 0.00775 0.021777777777777778
0 0.1525 0.21511111111111111 0.00575 0.017777777777777778
0 0.37675 0.10488888888888889 0.00775 0.024444444444444446
0 0.31575 0.44355555555555554 0.01 0.012444444444444444
0 0.3415 0.4368888888888889 0.0055 0.022222222222222223
0 0.50925 0.4013333333333333 0.012 0.024
0 0.57475 0.36933333333333335 0.0065 0.022222222222222223
0 0.58075 0.3728888888888889 0.00675 0.023555555555555555
0 0.519 0.2831111111111111 0.00625 0.02311111111111111
0 0.52725 0.2822222222222222 0.007 0.02
0 0.52175 0.25822222222222224 0.00675 0.02666666666666667
0 0.54575 0.21288888888888888 0.00575 0.028
0 0.578 0.13866666666666666 0.00575 0.026222222222222223
0 0.52925 0.007555555555555556 0.0065 0.014222222222222223
0 0.44125 0.2782222222222222 0.00925 0.024
0 0.431 0.11866666666666667 0.00925 0.021333333333333333
0 0.394 0.204 0.01025 0.015555555555555555
0 0.499 0.5893333333333334 0.01175 0.02666666666666667
0 0.5765 0.9048888888888889 0.00525 0.02266666666666667
0 0.4895 0.9635555555555556 0.00875 0.023555555555555555
0 0.472 0.952 0.0075 0.02711111111111111
0 0.45725 0.9071111111111111 0.00575 0.019555555555555555
0 0.414 0.9062222222222223 0.0045 0.018222222222222223
0 0.378 0.6653333333333333 0.01025 0.023555555555555555
0 0.39275 0.7555555555555555 0.007 0.02311111111111111
0 0.34125 0.7128888888888889 0.006 0.017777777777777778
0 0.44525 0.6395555555555555 0.00575 0.017333333333333333
0 0.7515 0.4146666666666667 0.0085 0.01911111111111111
0 0.64425 0.32355555555555554 0.007 0.026222222222222223
0 0.65125 0.064 0.00625 0.020888888888888887
0 0.79475 0.17377777777777778 0.00625 0.026222222222222223
0 0.8425 0.051111111111111114 0.007 0.030666666666666665
0 0.91975 0.06222222222222222 0.00725 0.026222222222222223
0 0.824 0.2528888888888889 0.00975 0.016
0 0.8785 0.5151111111111111 0.00925 0.02
0 0.86325 0.548 0.0075 0.016888888888888887
0 0.8695 0.5715555555555556 0.0045 0.026222222222222223
0 0.81325 0.6342222222222222 0.00575 0.026222222222222223
0 0.95125 0.43066666666666664 0.00575 0.024888888888888887
0 0.69875 0.36177777777777775 0.0065 0.025777777777777778
0 0.73025 0.1511111111111111 0.006 0.02711111111111111
0 0.705 0.04755555555555555 0.006 0.013333333333333334
0 0.93675 0.072 0.01175 0.024444444444444446
0 0.94725 0.092 0.00825 0.016888888888888887
0 0.953 0.6435555555555555 0.00425 0.018666666666666668
0 0.938 0.784 0.00825 0.02311111111111111
0 0.95925 0.7844444444444445 0.009 0.024
0 0.90925 0.9808888888888889 0.00925 0.026222222222222223
0 0.9875 0.7488888888888889 0.00575 0.024
0 0.9245 0.9906666666666667 0.011 0.012888888888888889
0 0.833 0.9444444444444444 0.01025 0.014222222222222223
0 0.72575 0.6755555555555556 0.006 0.020444444444444446
0 0.73125 0.6764444444444444 0.00575 0.026222222222222223
0 0.704 0.752 0.006 0.024
0 0.31575 0.316 0.01125 0.017333333333333333
0 0.89675 0.5013333333333333 0.0065 0.021777777777777778
0 0.7 0.672 0.01 0.023555555555555555
0 0.6785 0.8453333333333334 0.016 0.014222222222222223
0 0.2775 0.7373333333333333 0.00775 0.028
0 0.26775 0.7444444444444445 0.013 0.021777777777777778
0 0.262 0.304 0.007 0.025333333333333333
0 0.30725 0.3711111111111111 0.0075 0.02666666666666667
0 0.16075 0.16666666666666666 0.00575 0.028888888888888888
0 0.015 0.25066666666666665 0.01325 0.013777777777777778
0 0.095 0.568 0.008 0.021777777777777778
0 0.06075 0.7875555555555556 0.0075 0.02266666666666667
0 0.06675 0.7684444444444445 0.00575 0.026222222222222223
0 0.07325 0.7702222222222223 0.00725 0.027555555555555555
0 0.6235 0.9115555555555556 0.0055 0.017333333333333333
0 0.949 0.6986666666666667 0.006 0.020888888888888887
0 0.855 0.15866666666666668 0.00675 0.017333333333333333
0 0.694 0.15733333333333333 0.007 0.025333333333333333
0 0.22075 0.7373333333333333 0.01 0.020888888888888887
0 0.59825 0.8657777777777778 0.007 0.028888888888888888
0 0.3545 0.03111111111111111 0.0125 0.021777777777777778
0 0.27875 0.18844444444444444 0.01025 0.018222222222222223
0 0.1785 0.5493333333333333 0.00975 0.017333333333333333
0 0.29875 0.364 0.009 0.012
0 0.2615 0.832 0.00975 0.015111111111111112
0 0.80575 0.328 0.00675 0.027555555555555555
0 0.68875 0.14933333333333335 0.00625 0.023555555555555555