0 0.971 0.9737777777777777 0.01325 0.016888888888888887
0 0.95725 0.9337777777777778 0.00775 0.024444444444444446
0 0.981 0.8826666666666667 0.009 0.02266666666666667
0 0.96675 0.8351111111111111 0.011 0.021777777777777778
0 0.9435 0.8671111111111112 0.00775 0.029777777777777778
0 0.89825 0.8822222222222222 0.007 0.028444444444444446
0 0.952 0.8057777777777778 0.009 0.023555555555555555
0 0.922 0.8093333333333333 0.011 0.019555555555555555
0 0.932 0.756 0.01225 0.024444444444444446
0 0.89325 0.7537777777777778 0.00875 0.028444444444444446
0 0.86125 0.7648888888888888 0.011 0.020444444444444446
0 0.8335 0.8786666666666667 0.01375 0.017333333333333333
0 0.96825 0.7022222222222222 0.00675 0.019555555555555555
0 0.96625 0.6888888888888889 0.00675 0.016444444444444446
0 0.85 0.708 0.01225 0.016
0 0.86675 0.6604444444444444 0.013 0.025777777777777778
0 0.8205 0.8133333333333334 0.01325 0.014666666666666666
0 0.8215 0.6968888888888889 0.014 0.017333333333333333
0 0.76925 0.7115555555555556 0.01 0.029777777777777778
0 0.80725 0.8973333333333333 0.012 0.02
0 0.807 0.9551111111111111 0.01025 0.017333333333333333
0 0.75975 0.8582222222222222 0.01325 0.02311111111111111
0 0.74775 0.8906666666666667 0.011 0.015111111111111112
0 0.7395 0.8831111111111111 0.0105 0.013333333333333334
0 0.73575 0.9026666666666666 0.01375 0.02
0 0.6845 0.9048888888888889 0.01475 0.024
0 0.68225 0.8871111111111111 0.013 0.01911111111111111
0 0.72525 0.9595555555555556 0.01375 0.018666666666666668
0 0.7235 0.976 0.0175 0.015111111111111112
0 0.6705 0.8164444444444444 0.0085 0.03422222222222222
0 0.6775 0.732 0.009 0.02711111111111111
0 0.69175 0.7062222222222222 0.011 0.014666666666666666
0 0.67525 0.7071111111111111 0.00975 0.02311111111111111
0 0.68225 0.716 0.01125 0.010666666666666666
0 0.6825 0.7031111111111111 0.00725 0.017333333333333333
0 0.65325 0.792 0.01 0.029777777777777778
0 0.619 0.7942222222222223 0.01125 0.025777777777777778
0 0.60575 0.8648888888888889 0.0165 0.015111111111111112
0 0.572 0.9151111111111111 0.009 0.01911111111111111
0 0.5375 0.9226666666666666 0.013 0.025777777777777778
0 0.5135 0.9671111111111111 0.0125 0.024888888888888887
0 0.488 0.9328888888888889 0.009 0.02666666666666667
0 0.5675 0.8848888888888888 0.00975 0.020888888888888887
0 0.56075 0.8782222222222222 0.00875 0.016
0 0.54225 0.852 0.00875 0.028
0 0.57625 0.7844444444444445 0.011 0.023555555555555555
0 0.56475 0.7844444444444445 0.0115 0.023555555555555555
0 0.51775 0.7146666666666667 0.0145 0.016444444444444446
0 0.566 0.6804444444444444 0.01825 0.014666666666666666
0 0.49175 0.82 0.01225 0.017333333333333333
0 0.47475 0.9097777777777778 0.00975 0.029777777777777778
0 0.4625 0.8711111111111111 0.0115 0.016444444444444446
0 0.45425 0.8751111111111111 0.01225 0.018666666666666668
0 0.4555 0.7968888888888889 0.0095 0.03111111111111111
0 0.98775 0.6764444444444444 0.00875 0.025777777777777778
0 0.992 0.6591111111111111 0.008 0.02311111111111111
0 0.997 0.6684444444444444 0.005 0.025333333333333333
0 0.91275 0.6413333333333333 0.01075 0.015555555555555555
0 0.94175 0.6146666666666667 0.0085 0.028444444444444446
0 0.9285 0.6004444444444444 0.0085 0.028
0 0.95525 0.6084444444444445 0.01325 0.02
0 0.96625 0.5666666666666667 0.008 0.028444444444444446
0 0.96825 0.5306666666666666 0.008 0.028
0 0.984 0.5337777777777778 0.01075 0.016444444444444446
0 0.9855 0.45022222222222225 0.01475 0.020444444444444446
0 0.947 0.5097777777777778 0.01375 0.016
0 0.929 0.4688888888888889 0.0115 0.023555555555555555
0 0.91625 0.468 0.00925 0.030666666666666665
0 0.9665 0.408 0.0105 0.02666666666666667
0 0.938 0.3942222222222222 0.00925 0.024888888888888887
0 0.88025 0.49066666666666664 0.0125 0.02
0 0.8645 0.4782222222222222 0.0095 0.02311111111111111
0 0.856 0.4315555555555556 0.01625 0.015111111111111112
0 0.78075 0.5724444444444444 0.0085 0.027555555555555555
0 0.7795 0.4991111111111111 0.007 0.021777777777777778
0 0.7825 0.48488888888888887 0.01 0.012888888888888889
0 0.79875 0.4053333333333333 0.01475 0.016444444444444446
0 0.75575 0.48977777777777776 0.00925 0.024444444444444446
0 0.7005 0.5986666666666667 0.0065 0.026222222222222223
0 0.722 0.5226666666666666 0.0125 0.017777777777777778
0 0.71925 0.5124444444444445 0.00725 0.01911111111111111
0 0.7385 0.47333333333333333 0.01075 0.02
0 0.7315 0.47555555555555556 0.0115 0.020444444444444446
0 0.8125 0.36088888888888887 0.00975 0.028
0 0.738 0.3551111111111111 0.012 0.020888888888888887
0 0.722 0.3382222222222222 0.0165 0.017333333333333333
0 0.698 0.38177777777777777 0.01 0.025777777777777778
0 0.68625 0.35644444444444445 0.01275 0.015111111111111112
0 0.676 0.6475555555555556 0.01 0.024
0 0.537 0.6217777777777778 0.00875 0.019555555555555555
0 0.512 0.6173333333333333 0.0075 0.025777777777777778
0 0.64725 0.608 0.00625 0.023555555555555555
0 0.64825 0.5822222222222222 0.00825 0.024
0 0.6585 0.5484444444444444 0.00775 0.024444444444444446
0 0.6075 0.5413333333333333 0.00625 0.028
0 0.586 0.5417777777777778 0.01275 0.021777777777777778
0 0.56175 0.5431111111111111 0.0085 0.02711111111111111
0 0.63975 0.45911111111111114 0.0135 0.021333333333333333
0 0.6395 0.4408888888888889 0.01 0.02311111111111111
0 0.63975 0.3973333333333333 0.0105 0.02666666666666667
0 0.6325 0.3982222222222222 0.0065 0.017333333333333333
0 0.60175 0.4026666666666667 0.0095 0.021777777777777778
0 0.60325 0.4742222222222222 0.0095 0.023555555555555555
0 0.57525 0.42488888888888887 0.0115 0.017333333333333333
0 0.57075 0.43822222222222224 0.0115 0.017777777777777778
0 0.549 0.46044444444444443 0.0085 0.03244444444444444
0 0.5385 0.45511111111111113 0.00975 0.02666666666666667
0 0.521 0.4831111111111111 0.00925 0.029333333333333333
0 0.5505 0.5866666666666667 0.01475 0.023555555555555555
0 0.5265 0.37644444444444447 0.00875 0.025777777777777778
0 0.51125 0.38177777777777777 0.01025 0.020888888888888887
0 0.56675 0.3511111111111111 0.0155 0.015111111111111112
0 0.49825 0.3417777777777778 0.01125 0.028444444444444446
0 0.9285 0.31422222222222224 0.0125 0.01911111111111111
0 0.9155 0.3035555555555556 0.0145 0.016444444444444446
0 0.97225 0.2986666666666667 0.01575 0.015555555555555555
0 0.9865 0.24533333333333332 0.0085 0.026222222222222223
0 0.8805 0.2906666666666667 0.0135 0.02311111111111111
0 0.903 0.2813333333333333 0.0145 0.015111111111111112
0 0.9565 0.14133333333333334 0.01825 0.02
0 0.924 0.12088888888888889 0.01225 0.023555555555555555
0 0.996 0.024888888888888887 0.008 0.024888888888888887
0 0.84475 0.2 0.01225 0.012444444444444444
0 0.8375 0.17555555555555555 0.011 0.026222222222222223
0 0.813 0.20355555555555555 0.01625 0.018222222222222223
0 0.79025 0.17644444444444443 0.00925 0.029777777777777778
0 0.77575 0.16044444444444445 0.01325 0.021777777777777778
0 0.8845 0.007555555555555556 0.0105 0.014666666666666666
0 0.7755 0.017333333333333333 0.012 0.016
0 0.703 0.10355555555555555 0.00925 0.025777777777777778
0 0.6875 0.05333333333333334 0.01 0.029777777777777778
0 0.6665 0.06622222222222222 0.01125 0.033777777777777775
0 0.67425 0.06488888888888888 0.00875 0.025333333333333333
0 0.6475 0.1328888888888889 0.01 0.026222222222222223
0 0.66 0.17866666666666667 0.00975 0.02
0 0.679 0.2693333333333333 0.01 0.018666666666666668
0 0.679 0.24444444444444444 0.00875 0.02266666666666667
0 0.67125 0.22977777777777778 0.0135 0.01911111111111111
0 0.63025 0.2564444444444444 0.0085 0.02266666666666667
0 0.64125 0.292 0.0115 0.015111111111111112
0 0.634 0.30577777777777776 0.00875 0.014666666666666666
0 0.6205 0.13244444444444445 0.01625 0.016444444444444446
0 0.5935 0.15511111111111112 0.012 0.021777777777777778
0 0.588 0.20355555555555555 0.00725 0.02666666666666667
0 0.56925 0.21822222222222223 0.01075 0.021333333333333333
0 0.5445 0.2288888888888889 0.01 0.029777777777777778
0 0.59375 0.10622222222222222 0.0115 0.028444444444444446
0 0.57725 0.09333333333333334 0.00775 0.030666666666666665
0 0.564 0.05733333333333333 0.0065 0.029777777777777778
0 0.51325 0.10311111111111111 0.00875 0.029333333333333333
0 0.5085 0.14666666666666667 0.01075 0.030666666666666665
0 0.5095 0.25555555555555554 0.0085 0.032
0 0.48725 0.23022222222222222 0.0095 0.024
0 0.49375 0.3111111111111111 0.00975 0.017333333333333333
0 0.4855 0.30266666666666664 0.009 0.018666666666666668
0 0.48325 0.32844444444444443 0.00975 0.025777777777777778
0 0.4675 0.3471111111111111 0.01625 0.017777777777777778
0 0.93875 0.7862222222222223 0.0085 0.017777777777777778
0 0.94725 0.7795555555555556 0.00875 0.017333333333333333
0 0.9865 0.9226666666666666 0.01025 0.021333333333333333
0 0.86525 0.9408888888888889 0.007 0.023555555555555555
0 0.868 0.964 0.0125 0.013333333333333334
0 0.8725 0.9551111111111111 0.011 0.017333333333333333
0 0.8755 0.944 0.00975 0.016888888888888887
0 0.7605 0.9724444444444444 0.0145 0.021333333333333333
0 0.75175 0.9946666666666667 0.01075 0.010666666666666666
0 0.7435 0.9773333333333334 0.01275 0.017333333333333333
0 0.756 0.9804444444444445 0.01125 0.016
0 0.499 0.8853333333333333 0.018 0.017333333333333333
0 0.37375 0.9871111111111112 0.0125 0.016
0 0.326 0.9786666666666667 0.015 0.017333333333333333
0 0.32525 0.94 0.0075 0.029777777777777778
0 0.31625 0.9284444444444444 0.0075 0.026222222222222223
0 0.3655 0.924 0.011 0.016
0 0.37475 0.9164444444444444 0.00925 0.018666666666666668
0 0.26 0.9897777777777778 0.00975 0.020444444444444446
0 0.25925 0.9688888888888889 0.00675 0.021333333333333333
0 0.22475 0.98 0.01325 0.023555555555555555
0 0.07575 0.9693333333333334 0.01425 0.016
0 0.147 0.9497777777777778 0.00925 0.028
0 0.13725 0.9355555555555556 0.012 0.020888888888888887
0 0.13 0.9208888888888889 0.01 0.016444444444444446
0 0.1555 0.9288888888888889 0.00975 0.018222222222222223
0 0.1785 0.9293333333333333 0.0085 0.030222222222222223
0 0.206 0.916 0.01075 0.023555555555555555
0 0.1565 0.9022222222222223 0.01 0.015111111111111112
0 0.161 0.896 0.011 0.020888888888888887
0 0.2085 0.8577777777777778 0.01025 0.016444444444444446
0 0.2055 0.8417777777777777 0.0095 0.012
0 0.201 0.8302222222222222 0.01575 0.013333333333333334
0 0.37275 0.8097777777777778 0.00925 0.030666666666666665
0 0.33025 0.7386666666666667 0.012 0.017777777777777778
0 0.39475 0.6862222222222222 0.00725 0.028444444444444446
0 0.44075 0.7408888888888889 0.0115 0.013333333333333334
0 0.4735 0.6457777777777778 0.0115 0.015111111111111112
0 0.25675 0.764 0.0145 0.019555555555555555
0 0.269 0.6977777777777778 0.01375 0.016888888888888887
0 0.16875 0.7791111111111111 0.01325 0.023555555555555555
0 0.157 0.812 0.0145 0.022222222222222223
0 0.12 0.8106666666666666 0.01075 0.02711111111111111
0 0.11625 0.7737777777777778 0.0085 0.028888888888888888
0 0.0785 0.796 0.01075 0.02266666666666667
0 0.013 0.8235555555555556 0.00875 0.02
0 0.0115 0.7928888888888889 0.01375 0.016
0 0.05125 0.7293333333333333 0.01075 0.01911111111111111
0 0.2145 0.6524444444444445 0.015 0.024
0 0.1885 0.6151111111111112 0.01475 0.017333333333333333
0 0.17925 0.5964444444444444 0.009 0.017333333333333333
0 0.17625 0.5795555555555556 0.0095 0.014666666666666666
0 0.14125 0.62 0.006 0.017333333333333333
0 0.08275 0.6751111111111111 0.01575 0.014666666666666666
0 0.083 0.6435555555555555 0.01275 0.021777777777777778
0 0.07625 0.6151111111111112 0.0085 0.02266666666666667
0 0.06725 0.6 0.00975 0.016
0 0.0625 0.6088888888888889 0.01825 0.02311111111111111
0 0.0045 0.5946666666666667 0.009 0.017777777777777778
0 0.0045 0.6915555555555556 0.009 0.015555555555555555
0 0.21625 0.6866666666666666 0.006 0.023555555555555555
0 0.14825 0.5257777777777778 0.00675 0.025777777777777778
0 0.154 0.5142222222222222 0.0075 0.024
0 0.12675 0.5697777777777778 0.01425 0.014222222222222223
0 0.113 0.5591111111111111 0.00925 0.026222222222222223
0 0.4255 0.5657777777777778 0.0145 0.019555555555555555
0 0.37075 0.5551111111111111 0.00825 0.032
0 0.301 0.5697777777777778 0.0095 0.027555555555555555
0 0.2355 0.5391111111111111 0.01275 0.028444444444444446
0 0.13125 0.8435555555555555 0.007 0.022222222222222223
0 0.04925 0.4751111111111111 0.01375 0.014222222222222223
0 0.025 0.5106666666666667 0.01375 0.015111111111111112
0 0.37575 0.5004444444444445 0.01175 0.02
0 0.36025 0.5004444444444445 0.01375 0.017777777777777778
0 0.37075 0.47555555555555556 0.00975 0.027555555555555555
0 0.30225 0.47244444444444444 0.01225 0.021777777777777778
0 0.26275 0.4622222222222222 0.01275 0.015555555555555555
0 0.216 0.4671111111111111 0.01175 0.021777777777777778
0 0.21225 0.4448888888888889 0.014 0.016444444444444446
0 0.42675 0.40355555555555556 0.01175 0.015555555555555555
0 0.4185 0.39911111111111114 0.0105 0.020444444444444446
0 0.374 0.416 0.011 0.024444444444444446
0 0.2755 0.37466666666666665 0.00825 0.022222222222222223
0 0.26025 0.36844444444444446 0.00875 0.020888888888888887
0 0.1135 0.3506666666666667 0.01375 0.015555555555555555
0 0.05575 0.2982222222222222 0.01075 0.01911111111111111
0 0.069 0.2431111111111111 0.01325 0.02
0 0.20125 0.2608888888888889 0.008 0.02666666666666667
0 0.19425 0.2511111111111111 0.008 0.021777777777777778
0 0.24975 0.2328888888888889 0.01 0.021777777777777778
0 0.434 0.28755555555555556 0.0085 0.027555555555555555
0 0.40825 0.31422222222222224 0.01675 0.014666666666666666
0 0.38575 0.3048888888888889 0.01075 0.017333333333333333
0 0.32 0.2946666666666667 0.00925 0.024444444444444446
0 0.3075 0.27111111111111114 0.012 0.022222222222222223
0 0.3935 0.272 0.01275 0.015111111111111112
0 0.3735 0.24444444444444444 0.0065 0.030222222222222223
0 0.35325 0.2262222222222222 0.00925 0.016888888888888887
0 0.42625 0.22666666666666666 0.00975 0.025333333333333333
0 0.29625 0.21911111111111112 0.008 0.029333333333333333
0 0.198 0.1968888888888889 0.01375 0.017333333333333333
0 0.14475 0.15644444444444444 0.00925 0.02666666666666667
0 0.094 0.11822222222222223 0.0085 0.028
0 0.03675 0.12088888888888889 0.01 0.025777777777777778
0 0.0535 0.20533333333333334 0.00775 0.03244444444444444
0 0.04425 0.19822222222222222 0.01175 0.01911111111111111
0 0.01825 0.17777777777777778 0.00925 0.022222222222222223
0 0.266 0.41555555555555557 0.01075 0.021333333333333333
0 0.2725 0.41555555555555557 0.01 0.030222222222222223
0 0.19025 0.15511111111111112 0.011 0.026222222222222223
0 0.176 0.13422222222222221 0.00975 0.021777777777777778
0 0.03625 0.052 0.01775 0.017333333333333333
0 0.01 0.009333333333333334 0.0135 0.018666666666666668
0 0.25575 0.08222222222222222 0.00775 0.026222222222222223
0 0.2645 0.08711111111111111 0.01375 0.016
0 0.3215 0.10577777777777778 0.015 0.015111111111111112
0 0.3455 0.088 0.0125 0.014222222222222223
0 0.42725 0.176 0.0165 0.01911111111111111
0 0.45575 0.15333333333333332 0.0115 0.016888888888888887
0 0.45325 0.13422222222222221 0.01075 0.021777777777777778
0 0.45875 0.06666666666666667 0.01 0.030666666666666665
0 0.43675 0.03288888888888889 0.01175 0.01911111111111111
0 0.41275 0.051555555555555556 0.00975 0.024444444444444446
0 0.37125 0.068 0.01075 0.020888888888888887
0 0.35425 0.06355555555555556 0.0125 0.01911111111111111
0 0.361 0.043111111111111114 0.0125 0.023555555555555555
0 0.3305 0.008 0.014 0.016
0 0.31275 0.5284444444444445 0.01175 0.020444444444444446
0 0.19475 0.8426666666666667 0.0125 0.016888888888888887